is_hallucination,L0_HFER,L0_Fiedler,L0_Smoothness,L0_Entropy,L1_HFER,L1_Fiedler,L1_Smoothness,L1_Entropy,L2_HFER,L2_Fiedler,L2_Smoothness,L2_Entropy,L3_HFER,L3_Fiedler,L3_Smoothness,L3_Entropy,L4_HFER,L4_Fiedler,L4_Smoothness,L4_Entropy,L5_HFER,L5_Fiedler,L5_Smoothness,L5_Entropy,L6_HFER,L6_Fiedler,L6_Smoothness,L6_Entropy,L7_HFER,L7_Fiedler,L7_Smoothness,L7_Entropy,L8_HFER,L8_Fiedler,L8_Smoothness,L8_Entropy,L9_HFER,L9_Fiedler,L9_Smoothness,L9_Entropy,L10_HFER,L10_Fiedler,L10_Smoothness,L10_Entropy,L11_HFER,L11_Fiedler,L11_Smoothness,L11_Entropy,L12_HFER,L12_Fiedler,L12_Smoothness,L12_Entropy,L13_HFER,L13_Fiedler,L13_Smoothness,L13_Entropy,L14_HFER,L14_Fiedler,L14_Smoothness,L14_Entropy,L15_HFER,L15_Fiedler,L15_Smoothness,L15_Entropy,L16_HFER,L16_Fiedler,L16_Smoothness,L16_Entropy,L17_HFER,L17_Fiedler,L17_Smoothness,L17_Entropy,L18_HFER,L18_Fiedler,L18_Smoothness,L18_Entropy,L19_HFER,L19_Fiedler,L19_Smoothness,L19_Entropy,L20_HFER,L20_Fiedler,L20_Smoothness,L20_Entropy,L21_HFER,L21_Fiedler,L21_Smoothness,L21_Entropy,L22_HFER,L22_Fiedler,L22_Smoothness,L22_Entropy,L23_HFER,L23_Fiedler,L23_Smoothness,L23_Entropy
0,0.028020286932587624,0.2626646,0.7528482865268643,2.762485980987549,0.0029177439864724874,0.1504464,0.5531719056812232,2.0291426181793213,0.0001336721470579505,0.12321781,0.31710560851079284,1.035376787185669,0.12744556367397308,0.32460186,0.9685928979595787,1.8326122760772705,0.182954803109169,0.24797386,0.9537413337783084,1.6969993114471436,0.10608769208192825,0.34964558,0.9445616427186223,1.4700249433517456,0.2275836169719696,0.28770128,0.9614563747145908,1.990469217300415,0.12646502256393433,0.2452337,0.9446681356215693,1.7521491050720215,0.3080418109893799,0.18849367,0.9698725578691547,1.3207498788833618,0.08470535278320312,0.35634795,0.9951782048576285,1.9907746315002441,0.19045846164226532,0.2765171,0.9831139493579976,1.9817854166030884,0.10107949376106262,0.443878,1.0145942733801696,2.095571279525757,0.20254318416118622,0.22592284,0.9765415900280577,2.2657532691955566,0.09901603311300278,0.25167394,0.989910232987201,1.9785995483398438,0.20266996324062347,0.24300039,0.9788502795254548,1.8723630905151367,0.18626777827739716,0.31139332,0.9856311336842044,2.0493807792663574,0.13463769853115082,0.37388313,1.0114965910567248,2.493344306945801,0.15293945372104645,0.4563974,0.9447444010996506,2.3002073764801025,0.15412743389606476,0.5112809,0.9318456856687704,2.0360138416290283,0.18642930686473846,0.3334966,0.9538139574812318,1.965138554573059,0.2284044474363327,0.44610372,0.8909536005809658,2.598747491836548,0.5149964094161987,0.47122473,0.4852772727631458,2.222674608230591,0.24261236190795898,0.21400084,0.40386021352254564,2.2747504711151123,0.13615043461322784,0.19955753,0.6551479371964645,3.228515148162842
1,0.04708051681518555,0.24957038,0.7451403116831326,3.1534931659698486,0.029150383546948433,0.20303585,0.5762912616128522,2.4071836471557617,0.00029504887061193585,0.15144187,0.3136934288310443,1.693123698234558,0.10102507472038269,0.44422394,0.9652571648771056,1.506577730178833,0.1673162281513214,0.37263423,0.9518567423714248,1.6806010007858276,0.08746881037950516,0.45425898,0.9494253955352562,1.70684015750885,0.24141359329223633,0.34217188,0.9521468927661627,1.6729481220245361,0.08437076956033707,0.3953833,0.9500364897331196,1.5624717473983765,0.2617475390434265,0.21930212,0.9571755044348897,1.6595911979675293,0.06996195018291473,0.49384287,0.9757630503687156,1.937200903892517,0.1457916796207428,0.36581486,0.9717672389524693,1.9509403705596924,0.06770883500576019,0.5474227,0.9809680227229288,2.2092816829681396,0.1725447177886963,0.30943927,0.9686620514668709,1.983734369277954,0.08712683618068695,0.38351426,0.9778759761120556,1.661084532737732,0.15434756875038147,0.30508056,0.9647110406895658,1.8932909965515137,0.13367436826229095,0.35701627,0.9638291695825308,2.255669116973877,0.04707605764269829,0.420636,0.983878048930095,2.494967460632324,0.12207872420549393,0.45236996,0.9385941206361759,2.0525214672088623,0.14059536159038544,0.46175644,0.9222298159546742,1.5327643156051636,0.2058114856481552,0.31772068,0.9315691300266139,1.7588812112808228,0.20981188118457794,0.50171334,0.8974466358601847,2.417020320892334,0.5084292888641357,0.48903388,0.4606481620497781,2.0658226013183594,0.19407542049884796,0.17304187,0.3254172672529238,2.2159688472747803,0.1619231253862381,0.138222,0.5457558540156411,2.998659133911133
0,0.04461124911904335,0.27910453,0.7373527715685395,3.0579309463500977,0.017387378960847855,0.16179231,0.5523387860660084,2.2271852493286133,0.0006473363609984517,0.14698844,0.31633052228148434,1.3373457193374634,0.11747041344642639,0.35844722,0.9666065361387922,1.5969334840774536,0.2000206708908081,0.27377707,0.95192928339126,1.9310671091079712,0.12162550538778305,0.39407533,0.950644219138901,1.6842153072357178,0.21430718898773193,0.330414,0.9598062369756625,2.019014358520508,0.11869970709085464,0.2584363,0.9558303745829642,1.7409615516662598,0.3020487129688263,0.20143816,0.9640917403789865,1.4298582077026367,0.06620345264673233,0.47500053,0.9849984558061571,2.2235829830169678,0.1721426099538803,0.3141912,0.9743022404077792,1.7393447160720825,0.08000291138887405,0.5231169,0.9983163170956693,2.0336718559265137,0.1585639864206314,0.2653127,0.9712914314405312,2.0333194732666016,0.0872647762298584,0.39992604,0.9842265903386757,2.2928264141082764,0.17517393827438354,0.28455463,0.9700368086777706,1.959921956062317,0.17527009546756744,0.31801885,0.9772886943802747,2.1735687255859375,0.06452887505292892,0.41238904,1.0085879821292707,2.0914523601531982,0.12932303547859192,0.46282735,0.9506338216977603,1.978126049041748,0.11101298034191132,0.46143025,0.9413157734922625,1.9161441326141357,0.14323247969150543,0.31934392,0.9627438752199144,1.9562327861785889,0.19024229049682617,0.5212674,0.9114629801685016,2.5551204681396484,0.5427066683769226,0.4695262,0.4832422798518503,2.0781333446502686,0.22710351645946503,0.18059275,0.38624941132926094,2.3646631240844727,0.14997774362564087,0.15365857,0.6682633478985726,3.3655874729156494
0,0.0559072308242321,0.21620107,0.7360652161850331,3.2121801376342773,0.018135201185941696,0.16643453,0.5467978970118997,2.4284181594848633,0.0005175282713025808,0.14081757,0.31899406333475117,1.4874484539031982,0.11376136541366577,0.36756477,0.9644347998309684,1.8969422578811646,0.21119149029254913,0.28562358,0.9469307689702453,2.0810859203338623,0.09012459963560104,0.4072799,0.948390917522046,1.5629795789718628,0.21734406054019928,0.34499907,0.9557598562269146,1.698744773864746,0.10537423938512802,0.2746317,0.9547965462554403,1.9714394807815552,0.2683093249797821,0.21470296,0.9601825559717582,1.4365930557250977,0.04837076738476753,0.5135012,0.9793984079708327,2.2003679275512695,0.1738918125629425,0.32235926,0.9710240813869494,1.8621307611465454,0.08402836322784424,0.5733535,0.995028200584134,2.252332925796509,0.16223031282424927,0.28383267,0.9684574061541887,2.0611753463745117,0.078220896422863,0.41772085,0.9829863074148351,2.1810877323150635,0.1277087777853012,0.29145822,0.9686861647216841,2.0778956413269043,0.14569935202598572,0.35208648,0.9754916901956958,2.1229186058044434,0.04999193176627159,0.39994997,1.0088737032818813,2.0884783267974854,0.09905538707971573,0.48435828,0.9604750623198678,2.3253681659698486,0.08733624964952469,0.50343484,0.9534892830165257,2.037169933319092,0.12383656203746796,0.36446473,0.971676170109464,1.9358782768249512,0.12526780366897583,0.52215827,0.9286239250598697,2.419719696044922,0.5173957943916321,0.4771427,0.4818365624022014,2.2595770359039307,0.21563242375850677,0.16871302,0.39274613671553993,2.4047579765319824,0.13921980559825897,0.14206497,0.6799346278975194,3.4503135681152344
0,0.05310553312301636,0.21180505,0.7365437912473415,3.237154006958008,0.025466248393058777,0.16726425,0.5509745882063076,2.443852186203003,0.000536598265171051,0.14242698,0.3126826461089759,1.6752883195877075,0.10234596580266953,0.36213002,0.9634728793852363,1.7558391094207764,0.17938768863677979,0.28787336,0.9468907645407167,2.1117331981658936,0.10453442484140396,0.41726997,0.951133347748623,1.9761228561401367,0.18157996237277985,0.34761453,0.9525180158000606,2.2086594104766846,0.1143859326839447,0.28562763,0.9544177156287692,1.8982881307601929,0.2962370216846466,0.19682379,0.9558162832441337,1.500693917274475,0.061028268188238144,0.49460265,0.9805551634577381,1.920814871788025,0.1788550764322281,0.30542204,0.9674701805679061,1.5934251546859741,0.06605730950832367,0.5158002,0.9936656220870655,2.296118974685669,0.16341733932495117,0.27584785,0.9659786391079958,1.8345892429351807,0.07639402896165848,0.41513038,0.9814330082877167,2.119687557220459,0.13083210587501526,0.2729217,0.9632039663158697,2.292477607727051,0.15248268842697144,0.33062348,0.9711562425379864,2.1430273056030273,0.03840690851211548,0.40356705,0.9984356630159025,2.01229190826416,0.07936573028564453,0.4535504,0.9559888963497152,2.0856475830078125,0.08796033263206482,0.4901219,0.9458675536203813,1.8081495761871338,0.12252090126276016,0.3519481,0.9647004813838556,2.0328104496002197,0.15174467861652374,0.5029381,0.9227788491861779,2.5445237159729004,0.5146069526672363,0.50329155,0.4827616849612039,2.338165760040283,0.20958217978477478,0.17668861,0.3921033899486683,2.395866870880127,0.1355780065059662,0.13815942,0.6774827723077941,3.4527552127838135
0,0.04244177043437958,0.23548792,0.7339402454429667,3.11421799659729,0.01465671882033348,0.1741856,0.5438233793633497,2.26440167427063,0.0004120867233723402,0.1481611,0.3132923504845458,1.3875303268432617,0.10232428461313248,0.35116866,0.9660973548041969,1.8697402477264404,0.22017483413219452,0.2777402,0.9493009092309266,1.816963791847229,0.10423503071069717,0.41103926,0.9495187480220207,1.8853209018707275,0.18920020759105682,0.31993586,0.9566159243692532,2.041220188140869,0.12146690487861633,0.28327486,0.9548541460515712,1.981616497039795,0.2842237055301666,0.20271951,0.9594717810088705,1.77865731716156,0.06593016535043716,0.48628575,0.9832615427392397,1.8817533254623413,0.17669950425624847,0.31054762,0.9715363136464892,1.640491008758545,0.06625562906265259,0.5807524,0.9997264629715082,2.0056653022766113,0.18704327940940857,0.27742976,0.9693198196238327,2.3180034160614014,0.07922811061143875,0.41171232,0.9844856533625332,2.4231889247894287,0.1483691930770874,0.28771496,0.9694511899698981,2.3600518703460693,0.16586586833000183,0.33079368,0.9783192908107947,1.9260079860687256,0.05660765618085861,0.4028182,1.0050508785308776,2.1468913555145264,0.10119560360908508,0.4844992,0.9571086554822382,2.0129504203796387,0.10371213406324387,0.468906,0.9500966691648824,1.9654920101165771,0.1388651430606842,0.3463621,0.9707630697994556,1.968875765800476,0.1748465895652771,0.53402996,0.9244173502443904,2.5833146572113037,0.5538625121116638,0.47931227,0.4827941919845886,2.1068549156188965,0.2570410668849945,0.18877833,0.39530144491352576,2.3491458892822266,0.14704713225364685,0.15678883,0.6847091825958637,3.438847541809082
0,0.03319236636161804,0.25933373,0.7426231388400658,3.1086084842681885,0.019252343103289604,0.15380447,0.5538331858966066,2.251861810684204,0.0006028684438206255,0.14508803,0.31820058492322173,1.3356202840805054,0.11532223969697952,0.35391054,0.967230345453959,1.760596513748169,0.18894290924072266,0.26279002,0.9501242098206031,1.960629940032959,0.0986146628856659,0.37905246,0.947006888653303,1.5140628814697266,0.23714579641819,0.27071396,0.9561239487889847,1.718818187713623,0.11389057338237762,0.25698677,0.9505120403325416,1.8677396774291992,0.2934274971485138,0.17332263,0.9606985059631942,1.557152509689331,0.06071532890200615,0.4550903,0.9862731511679773,1.8194117546081543,0.16828791797161102,0.2673636,0.973904630304025,1.6559425592422485,0.11260449141263962,0.44564956,1.0048862985122617,2.0567667484283447,0.16224202513694763,0.24118724,0.9714085350982521,2.0249955654144287,0.0862935334444046,0.37508243,0.9899480179427164,2.2182154655456543,0.15908437967300415,0.21482801,0.9730992698462017,2.411539077758789,0.16633723676204681,0.29811215,0.9807193080311357,2.066612958908081,0.058397408574819565,0.41001225,1.0106555456503479,1.7239789962768555,0.09736284613609314,0.45723394,0.9541078906599857,2.030463457107544,0.11646518111228943,0.43879285,0.9476770099337212,1.8502384424209595,0.14358404278755188,0.32991776,0.9668626314325428,1.8761529922485352,0.1889185756444931,0.4975092,0.9174032415952269,2.366600513458252,0.5511375665664673,0.4697526,0.5131930595183009,2.1823296546936035,0.23750430345535278,0.18689045,0.4024442138611982,2.4521677494049072,0.13289044797420502,0.16147873,0.6727844423714234,3.3610754013061523
0,0.04703407734632492,0.2696855,0.7392469362942108,2.6230759620666504,0.00529520446434617,0.15524428,0.5477234564486727,1.841901183128357,0.00023783360666129738,0.11835519,0.3165177286163051,1.038698673248291,0.11318396031856537,0.33914956,0.9670249535798112,1.8374873399734497,0.18087992072105408,0.24597923,0.9537502747416463,1.9793838262557983,0.1213371604681015,0.37618822,0.9434123353937156,1.5246671438217163,0.25433558225631714,0.27078372,0.9669392168217351,1.7574028968811035,0.14595423638820648,0.22957703,0.9554558449920592,1.53160560131073,0.29614460468292236,0.17026241,0.9740580461849198,1.4777908325195312,0.09376449137926102,0.44749972,1.0057693861221377,2.352640151977539,0.1830158829689026,0.29616928,0.9891899544194195,1.9366358518600464,0.11446873098611832,0.49029312,1.021189647917882,2.2465436458587646,0.2183232307434082,0.2565275,0.9849254873600557,2.1432836055755615,0.11552443355321884,0.4124369,0.9935491062474736,2.1326637268066406,0.2082759290933609,0.2977303,0.9797323409586437,2.1823692321777344,0.21738393604755402,0.3177439,0.9887948997843549,1.855194330215454,0.16674788296222687,0.38321796,1.0145942341965828,2.3594281673431396,0.21755455434322357,0.45472145,0.9471169303926544,1.9734930992126465,0.17629922926425934,0.47049674,0.9360055436558974,2.0886635780334473,0.20741701126098633,0.3218258,0.9630814498548876,1.7560384273529053,0.2858988046646118,0.5168106,0.9021731787586327,2.440054178237915,0.5958234667778015,0.5249539,0.4775677288187283,1.9259179830551147,0.2698497176170349,0.20940295,0.3928877904324798,2.201221466064453,0.16552956402301788,0.20087628,0.6604760830423841,3.3236963748931885
0,0.03922555595636368,0.25524345,0.7297064912713691,2.8140828609466553,0.01374238170683384,0.14486532,0.5329682756499318,1.9421709775924683,0.0003332950873300433,0.13400692,0.3125945453106491,1.2825756072998047,0.12255779653787613,0.35112324,0.968958036556168,1.70947265625,0.19101078808307648,0.28751945,0.9549214199636256,2.037309169769287,0.10414651036262512,0.4162117,0.9489959941586539,1.8185386657714844,0.2409643679857254,0.33243912,0.9648242192341531,1.8561714887619019,0.1305217742919922,0.25773513,0.9581291013909032,1.8636255264282227,0.2646973729133606,0.20438369,0.9714307910488065,1.6624722480773926,0.09672845900058746,0.44721708,0.9972337455764438,1.967583417892456,0.1888768970966339,0.31481308,0.9825156417231806,1.9402626752853394,0.09448548406362534,0.55193937,1.017908624547312,2.078763961791992,0.18734726309776306,0.2731026,0.9809611439173085,2.1305980682373047,0.08774128556251526,0.38406825,0.9873120747067126,2.1264517307281494,0.17651794850826263,0.25380307,0.9755682802082947,2.0845999717712402,0.20790129899978638,0.31275922,0.9876883673939494,1.9426686763763428,0.12128141522407532,0.38201386,1.0197608518720098,2.3575222492218018,0.1767912209033966,0.46171668,0.9530605051015967,1.868944764137268,0.13448698818683624,0.45410535,0.9490539567497573,1.9301857948303223,0.17545481026172638,0.34290653,0.9759330919592853,1.738586664199829,0.25148478150367737,0.4842356,0.912252905303405,2.467072010040283,0.6014562845230103,0.4523697,0.4771070435557881,1.9506385326385498,0.233193501830101,0.19647461,0.39230370848077534,2.287412643432617,0.14980646967887878,0.17513335,0.6852345224183226,3.414207696914673
0,0.03397035971283913,0.25268823,0.7405581803977946,2.8405330181121826,0.01155240461230278,0.14059286,0.544326748724961,1.941760540008545,0.00019452018023002893,0.11964487,0.31804889607965336,1.1146851778030396,0.12224052101373672,0.34448895,0.9679119288560406,1.9694039821624756,0.20103010535240173,0.2739903,0.952573570771808,1.9115194082260132,0.10494869202375412,0.39721212,0.9452204608632482,1.5754259824752808,0.264636754989624,0.30007103,0.9640362538009667,1.64920973777771,0.13647831976413727,0.24669816,0.9526001537890422,1.555832862854004,0.27720925211906433,0.1929957,0.9715182929843003,1.5935989618301392,0.08043133467435837,0.4555172,0.9975984315703844,2.063678503036499,0.19930283725261688,0.29546982,0.9832053113941789,1.7342181205749512,0.1008203998208046,0.48685804,1.0160099223059746,1.7318445444107056,0.1883162260055542,0.25471002,0.9833700726818841,2.196824789047241,0.09963762015104294,0.3669989,0.993344063585519,2.2986676692962646,0.18848322331905365,0.22330357,0.9795508701512272,2.1185500621795654,0.19803261756896973,0.26918998,0.9856308359574385,2.1595325469970703,0.11650855094194412,0.38838753,1.0249754351747749,2.157512664794922,0.1775440126657486,0.4672188,0.9480612239754219,1.9440839290618896,0.1537560224533081,0.41545534,0.9366429591737852,2.108323097229004,0.18387247622013092,0.33482605,0.9581438110906804,1.8133251667022705,0.2718755006790161,0.46500608,0.8898184686061118,2.324866771697998,0.5946363210678101,0.46147588,0.47823759198003063,1.8738316297531128,0.2505854666233063,0.20368934,0.3844304678981519,2.249136209487915,0.14086365699768066,0.1938293,0.667611164159557,3.349440097808838
0,0.042828381061553955,0.2853022,0.7596160783864483,2.992802619934082,0.028923694044351578,0.2316319,0.600416219280895,2.226118803024292,0.0008467244333587587,0.14972705,0.3277362187553733,1.2515650987625122,0.12544555962085724,0.4023241,0.9673555609703379,1.3897866010665894,0.18134701251983643,0.33100715,0.9472841821043109,1.8339288234710693,0.11383175849914551,0.4363908,0.9448966448022692,1.5891077518463135,0.2757819592952728,0.3259483,0.950110276143334,1.507387638092041,0.10480673611164093,0.37025794,0.9403622278529137,1.3521174192428589,0.32129159569740295,0.18984589,0.958148927831728,1.7023367881774902,0.08563344180583954,0.50097305,0.983924930615358,1.5582120418548584,0.1777263581752777,0.3403219,0.9695097238038379,2.1512858867645264,0.08474067598581314,0.5555701,0.9897846068814075,2.0774354934692383,0.21529562771320343,0.26347893,0.9688504688494607,1.8097078800201416,0.09112285822629929,0.34792343,0.9880394290680367,2.2480790615081787,0.2062336802482605,0.29420537,0.9703155558760947,2.140004873275757,0.24782201647758484,0.33508432,0.9652255219125213,1.9065144062042236,0.07026121020317078,0.40097478,0.9976008605308855,2.0967350006103516,0.18762299418449402,0.50057894,0.9247963854837133,1.7506699562072754,0.21263878047466278,0.44389164,0.9015497607582332,1.730179786682129,0.2576132118701935,0.29124823,0.8894336530443032,1.6247217655181885,0.29369860887527466,0.5078342,0.8478746412578144,2.2858664989471436,0.656086802482605,0.49090552,0.4537012482027001,1.6626207828521729,0.2829514443874359,0.15406622,0.31326892275541124,2.115648031234741,0.2433706670999527,0.13016456,0.4859317647687902,2.5629377365112305
1,0.029203984886407852,0.22766028,0.7418690851218167,2.4033169746398926,0.008317353203892708,0.11910695,0.5525806474762007,1.6774548292160034,0.00025376799749210477,0.09733036,0.3227442483559487,1.3873718976974487,0.12962330877780914,0.3156385,0.9668844398694356,1.7144196033477783,0.21030353009700775,0.23636903,0.9518296860339054,1.738716721534729,0.1193714365363121,0.36359072,0.933558861707501,1.45427668094635,0.28599560260772705,0.24222322,0.9671378747143694,1.4966423511505127,0.14988502860069275,0.24293628,0.9469358531044106,1.4406895637512207,0.2988641560077667,0.1779387,0.9764202121561316,1.5598958730697632,0.11943133175373077,0.40748712,1.012966571161579,1.9753767251968384,0.2195325791835785,0.2580518,0.9935878521286373,1.6389224529266357,0.14841625094413757,0.4377824,1.0337324853026153,2.091874361038208,0.2430306077003479,0.20901312,0.9900250935590948,1.993636131286621,0.14815182983875275,0.28354836,0.9956044981140616,2.325977087020874,0.23645280301570892,0.20569737,0.9852861864153218,2.1585030555725098,0.2348172962665558,0.2319814,0.9901690766855434,1.977769136428833,0.20380742847919464,0.40411237,1.0192004190042177,2.196502685546875,0.22903183102607727,0.4352264,0.9249685533731735,2.1364824771881104,0.22651734948158264,0.44007415,0.9112253943842467,2.1350154876708984,0.2542407512664795,0.28961515,0.9449627687771592,1.8766570091247559,0.35028380155563354,0.4148964,0.8607911672914124,2.2669177055358887,0.6127943396568298,0.4640965,0.46833566311318797,1.829371452331543,0.23700711131095886,0.22428551,0.3790068170257695,2.109497308731079,0.14363451302051544,0.21890391,0.6445516459803584,3.1955602169036865
0,0.03701151907444,0.25307178,0.7344836769668704,3.010443925857544,0.018387578427791595,0.13221212,0.5455512053703452,2.24105167388916,0.0005240918835625052,0.13380249,0.317323359125447,1.117573857307434,0.10798871517181396,0.3420937,0.9666477355764816,1.6594810485839844,0.18546521663665771,0.2602192,0.9503703133191858,2.079185962677002,0.09346497803926468,0.3854661,0.9459246654904152,1.94963538646698,0.23307697474956512,0.30464408,0.9581459379643738,1.649126648902893,0.11768434941768646,0.255071,0.9517834488786454,1.7167699337005615,0.28274592757225037,0.18685749,0.9614785010879957,1.4065395593643188,0.07234751433134079,0.46934208,0.9839744213497851,1.9256083965301514,0.1550859808921814,0.2944595,0.9734495149265497,1.6084092855453491,0.07362688332796097,0.52380294,0.9996800146100646,1.9842344522476196,0.1733231395483017,0.24623382,0.9714751097876987,2.2829432487487793,0.07653781026601791,0.40226322,0.9861896373845376,2.2246310710906982,0.14375531673431396,0.22659265,0.9687564480723526,2.2863011360168457,0.1368819773197174,0.29604313,0.9760973738688355,2.1635427474975586,0.06857119500637054,0.40505832,1.002796872831993,2.0306570529937744,0.10591039061546326,0.45948994,0.9501233394047531,2.1810824871063232,0.10557563602924347,0.45887607,0.9415898048588587,2.0083167552948,0.14015203714370728,0.32709077,0.9633744926673561,1.8068150281906128,0.190128892660141,0.476737,0.9168150090498154,2.4717259407043457,0.5243724584579468,0.49884856,0.49567864915853455,2.132697582244873,0.25198325514793396,0.19429739,0.40394310807002437,2.3498826026916504,0.1377663016319275,0.17256668,0.6673164217347495,3.3755106925964355
0,0.034905724227428436,0.23790213,0.7520826016413802,2.770014524459839,0.014699558727443218,0.1293113,0.561423842082907,1.9701951742172241,0.0004180705000180751,0.11346277,0.32021722566197003,0.7960472106933594,0.11610989272594452,0.33009785,0.9678408828789764,1.842423439025879,0.18665573000907898,0.23973429,0.9525549053980944,1.8770503997802734,0.09821005910634995,0.36061132,0.9387950529784055,1.6668455600738525,0.2366025149822235,0.25713384,0.9644960633950339,1.729731559753418,0.10768105834722519,0.25777614,0.9478360007636907,1.8583390712738037,0.28778383135795593,0.18660203,0.9707089832653086,1.378251552581787,0.08269621431827545,0.42179126,0.9948505501337873,2.0594475269317627,0.18030919134616852,0.27757353,0.9811538967175745,1.9739773273468018,0.1054939329624176,0.45452255,1.0037129028213398,2.3350696563720703,0.22270341217517853,0.22422642,0.9754644139020479,2.226902723312378,0.10090399533510208,0.31924096,0.9851345480665903,2.0080323219299316,0.2029578983783722,0.2518844,0.9749457216406342,2.1132190227508545,0.2034255713224411,0.2951821,0.9807251874985999,2.140267848968506,0.16040416061878204,0.37439087,1.0099619744202235,2.0878069400787354,0.16913995146751404,0.4254056,0.943297017401505,2.2557876110076904,0.1555275171995163,0.438273,0.9274544566865657,2.0616567134857178,0.2008228600025177,0.30328926,0.9561121042918387,1.7921059131622314,0.22603951394557953,0.44639802,0.8891820425707636,2.5189428329467773,0.526310920715332,0.4942118,0.4914673927254661,2.1579344272613525,0.21196295320987701,0.21313249,0.4142030372621568,2.1981287002563477,0.14455223083496094,0.20965369,0.654104985006941,3.186091423034668
0,0.03837607055902481,0.22530656,0.7324444401091921,3.129556894302368,0.01414718758314848,0.16432434,0.5430799501926082,2.288238286972046,0.00035594901419244707,0.1468007,0.3118717490525124,1.3039655685424805,0.11370225250720978,0.36420593,0.9661727848425956,1.6775612831115723,0.1942499428987503,0.29239488,0.9496081590015136,1.6822149753570557,0.10796459764242172,0.42053056,0.9507897583923569,1.7663023471832275,0.23344391584396362,0.35044557,0.9560115052401262,1.8786540031433105,0.11501087248325348,0.28818876,0.9546525994643695,1.9250346422195435,0.2913357615470886,0.2021166,0.9591731906099107,1.5025300979614258,0.061751533299684525,0.49403048,0.9841881780627078,2.0713911056518555,0.17254774272441864,0.31437445,0.9709719027499429,1.9358747005462646,0.06893619894981384,0.5558431,0.999376355884146,2.224858522415161,0.17736467719078064,0.27751362,0.9696595745612157,2.02638840675354,0.07927915453910828,0.43330297,0.9879589786697424,2.39349365234375,0.1604422628879547,0.31342128,0.9687053372878904,2.4695916175842285,0.1616498827934265,0.37125364,0.9773394798536581,2.048879623413086,0.056107327342033386,0.3942012,1.0096732586973853,2.0644726753234863,0.08940590918064117,0.47294408,0.962036649459939,2.189401149749756,0.0978240892291069,0.43463922,0.9553940834132197,1.934248447418213,0.13069994747638702,0.33379447,0.9721206525203093,1.9404540061950684,0.1445893794298172,0.528256,0.9261075255599315,2.5447866916656494,0.5184619426727295,0.48157677,0.47712916989640886,2.2013087272644043,0.21647201478481293,0.18453869,0.39100208793832436,2.37508225440979,0.12739071249961853,0.16439939,0.6644231093055953,3.349504232406616
0,0.042722057551145554,0.26585406,0.7278015100092734,2.943568468093872,0.012494431808590889,0.14981356,0.5339517047247083,2.1407079696655273,0.00017493376799393445,0.13882665,0.31556413868026434,1.2473112344741821,0.11611219495534897,0.34628466,0.9669050927768648,1.944262981414795,0.19921761751174927,0.2806961,0.9512578584623997,2.120680570602417,0.1128404438495636,0.39873222,0.9497606444728682,1.8379491567611694,0.21672838926315308,0.3240618,0.9611954989859821,1.993200659751892,0.1280851662158966,0.27693337,0.9555764052140872,1.7550091743469238,0.2660995423793793,0.20556688,0.9629288919481592,1.4903929233551025,0.07838071882724762,0.45324692,0.9856711731190095,1.9223276376724243,0.157120481133461,0.3230787,0.9766652121637216,1.8664393424987793,0.09014977514743805,0.5484764,1.0049720587861362,1.7617987394332886,0.20242150127887726,0.25340295,0.9724041504616341,2.1767258644104004,0.09084203094244003,0.35253695,0.9848783781396807,2.1717529296875,0.1584007889032364,0.28145462,0.972777643174448,2.2078511714935303,0.1693919152021408,0.3087862,0.9805616182539861,2.0609984397888184,0.08549710363149643,0.39471224,1.0107309404224494,2.1287577152252197,0.13465912640094757,0.47595987,0.9593909612071162,1.9096605777740479,0.11091335117816925,0.48329413,0.953311541371052,2.006458044052124,0.14470890164375305,0.34147596,0.9809424910026562,1.9386382102966309,0.21046878397464752,0.5015975,0.9250277713632544,2.380368709564209,0.5444770455360413,0.46624482,0.4938554115261885,2.179150342941284,0.22415700554847717,0.19038735,0.4124441318153515,2.3629133701324463,0.16335968673229218,0.18020439,0.6906831360399464,3.469348669052124
0,0.05117416754364967,0.23405538,0.7300261350419415,3.2945382595062256,0.02282351814210415,0.18091504,0.5389233769795313,2.4839439392089844,0.0006544369971379638,0.14622955,0.31280190894290144,1.7512397766113281,0.1016770452260971,0.387585,0.9617952466366405,1.5704705715179443,0.16471430659294128,0.3024298,0.9440804832360988,2.1115784645080566,0.08977913856506348,0.41699228,0.9485253235693214,2.022550106048584,0.16778703033924103,0.35333523,0.9514092375614353,1.9876213073730469,0.10048378258943558,0.26903844,0.9545609486135695,2.0835931301116943,0.26422348618507385,0.21813352,0.9556561115821648,1.8460016250610352,0.05355170741677284,0.522877,0.979192792207833,1.9396076202392578,0.16143493354320526,0.33095673,0.9657025371876553,1.8231271505355835,0.05357440188527107,0.5421392,0.9903124374588679,2.3298799991607666,0.1550896167755127,0.28784907,0.9618837183462002,2.221414089202881,0.07905060797929764,0.41950247,0.9784051879866664,2.067199230194092,0.13011084496974945,0.29944798,0.9652597688275842,2.3569672107696533,0.1359075903892517,0.38375303,0.9726069390998838,1.9935240745544434,0.05317049100995064,0.3944552,1.001225081495614,1.8004422187805176,0.07361134141683578,0.4553667,0.959443077479815,1.9740601778030396,0.07536595314741135,0.48224804,0.9573538606492134,1.797402024269104,0.10687199234962463,0.31689456,0.9725600594651963,2.1093392372131348,0.11448077112436295,0.52906114,0.9344992663714473,2.5362863540649414,0.46836939454078674,0.49487358,0.5056452044021185,2.454495668411255,0.21767404675483704,0.17221569,0.41176692170811424,2.5304958820343018,0.14081011712551117,0.14670925,0.6907097067711674,3.5497469902038574
1,0.049962207674980164,0.26981172,0.7314281191307792,2.875086784362793,0.015267881564795971,0.14730291,0.5363092677025858,2.05808687210083,0.0005421712412498891,0.14192146,0.3172858715341411,1.4004836082458496,0.11720241606235504,0.34682184,0.9678818161864634,1.7413333654403687,0.22374975681304932,0.27521443,0.9535640406565647,1.9878783226013184,0.12295813858509064,0.40013784,0.947914504449407,1.4623355865478516,0.2403741031885147,0.30022877,0.9606791310261075,1.7887647151947021,0.14378903806209564,0.2542422,0.9549608319878862,2.018263339996338,0.2944870889186859,0.2015789,0.9669181268652322,1.5151251554489136,0.07406188547611237,0.43033642,0.9909233569367936,2.1214170455932617,0.17690575122833252,0.28841904,0.9781371323261855,1.713207721710205,0.08654862642288208,0.5375757,1.0100240573325006,1.7941592931747437,0.19715534150600433,0.25195572,0.9769654263917543,1.9667422771453857,0.08946306258440018,0.36065614,0.9869142235113217,2.274261951446533,0.16993585228919983,0.2476231,0.9739897177285436,2.1173782348632812,0.17034359276294708,0.30390337,0.9841327086201647,1.9082179069519043,0.10201424360275269,0.39476863,1.01607922756288,2.549665927886963,0.1599636971950531,0.47549972,0.9557723254211831,1.961894154548645,0.1335432082414627,0.45771572,0.9452861262086742,1.7382086515426636,0.1593242585659027,0.30154762,0.9699310290461123,1.6537830829620361,0.22448335587978363,0.4643792,0.9150393601113461,2.4683313369750977,0.5894033908843994,0.45044678,0.47780109831770906,2.0112080574035645,0.25400811433792114,0.20094663,0.39277504020080417,2.2677836418151855,0.1378178596496582,0.17497987,0.6811279474333768,3.4104256629943848
0,0.04722414165735245,0.26670712,0.7390678998252056,3.058344841003418,0.01847723126411438,0.15236762,0.5561203652976306,2.3006105422973633,0.0005424628616310656,0.14464302,0.3171346227123921,1.3202661275863647,0.10518717020750046,0.34333655,0.9672062232076722,1.9357671737670898,0.2039763629436493,0.27265108,0.9512328286355807,1.8854745626449585,0.1086239293217659,0.3865703,0.9504735421109961,1.8580007553100586,0.22342786192893982,0.31594485,0.9594817696055012,1.8661390542984009,0.11425680667161942,0.27374983,0.9573089676033951,1.842741847038269,0.2988966107368469,0.19023935,0.9647776783705571,1.6079089641571045,0.06045568734407425,0.47199637,0.988481022558896,2.222709894180298,0.16312338411808014,0.30670297,0.9762218025971307,1.8829623460769653,0.07226280122995377,0.53974223,1.0029691279046995,2.255357503890991,0.17927180230617523,0.2551669,0.9734977158845561,2.3926000595092773,0.09263535588979721,0.39987063,0.9832686147663555,2.1874685287475586,0.1704902946949005,0.27302134,0.9719112504467581,2.241086721420288,0.16691580414772034,0.29996657,0.9783825747085296,2.0390803813934326,0.050547175109386444,0.4079777,1.0117669022920137,2.1099693775177,0.134013369679451,0.46237186,0.9524777735079115,1.9571818113327026,0.1047951877117157,0.45507482,0.9447896358006047,2.1234588623046875,0.1346413940191269,0.32747087,0.9670433205197806,1.8553409576416016,0.2046337127685547,0.49309924,0.9113603189771623,2.392726182937622,0.5420377254486084,0.46082696,0.4858801713066301,2.1095938682556152,0.23645369708538055,0.18397929,0.39165782523010745,2.376767635345459,0.14126242697238922,0.16133156,0.6760179068195833,3.380873918533325
0,0.04278532788157463,0.265735,0.7302656246658604,2.8378822803497314,0.014899006113409996,0.1634459,0.5390849479987536,2.024935722351074,0.0002736958267632872,0.13994627,0.3164696921803715,1.3757328987121582,0.12321623414754868,0.35457718,0.9687655643218663,1.6625043153762817,0.22526130080223083,0.26826835,0.9529110669923222,1.8778862953186035,0.11374163627624512,0.38134146,0.948710958052327,1.776686668395996,0.2436417192220688,0.28517658,0.9614142909528876,1.8774694204330444,0.13328227400779724,0.26507753,0.9536809188339714,1.6535133123397827,0.2856200635433197,0.17629772,0.9630342341695126,1.690037488937378,0.07230908423662186,0.46439072,0.9930091604991778,2.085022449493408,0.15864074230194092,0.30002663,0.9815524392221603,1.8350549936294556,0.08179493248462677,0.5156989,1.0135634401747742,2.0239644050598145,0.1866317093372345,0.22521786,0.9734227551261451,2.3227694034576416,0.10380659997463226,0.3577343,0.9932208682212568,2.1025962829589844,0.17201432585716248,0.25018877,0.9756416580423973,2.209899425506592,0.1784442961215973,0.28841007,0.9821040700682495,2.0476341247558594,0.06831376999616623,0.39126894,1.0158989189413992,2.5216422080993652,0.11790934950113297,0.46745616,0.9628192981360708,1.8076153993606567,0.1216767206788063,0.46670014,0.9538759873894503,1.9247996807098389,0.15713757276535034,0.32508016,0.978243120180258,1.8100168704986572,0.21050569415092468,0.466379,0.9129612125360238,2.4199140071868896,0.5623267292976379,0.5042208,0.4824237739871652,2.092071294784546,0.232626274228096,0.21733724,0.394172060075004,2.3144214153289795,0.14576129615306854,0.18942975,0.6541973019854882,3.318101406097412
0,0.029263930395245552,0.2659263,0.7280496332600417,2.4968907833099365,0.01269067358225584,0.14482726,0.5317426933619351,1.7262624502182007,0.00021190184634178877,0.11622697,0.31743184886187326,1.1719056367874146,0.14310266077518463,0.33134708,0.968787834413041,1.955594778060913,0.20661181211471558,0.25840726,0.9550566971524976,2.022716999053955,0.10840978473424911,0.40146437,0.9389709899045795,1.8532668352127075,0.24735099077224731,0.29664552,0.9657552191569526,1.7799218893051147,0.1530877649784088,0.22296125,0.9518150045642111,1.450604796409607,0.2981422245502472,0.17867786,0.9725436275131881,1.585792064666748,0.10815241932868958,0.44620568,1.0031446338516241,2.2054617404937744,0.18849968910217285,0.29012266,0.9893199906910358,1.7863291501998901,0.11805722862482071,0.5106007,1.0313968570588588,1.9400571584701538,0.2014567106962204,0.23535372,0.9873250299609007,2.1015865802764893,0.11652369797229767,0.3451996,0.9979939219184654,1.9181958436965942,0.2080177217721939,0.2038439,0.9809014271237779,2.203723192214966,0.22264364361763,0.26772732,0.9937224757652597,2.057493209838867,0.17706158757209778,0.39135867,1.0261965581424186,2.3466310501098633,0.17143996059894562,0.46158877,0.9505165175778358,2.0647623538970947,0.1876535415649414,0.44633672,0.944786975511954,2.1906721591949463,0.2198398858308792,0.31872982,0.9708973830374695,1.8277279138565063,0.3011632561683655,0.489199,0.889484050668861,2.415773630142212,0.6280386447906494,0.45184898,0.4685931240131289,1.8103523254394531,0.25906699895858765,0.22100164,0.3849544925043493,2.209118366241455,0.1735796332359314,0.2240589,0.6676374957588199,3.327583074569702
0,0.03884321078658104,0.21802047,0.7186673330359593,3.0089409351348877,0.020762143656611443,0.18753788,0.5265527749654645,2.208993434906006,0.0003323964774608612,0.13240993,0.31457655375655097,1.6288964748382568,0.10893341898918152,0.3795302,0.963894515315341,1.6341972351074219,0.17721834778785706,0.2854809,0.9490537635521414,2.1786067485809326,0.09490282833576202,0.40402564,0.949138978818816,1.8777129650115967,0.18798299133777618,0.3498585,0.955509365044163,1.8561122417449951,0.12279929965734482,0.2712403,0.9518933281043188,1.7408219575881958,0.28706181049346924,0.2055315,0.9582971914897352,1.4997495412826538,0.0646941065788269,0.49538076,0.9835454615605477,1.9513843059539795,0.16824406385421753,0.32251796,0.972437728135837,1.9428021907806396,0.07608070224523544,0.5957317,0.998244437648551,2.20377254486084,0.19410642981529236,0.28514248,0.9704977363118646,2.1449193954467773,0.07192522287368774,0.36141965,0.9842671253075551,2.265732526779175,0.14974769949913025,0.2823781,0.9713178316329673,2.195643424987793,0.1448478102684021,0.3600405,0.9804408479236653,1.982993721961975,0.06322182714939117,0.37364244,1.0195201542168675,2.0459117889404297,0.13238340616226196,0.46702823,0.9768193820962437,2.5404224395751953,0.08820566534996033,0.47745407,0.9713639998640599,1.8802950382232666,0.13625548779964447,0.32699388,0.9857299473330109,1.8069313764572144,0.14689773321151733,0.503007,0.9327195407062027,2.4503846168518066,0.4909170866012573,0.5016786,0.4779407290470415,2.355496883392334,0.22866691648960114,0.17627913,0.40432723389744984,2.401129722595215,0.13050377368927002,0.15636835,0.6780250620426971,3.451507806777954
0,0.04712240770459175,0.24612983,0.7223868643956293,3.1030638217926025,0.01609732396900654,0.1942859,0.52553327435863,2.310948610305786,0.000499758985824883,0.13723104,0.3137289403039429,1.607234001159668,0.10421910881996155,0.38066363,0.9641792751300605,1.6156980991363525,0.17276576161384583,0.30319104,0.9462995709908929,2.096848249435425,0.10946762561798096,0.43038905,0.9492540060525855,1.8656691312789917,0.17767027020454407,0.34164143,0.9551815816566691,2.0692474842071533,0.15783676505088806,0.27495107,0.9544852252622297,1.8168926239013672,0.29828256368637085,0.20964386,0.9558558388950075,1.5861262083053589,0.06332391500473022,0.48948964,0.9811250828325226,1.9299862384796143,0.15704171359539032,0.3384143,0.9694364895357414,1.7946089506149292,0.07443545013666153,0.5669455,0.9982330646896043,2.381448745727539,0.19354285299777985,0.30303738,0.9646415984684126,2.0238914489746094,0.07829169929027557,0.38598925,0.9789122166062452,2.463346004486084,0.14784172177314758,0.29289225,0.9649755873393433,2.3886945247650146,0.13649354875087738,0.3676559,0.9737735420808069,2.334334135055542,0.04847246780991554,0.3950184,0.9974805883395127,2.5372302532196045,0.08854518085718155,0.47994003,0.957753278995942,2.0448896884918213,0.08903266489505768,0.5002026,0.9548742316769481,1.7301628589630127,0.1224728524684906,0.36348844,0.9757049761880788,1.9840863943099976,0.15842455625534058,0.5391776,0.9324539643018852,2.6366658210754395,0.5315076112747192,0.5107754,0.49372936441215287,2.2405974864959717,0.22495445609092712,0.17339611,0.4036899310250024,2.4666073322296143,0.1409994661808014,0.15221049,0.6935321192639892,3.5227513313293457
0,0.03242803364992142,0.21010931,0.7468595302302875,2.234433650970459,0.006480521988123655,0.106850356,0.549164055766569,1.4111077785491943,0.0003793070500250906,0.085032344,0.32090732082286566,1.0700632333755493,0.16922199726104736,0.28368616,0.9684579260844531,1.3937126398086548,0.24096301198005676,0.22146164,0.9523246082571362,1.672429084777832,0.14204637706279755,0.33683783,0.9260505911530209,1.550990343093872,0.2919647991657257,0.22605127,0.9696655981786582,1.4065897464752197,0.1710093915462494,0.21169539,0.9364549898445943,1.5199335813522339,0.30616021156311035,0.16095883,0.9771873641413441,1.6496812105178833,0.1488758772611618,0.36200997,1.0201387538708124,2.0425782203674316,0.24634626507759094,0.24472602,0.9927621917960417,1.6365723609924316,0.1799258440732956,0.42390582,1.0488582577206058,2.0200963020324707,0.2756618559360504,0.19276802,0.9961997687800141,1.8665854930877686,0.17646144330501556,0.2456543,1.006991354629186,2.2136330604553223,0.2831270694732666,0.18736957,0.9837109153055978,2.0168375968933105,0.27021437883377075,0.22074547,0.9945147954845085,1.9905097484588623,0.2280655801296234,0.37320355,1.0376502569378432,2.348611354827881,0.2819930613040924,0.40453473,0.9332006522886781,2.286620616912842,0.2809184193611145,0.38780102,0.9198778703415134,2.152057647705078,0.2768390476703644,0.26859024,0.9458095163807148,1.9158077239990234,0.3625905513763428,0.3839935,0.8517908089698031,2.35973858833313,0.5935705304145813,0.48486176,0.4453424626844135,1.826317548751831,0.22367118299007416,0.25793293,0.38589422060963696,2.123891830444336,0.13742311298847198,0.26506984,0.6275807141467283,3.0219857692718506
0,0.03292858228087425,0.27908242,0.7293474811979898,2.531587839126587,0.008748609572649002,0.15349633,0.5297584338743565,1.64386785030365,0.00018751222523860633,0.11730088,0.31999614867220455,1.2912993431091309,0.12657901644706726,0.35742155,0.9685943536021131,1.4793925285339355,0.21562154591083527,0.2998709,0.9558594951751485,2.006793737411499,0.1238672286272049,0.4144453,0.9442834716907047,1.682377815246582,0.2532874047756195,0.30798826,0.9687813134215009,1.7496287822723389,0.15855155885219574,0.23695962,0.9541395888236887,1.4641419649124146,0.3106384575366974,0.18269657,0.972402556785379,1.6111502647399902,0.1123696118593216,0.4457566,1.0004094811177282,2.170419216156006,0.1954016238451004,0.30755213,0.987259842886889,1.9716671705245972,0.11620300263166428,0.52115816,1.0284363678986985,2.007493257522583,0.20723740756511688,0.26091307,0.9864589026218126,2.2862260341644287,0.10911032557487488,0.37056634,0.9962592563081276,2.2125656604766846,0.21176579594612122,0.23204228,0.9814742532166575,2.184617519378662,0.21061971783638,0.29277238,0.99245042512837,1.9313385486602783,0.13409967720508575,0.39338568,1.0256475869183581,2.434687376022339,0.23005831241607666,0.46425134,0.9544916168379216,1.9660139083862305,0.16268353164196014,0.4398634,0.9480881073124919,1.9060821533203125,0.2107143998146057,0.35142028,0.9807106751618673,1.7383779287338257,0.30590328574180603,0.45995194,0.9063654871329736,2.2799558639526367,0.6266412138938904,0.41807836,0.47539857010699393,1.8105196952819824,0.26365190744400024,0.23564428,0.39859163105076234,2.216823101043701,0.19523140788078308,0.22259916,0.679842584978747,3.3676676750183105
0,0.041922736912965775,0.27377725,0.7424707691382445,3.0364584922790527,0.014627023600041866,0.14644653,0.5587056575717942,2.2359955310821533,0.00034336309181526303,0.14295147,0.3161527290646647,1.289393424987793,0.12238971143960953,0.3472147,0.9672318542099168,1.5817441940307617,0.19691596925258636,0.26066798,0.9522375792424017,1.785181999206543,0.10520488768815994,0.38872245,0.950755082665121,1.7462916374206543,0.22553768754005432,0.31229705,0.9610508205181926,1.7798925638198853,0.11332204937934875,0.27493918,0.9561975708349976,1.8388240337371826,0.26987576484680176,0.1940716,0.9654296858660725,1.5518825054168701,0.06915463507175446,0.47117603,0.9882119813882682,2.1080143451690674,0.16615334153175354,0.29950684,0.975981137984156,2.031444787979126,0.07323739677667618,0.52230245,1.0005053055917261,1.8149441480636597,0.19645746052265167,0.24941206,0.972773801133733,2.3120155334472656,0.0890045166015625,0.37748158,0.9841311519181208,2.135227680206299,0.16797620058059692,0.27423128,0.9710612786206708,2.3397979736328125,0.17156285047531128,0.31636977,0.9779861514259879,2.196833372116089,0.06153344362974167,0.39434078,1.0084315223225788,2.315579414367676,0.13667766749858856,0.46205252,0.9478002429443442,2.056838035583496,0.11017263680696487,0.45939595,0.9386229870606613,1.9352829456329346,0.15587052702903748,0.33362728,0.9634995059526302,1.9677244424819946,0.17853085696697235,0.5014078,0.9080427918576308,2.4364757537841797,0.5378133654594421,0.48838028,0.485711531094295,2.1532909870147705,0.22043916583061218,0.16650483,0.38719254965772026,2.320223808288574,0.14425362646579742,0.15640578,0.6707725858079125,3.375591278076172
0,0.052230242639780045,0.2328536,0.7326342299403311,3.088052272796631,0.02031194418668747,0.16387168,0.5410584601891559,2.2834248542785645,0.0004026122624054551,0.14571412,0.31931213556842775,1.439810037612915,0.08532213419675827,0.3635827,0.9644636504632605,1.7962325811386108,0.19434718787670135,0.28659305,0.9472697526385369,1.8683563470840454,0.10725125670433044,0.40307206,0.9479236905182915,1.8649547100067139,0.17531809210777283,0.32150722,0.9545830001566274,2.1435835361480713,0.10612383484840393,0.27186364,0.9519456700435099,2.0610737800598145,0.2722894549369812,0.19984633,0.9576152173987978,1.6425209045410156,0.06393065303564072,0.48572966,0.9808490864254528,1.9681843519210815,0.15983282029628754,0.33586487,0.9714493081756677,1.924970269203186,0.0673331692814827,0.55244774,0.997660936083915,2.2134392261505127,0.167974591255188,0.27473816,0.9677574714281786,2.1530613899230957,0.0666111558675766,0.40857705,0.9822155236553706,2.209487199783325,0.13875862956047058,0.31093296,0.9682126195088299,2.1572375297546387,0.13756170868873596,0.349513,0.9751126665975239,1.95361328125,0.05519672855734825,0.40154964,0.9995344252406742,2.3823201656341553,0.08718907088041306,0.47999156,0.9568458254516571,2.420793294906616,0.08071828633546829,0.48743477,0.9514704430139734,2.0566723346710205,0.1173599362373352,0.35866925,0.9712757167821494,2.0700182914733887,0.15520760416984558,0.5206446,0.9245845616911488,2.615384578704834,0.49921926856040955,0.4793298,0.4894229920201582,2.28178334236145,0.23548409342765808,0.17934571,0.4046649419317564,2.465435028076172,0.1285141110420227,0.14854991,0.6830850176773048,3.43686842918396
0,0.03480974957346916,0.2681827,0.7344167135815326,3.034515619277954,0.020845739170908928,0.16223693,0.5524810679670513,2.3064234256744385,0.00041767017683014274,0.15479007,0.3150917404226012,1.4358311891555786,0.0952332466840744,0.359681,0.9668989490687625,1.365356683731079,0.2049495279788971,0.27676412,0.9506911515304817,1.8826944828033447,0.11218998581171036,0.3812043,0.9508360817800844,1.9148366451263428,0.21710288524627686,0.32181424,0.9584813462554436,2.0198862552642822,0.10942244529724121,0.27759752,0.956990352182765,1.8197002410888672,0.3079480826854706,0.19131398,0.9629467969436833,1.5762474536895752,0.06753555685281754,0.47664607,0.9861504647985996,1.9651180505752563,0.16648054122924805,0.30801964,0.9748881511920191,1.6779427528381348,0.06875919550657272,0.53547174,1.000244417252266,2.311619281768799,0.16648997366428375,0.2620211,0.971739742490877,1.815698504447937,0.08480840921401978,0.38866577,0.9815437984100842,2.2453691959381104,0.1490764021873474,0.2662838,0.970595018495002,2.350987195968628,0.16366282105445862,0.30371818,0.9762309744063302,2.150268793106079,0.05723518878221512,0.40244186,1.006904346282071,1.9544576406478882,0.10828859359025955,0.47255018,0.9559853527079123,1.885368824005127,0.10634258389472961,0.49066928,0.9493571122299599,2.083723783493042,0.14549438655376434,0.35923457,0.9705435315900449,1.935303807258606,0.18359018862247467,0.4914268,0.9139928948852715,2.5161149501800537,0.5349193811416626,0.46771657,0.49000835354937805,2.1768085956573486,0.2172127515077591,0.17616603,0.393605200142538,2.2511541843414307,0.1411072164773941,0.16573063,0.6765983470619253,3.437405824661255
0,0.03264658525586128,0.2617341,0.7388641058147051,2.9984004497528076,0.020447321236133575,0.13442938,0.5507414823787941,2.2086455821990967,0.0002605608315207064,0.13473134,0.31321450355275954,0.9578190445899963,0.11119993031024933,0.34051892,0.9672421596632718,1.6678024530410767,0.20113341510295868,0.25849,0.9519498087730124,1.7400944232940674,0.10574904084205627,0.36614245,0.9482903173697849,1.6600884199142456,0.23993372917175293,0.3010471,0.9617046985885754,1.7884390354156494,0.11948538571596146,0.27275792,0.9558824161408193,1.466079831123352,0.3115287125110626,0.19470805,0.9674330137473169,1.4674365520477295,0.07858940213918686,0.45480818,0.9903835924321049,1.8353753089904785,0.1699872761964798,0.3221375,0.9778060262612258,1.8079476356506348,0.08697070181369781,0.5158281,1.0032757088136686,1.99885892868042,0.20662930607795715,0.25304392,0.9731018461534394,2.087886095046997,0.08884786814451218,0.4055086,0.9834009583395429,2.2038300037384033,0.16817441582679749,0.2982339,0.972329617704782,2.232282876968384,0.1672007292509079,0.33355334,0.9812694920641801,2.188540458679199,0.07694195210933685,0.3970458,1.0038794849087007,2.015939474105835,0.20664317905902863,0.448622,0.9452921539690138,2.1197993755340576,0.12408949434757233,0.48016277,0.9324151232463617,1.9946584701538086,0.1445315182209015,0.34676826,0.9620272882634027,1.8323231935501099,0.20967181026935577,0.5038301,0.9094827892534311,2.4802334308624268,0.5567218065261841,0.4409254,0.494077360870034,2.122068166732788,0.23843951523303986,0.18075868,0.3932474800766801,2.31992244720459,0.14078669250011444,0.17438291,0.6653290421526017,3.339556932449341
0,0.03566572815179825,0.2618218,0.7360849487478739,2.83003568649292,0.01647123508155346,0.1663054,0.5460206542446472,2.0685620307922363,0.00032542209373787045,0.1420826,0.3139835365799782,1.088289737701416,0.12357930839061737,0.35484838,0.9689583000871561,1.489286184310913,0.21831285953521729,0.2671616,0.9528333333602109,1.6937041282653809,0.13648396730422974,0.37441438,0.9482539659402062,1.672117829322815,0.25105980038642883,0.2966618,0.9616671305002233,1.7485308647155762,0.1259511262178421,0.2670162,0.9529621113212869,1.782320499420166,0.30180343985557556,0.17697583,0.9641186886651462,1.6787233352661133,0.07194767147302628,0.44855586,0.9922554108925463,2.047858953475952,0.16156844794750214,0.28777763,0.9814841808793859,1.9899954795837402,0.0943598672747612,0.5136921,1.013733956027147,2.13063907623291,0.21833030879497528,0.22733343,0.9739012016145895,2.3475546836853027,0.10542984306812286,0.32008526,0.9929566804524691,2.0135698318481445,0.1617715060710907,0.23608011,0.9755651908162473,2.3019754886627197,0.194935604929924,0.26946437,0.9806927794741512,1.9035229682922363,0.0814928486943245,0.37807432,1.0136983793726635,2.1322836875915527,0.15277837216854095,0.47148693,0.9573548069216745,1.9459686279296875,0.12298857420682907,0.46834245,0.94617898291149,2.09051251411438,0.16722801327705383,0.3140005,0.9716431043711741,1.9083647727966309,0.21025119721889496,0.4512086,0.9047967082115809,2.482679843902588,0.5553803443908691,0.47627127,0.4837566504266803,2.0658421516418457,0.22213929891586304,0.21832797,0.39916937478302883,2.25773549079895,0.12676914036273956,0.20431338,0.6506463667694375,3.285780191421509
0,0.04099319130182266,0.26515135,0.7341864236218522,3.0593199729919434,0.01311653945595026,0.14764076,0.549228225590586,2.2349722385406494,0.0006532548577524722,0.14867562,0.3155476085605914,1.525357723236084,0.10990259796380997,0.3514562,0.9660183047853523,1.9134581089019775,0.19219334423542023,0.26771963,0.9505686208170185,2.22267746925354,0.11617057770490646,0.40418088,0.9511703712034087,1.801203727722168,0.21693098545074463,0.32668045,0.9597463979296381,1.9892255067825317,0.11083254963159561,0.2793857,0.9565302827872745,1.8515527248382568,0.2768527567386627,0.20172904,0.962800488429244,1.684927225112915,0.05823417007923126,0.4778404,0.9835433821689281,1.7908776998519897,0.15194833278656006,0.32146645,0.9732493178764772,1.703336238861084,0.0850570872426033,0.5444468,0.998127944401066,2.218712568283081,0.17203669250011444,0.261541,0.9708691096616086,2.2898623943328857,0.08239675313234329,0.39447144,0.9827898461745244,2.122532367706299,0.1637924611568451,0.28554747,0.969034224642779,2.293818235397339,0.15048258006572723,0.3226425,0.9773416662460513,1.9025568962097168,0.06974487006664276,0.40517065,1.0067460212880768,2.345468044281006,0.11238710582256317,0.4668592,0.9501193413236229,2.023617744445801,0.09786277264356613,0.46078938,0.9426335071295672,2.130875825881958,0.1351388543844223,0.35054892,0.9644183570187611,1.9852790832519531,0.18532787263393402,0.5190497,0.9166521888822889,2.5462703704833984,0.5425961017608643,0.47440195,0.48972988692424635,2.1685585975646973,0.23120896518230438,0.1880443,0.39200070075531745,2.410088539123535,0.15956905484199524,0.16302887,0.6768695987941642,3.4349493980407715
0,0.058516036719083786,0.22361057,0.7353680393380625,3.253366708755493,0.02750055491924286,0.14985524,0.5495665884437562,2.4183149337768555,0.0009480875451117754,0.14765137,0.31966985038872375,1.5106273889541626,0.09611854702234268,0.38907978,0.9628548093758404,1.5693390369415283,0.191569522023201,0.27276316,0.945496910828736,1.9493016004562378,0.08689702302217484,0.4099153,0.9493771630432253,1.9079757928848267,0.19635429978370667,0.33314684,0.9558819186197761,1.830527901649475,0.11077160388231277,0.27938467,0.9529395537662856,1.9505667686462402,0.26777297258377075,0.16454151,0.9550212072033931,1.5486761331558228,0.06256978958845139,0.45980653,0.9778355774112868,1.9345827102661133,0.166733518242836,0.2706019,0.9680352818860883,1.854379653930664,0.06954589486122131,0.44122395,0.9957779965115469,2.3104805946350098,0.17400091886520386,0.23730357,0.9658451537918518,2.3750181198120117,0.07808908075094223,0.31381902,0.9809375722625566,2.3643720149993896,0.14304810762405396,0.23395771,0.966791830312145,2.3012008666992188,0.16538219153881073,0.26224253,0.9721840331945557,2.0794260501861572,0.04878710210323334,0.3725505,0.9945112756397976,2.2006630897521973,0.10355497896671295,0.47101173,0.9547828386480743,1.945070505142212,0.10386063903570175,0.4941837,0.9478430193018759,1.8056883811950684,0.11808173358440399,0.33418953,0.9707692472366646,1.84673011302948,0.1573081761598587,0.47666806,0.9263722952099348,2.234464645385742,0.47229060530662537,0.47943568,0.5112665415997503,2.412316083908081,0.2140168696641922,0.1647577,0.4460648956570755,2.6655850410461426,0.13158564269542694,0.15001823,0.6945219492403606,3.537952423095703
1,0.042944032698869705,0.23962076,0.7843542578548417,3.0080819129943848,0.030116034671664238,0.114221774,0.6188452097897363,2.0562727451324463,0.0006091689574532211,0.11164276,0.3262183000190945,1.3860563039779663,0.13487665355205536,0.38205034,0.9622581406901191,1.1640374660491943,0.19118237495422363,0.3074756,0.9432333687220137,1.4887813329696655,0.09338432550430298,0.44551703,0.9308400037840638,1.4421303272247314,0.2686147689819336,0.31928137,0.9582629603911437,1.7982760667800903,0.1194073036313057,0.34687644,0.9262947476185079,1.622418999671936,0.3107369542121887,0.18494189,0.9659990547840983,1.3501142263412476,0.09878598898649216,0.44868928,0.9929849207964341,1.9107623100280762,0.2025602161884308,0.3185096,0.9859839612734338,1.6918375492095947,0.12615399062633514,0.4692709,1.0021904640479338,1.888537883758545,0.22444415092468262,0.2720261,0.9867148315666762,2.0506591796875,0.12743499875068665,0.31656092,1.005302180925119,2.534705400466919,0.23824453353881836,0.2785094,0.9802300204802531,2.060906171798706,0.24222128093242645,0.27710554,0.9693763091672708,2.220665216445923,0.19710345566272736,0.41790208,1.0188292593436181,2.023320198059082,0.24109894037246704,0.46088666,0.9240289190069698,2.0405936241149902,0.25343403220176697,0.43447837,0.8919726788999565,1.8766412734985352,0.2767234146595001,0.31064844,0.8914074821090996,1.8717905282974243,0.3063220679759979,0.49213746,0.8289277741293257,2.3475472927093506,0.5469403862953186,0.48243767,0.425323670383896,1.8872337341308594,0.20260262489318848,0.21114066,0.3467936346457369,2.0633597373962402,0.1285950094461441,0.16753986,0.5668736724241364,2.955566644668579
1,0.04480310156941414,0.25584584,0.7689552376577624,3.1000778675079346,0.023339586332440376,0.1708321,0.6065887873591084,2.334942579269409,0.0006236188346520066,0.12787792,0.3291000488174178,1.2091803550720215,0.16193224489688873,0.41818568,0.9652627111220594,1.7400718927383423,0.1829666942358017,0.35532922,0.9490352864110396,1.5375076532363892,0.10411370545625687,0.4429402,0.9463207366980722,1.7357077598571777,0.2588345408439636,0.35373306,0.9553857230064813,1.5618342161178589,0.09060908854007721,0.35094482,0.9466737084599282,1.5749760866165161,0.2689136862754822,0.19601017,0.9646894062683361,1.591965913772583,0.07327587902545929,0.4950527,0.99291214724347,1.7732081413269043,0.15430621802806854,0.3564856,0.981233498239099,1.7828421592712402,0.08791949599981308,0.5126204,0.9926234745177508,2.1338489055633545,0.18114729225635529,0.28394043,0.977713003179456,2.0999982357025146,0.09485351294279099,0.38447666,0.9926663451320719,2.4367501735687256,0.2125624567270279,0.2960016,0.9743643310442418,2.1232335567474365,0.19684545695781708,0.30356327,0.9713275873453446,2.247404098510742,0.06778492033481598,0.4127744,1.019746474140551,2.0501303672790527,0.19158542156219482,0.5064652,0.9471877930383698,1.9836151599884033,0.20736625790596008,0.40558416,0.9222646922005098,1.8073712587356567,0.2270868569612503,0.28640077,0.9219371878225076,1.8996639251708984,0.25509336590766907,0.4912711,0.8580265024753885,2.3553223609924316,0.5425789952278137,0.4983319,0.43310851875586504,1.8882882595062256,0.19819557666778564,0.17782007,0.3131499387985196,2.053209066390991,0.18053340911865234,0.11738903,0.4841481658546257,2.6934404373168945
1,0.029490798711776733,0.23909208,0.7394190269206392,2.7789900302886963,0.01670784130692482,0.14880484,0.547352701422212,2.013371467590332,0.00016262856661342084,0.11032925,0.31858364870201883,1.0382329225540161,0.14013920724391937,0.32539424,0.9673414787213938,1.7237286567687988,0.18418832123279572,0.23600878,0.9525317522925583,1.8677687644958496,0.10775645077228546,0.35048157,0.941518841219803,1.4690192937850952,0.23776546120643616,0.253298,0.9656344308860635,1.7082901000976562,0.12069221585988998,0.23957151,0.950925178319146,1.773895025253296,0.2870315909385681,0.17599945,0.9697858006039946,1.4409221410751343,0.08082389831542969,0.42447388,0.9942259374543283,1.926088809967041,0.18486686050891876,0.27346554,0.982936493280493,1.9184913635253906,0.11189939081668854,0.4884066,1.0076132201555092,1.9082356691360474,0.21956214308738708,0.20664823,0.9755355798887927,2.200481653213501,0.10186663269996643,0.30186328,0.9850866253930324,2.5786702632904053,0.16922837495803833,0.20915827,0.9737796456900752,2.305143117904663,0.20047645270824432,0.2612844,0.9768976511140894,2.0580191612243652,0.14306758344173431,0.39602074,1.0051444527070095,2.0402705669403076,0.21922224760055542,0.40570706,0.9470491144717051,2.168316602706909,0.16549694538116455,0.45271754,0.9294507129047735,1.8990013599395752,0.18723595142364502,0.3044799,0.9533039672946577,1.8557096719741821,0.23087483644485474,0.42364946,0.8880942815193612,2.6111245155334473,0.5155324935913086,0.5007449,0.4741253173230705,2.1842002868652344,0.18363234400749207,0.2067366,0.40115179505128873,2.263169288635254,0.11768823117017746,0.20065123,0.6238635848624137,3.0088841915130615
1,0.044741883873939514,0.27416322,0.7267370031507273,2.8142011165618896,0.014640080742537975,0.13670732,0.5320864517497313,2.024744987487793,0.0005135304527357221,0.13864735,0.3202820007402674,1.2738789319992065,0.12974843382835388,0.3297727,0.9682492630256685,1.8954344987869263,0.21684430539608002,0.26930925,0.9536281765348799,1.779820442199707,0.1162763461470604,0.3900101,0.947868369380934,1.4889037609100342,0.25186485052108765,0.27598292,0.9610895486857958,1.7847909927368164,0.1437419056892395,0.2578367,0.9563228748767065,1.8911054134368896,0.2998903691768646,0.19529359,0.9673694278799004,1.5947319269180298,0.07962962985038757,0.4297043,0.9927694134436564,1.9515080451965332,0.15744568407535553,0.2916539,0.9804876323265752,1.7026569843292236,0.09357454627752304,0.5214999,1.01182416129622,1.9715571403503418,0.181314155459404,0.24509744,0.9762005142752179,2.3156051635742188,0.09656032919883728,0.33713436,0.9883541125358188,2.4624805450439453,0.16635072231292725,0.227359,0.974263078000898,2.105297088623047,0.20079848170280457,0.25310898,0.9838626524513305,1.7590082883834839,0.10215889662504196,0.3857376,1.0231595639997493,2.130136489868164,0.1268019676208496,0.47167754,0.959908882490146,1.729402780532837,0.13347472250461578,0.4217436,0.9533964483435626,1.8653278350830078,0.16436856985092163,0.30478695,0.9747448516639733,1.8275258541107178,0.2345440536737442,0.45179495,0.9103560395348599,2.325284481048584,0.5909507274627686,0.45474532,0.4752561921888377,1.9883581399917603,0.24737614393234253,0.20386057,0.3916181994937517,2.2096505165100098,0.14183858036994934,0.17936742,0.664751220409207,3.3726511001586914
0,0.046800874173641205,0.26249653,0.7324127204768708,3.0235376358032227,0.017828304320573807,0.18148994,0.5414597822211475,2.1516075134277344,0.0004314550315029919,0.14750846,0.3137661049664598,1.3973290920257568,0.11858230084180832,0.3728608,0.9659986985186451,1.9576389789581299,0.22074830532073975,0.2914491,0.9509204054815397,1.6675124168395996,0.1115589588880539,0.39253104,0.9488571477250717,1.9123756885528564,0.2173542082309723,0.32704303,0.9583404858751382,1.7964214086532593,0.13361622393131256,0.2473619,0.9552797095664738,1.7503832578659058,0.2913738191127777,0.20338096,0.9622137525239294,1.3760886192321777,0.0833851620554924,0.4462896,0.9847096941266398,2.1491949558258057,0.14511904120445251,0.33988333,0.9737269612349497,1.9082181453704834,0.06718709319829941,0.5546177,1.0023779678815805,2.3425614833831787,0.17761582136154175,0.27426723,0.9687177382124195,2.015340805053711,0.08620260655879974,0.40634185,0.9831205580338962,2.4480626583099365,0.13666830956935883,0.34363058,0.9720637357331047,2.589632034301758,0.14194847643375397,0.39559683,0.9827213528116188,2.1280105113983154,0.07917148619890213,0.3885406,1.011317680692304,2.0598490238189697,0.10453847050666809,0.48549277,0.961951042141581,1.8540898561477661,0.1011563315987587,0.45195547,0.9598523340677803,1.7767623662948608,0.1451307237148285,0.33389032,0.9814270396358648,1.8628432750701904,0.13810944557189941,0.5334491,0.9313743741266421,2.5685572624206543,0.5234360694885254,0.4722862,0.4994761695342918,2.2406249046325684,0.2298842817544937,0.20206761,0.41654550162827886,2.435746669769287,0.13356409966945648,0.17842989,0.6919499336678975,3.4979422092437744
0,0.023474495857954025,0.24505967,0.7366447405197886,2.825226068496704,0.014402702450752258,0.13503301,0.5463519256082751,1.9900165796279907,0.00016104496899060905,0.09896749,0.3225448530270341,1.002256989479065,0.12414660304784775,0.3260413,0.9694297548418153,1.4951539039611816,0.21285630762577057,0.2516221,0.954299388479363,1.6591477394104004,0.13133634626865387,0.36943623,0.9458870877609742,1.5404160022735596,0.2711450755596161,0.27169588,0.9641329922778082,1.8111330270767212,0.12698349356651306,0.24888647,0.9526162797045045,1.6968047618865967,0.2808151841163635,0.17904246,0.9674897248513453,1.6059684753417969,0.08366844803094864,0.39590153,0.9923703116777557,1.9172227382659912,0.1834740787744522,0.26761886,0.9821149145413176,1.78602933883667,0.12023051828145981,0.4285214,1.00903374227293,1.9681850671768188,0.21727395057678223,0.21932633,0.977557095878997,2.3287510871887207,0.11376111209392548,0.30085555,0.9894193995587067,1.9757152795791626,0.17119133472442627,0.23113884,0.9763695458886443,2.237191677093506,0.19222858548164368,0.23406598,0.9814991745391106,2.0279223918914795,0.11904187500476837,0.3939879,1.0135465400725445,2.419926643371582,0.2034858912229538,0.43573868,0.9590477418437935,2.310337781906128,0.14748576283454895,0.40831262,0.949483265701067,1.9392074346542358,0.18568392097949982,0.29257542,0.9761070129274984,1.7688772678375244,0.24717792868614197,0.41916406,0.9183111713503216,2.492096424102783,0.5563051104545593,0.4914673,0.4792777532444421,2.1098523139953613,0.23210664093494415,0.21766604,0.4066539568831441,2.2601046562194824,0.14194543659687042,0.21264344,0.6732824583976836,3.322922706604004
0,0.03391944244503975,0.24809289,0.7312368753312571,2.5419740676879883,0.016142413020133972,0.12789677,0.5349418940269541,1.7904784679412842,0.00012198301556054503,0.10871436,0.31646793742561935,1.2427611351013184,0.1259431540966034,0.31879026,0.9670738453907834,1.8531100749969482,0.18160340189933777,0.24807654,0.9541282154951641,2.0513317584991455,0.101959228515625,0.3638071,0.9416558542882197,1.6021875143051147,0.2726869285106659,0.29111242,0.9670713767282264,1.6689870357513428,0.14332979917526245,0.23362574,0.95275316769197,1.3457111120224,0.30826982855796814,0.18409503,0.9737549163456873,1.5877509117126465,0.11021693050861359,0.45105782,1.002449177512585,2.2135169506073,0.21603083610534668,0.28345326,0.9858470083936933,1.7505269050598145,0.1102503165602684,0.50574774,1.024515089516082,2.0756001472473145,0.23290596902370453,0.23603378,0.9885219991288604,2.2462573051452637,0.1193353608250618,0.3294106,0.9943133941737108,2.291165828704834,0.22632262110710144,0.22088824,0.9800071580294337,2.1267123222351074,0.22314240038394928,0.27145895,0.9894945015573017,2.1146469116210938,0.18071438372135162,0.39750865,1.0209175555997922,2.40189790725708,0.23379909992218018,0.4414463,0.9458986781033947,2.176943063735962,0.18465688824653625,0.46095422,0.935416884629516,2.0825719833374023,0.20925676822662354,0.29342294,0.9664429148828552,1.8788782358169556,0.29759031534194946,0.44666737,0.8941674019436704,2.394454002380371,0.6237598657608032,0.45120052,0.47004901921918113,1.8647109270095825,0.25149762630462646,0.21802466,0.38317383349428935,2.3022375106811523,0.17048236727714539,0.21238971,0.6479500951689289,3.215583562850952
0,0.04943794757127762,0.26542386,0.7311118205093161,2.962961435317993,0.014751359820365906,0.14281262,0.534573043968957,2.0938448905944824,0.0002160205622203648,0.13319643,0.32123055690955793,1.3028620481491089,0.11874143779277802,0.3401654,0.9671051674609288,1.95439875125885,0.21386168897151947,0.28199452,0.951817565094356,1.9667078256607056,0.12118525058031082,0.39862347,0.9500542561857113,1.758225917816162,0.22791257500648499,0.3271101,0.9613188976455073,1.8985710144042969,0.12999437749385834,0.26305485,0.9558726957376182,1.780541181564331,0.28696107864379883,0.20192632,0.9633682634625242,1.6300327777862549,0.07481060177087784,0.4479432,0.9862106592777433,1.942156434059143,0.16679246723651886,0.32516345,0.9767285930368826,1.7566802501678467,0.08092238754034042,0.53499275,1.005310935553063,1.8703557252883911,0.21371690928936005,0.2595789,0.9733933015391556,2.230024576187134,0.09607813507318497,0.35199672,0.9854675788740098,2.271348476409912,0.15316994488239288,0.26462126,0.9731505013731957,2.3895368576049805,0.17205674946308136,0.2815107,0.9807457946469731,2.0555193424224854,0.0876435711979866,0.39466643,1.011856810405321,2.3910105228424072,0.1284891963005066,0.4655946,0.9616898083254962,2.0104358196258545,0.11345652490854263,0.4247416,0.9528367691194178,1.9387820959091187,0.158121258020401,0.31863806,0.9777304199239124,1.7895501852035522,0.19581864774227142,0.48242813,0.9247771117911397,2.5968639850616455,0.5555695295333862,0.46747732,0.48348595011045964,2.1408791542053223,0.2366800159215927,0.19245222,0.40179681330087985,2.3672289848327637,0.1643720120191574,0.18412644,0.680300177565934,3.4535720348358154
0,0.03920458257198334,0.26421428,0.7407671629204508,3.0872738361358643,0.013298114761710167,0.14062496,0.5453426019508997,2.2614924907684326,0.0005833329632878304,0.14995499,0.3176082517567912,1.1759929656982422,0.0834321528673172,0.3563251,0.9662343335153227,1.9570729732513428,0.15617330372333527,0.26325664,0.9450334561707788,1.5932247638702393,0.1229713186621666,0.38444948,0.939967024586484,1.5187137126922607,0.1780707985162735,0.29543,0.9572913817289558,1.7797949314117432,0.09589973837137222,0.24888729,0.9466661733498964,1.9489344358444214,0.30267420411109924,0.18019803,0.9611462771410283,1.5391812324523926,0.066277414560318,0.4369231,0.9862793282306386,2.0684432983398438,0.16843822598457336,0.2814671,0.9779232396938499,1.7149618864059448,0.09034410119056702,0.46867758,1.0093455459008316,2.0885186195373535,0.1715446561574936,0.2430235,0.9729039678316258,2.51658296585083,0.08767286688089371,0.34610528,0.9876385499970813,2.3382556438446045,0.143844336271286,0.26170105,0.9729336985295528,2.4889886379241943,0.1302822232246399,0.31028256,0.9794261535281209,2.503146171569824,0.07842344045639038,0.3936504,1.0093823467714815,2.3045101165771484,0.09669509530067444,0.46508187,0.9597251082537457,2.243774652481079,0.09583795070648193,0.5034188,0.9544536778402488,2.3063745498657227,0.14573544263839722,0.34962884,0.9765431556826023,2.045323610305786,0.1366538405418396,0.48523644,0.9211642146542989,2.6097187995910645,0.4615868031978607,0.4894153,0.5174281390887173,2.343062400817871,0.21231739223003387,0.18290967,0.43061644557902234,2.3880465030670166,0.12307211011648178,0.15782109,0.6937416387366988,3.4319353103637695
0,0.04316098242998123,0.27534714,0.7393690869137483,3.007047414779663,0.013997768051922321,0.14755803,0.5490060805141083,2.125255823135376,0.0002723321958910674,0.14477807,0.3192379222426535,1.212256908416748,0.1295890361070633,0.33960205,0.967487401764056,1.9941775798797607,0.2020702064037323,0.25130808,0.9511710630691942,1.7864649295806885,0.10790333896875381,0.37791944,0.9466851614543673,1.5142368078231812,0.23962819576263428,0.29214644,0.9582542033209936,1.9520797729492188,0.13656553626060486,0.25516644,0.9530418507448445,1.734461784362793,0.2941783368587494,0.18020774,0.963115023378996,1.5650372505187988,0.08109048008918762,0.45168057,0.9874850776291185,1.6956613063812256,0.16652123630046844,0.3098075,0.9775165894398072,1.5459043979644775,0.07731989771127701,0.5582088,1.0092946369585305,2.1484689712524414,0.18843214213848114,0.24542505,0.9727847858797396,2.0165512561798096,0.10704773664474487,0.3882423,0.988471165818644,2.3520090579986572,0.15617923438549042,0.2617957,0.9735352368563323,2.3728678226470947,0.16414542496204376,0.32073656,0.9817994281958421,2.0205817222595215,0.06332297623157501,0.39099735,1.0095078351094382,1.9366997480392456,0.12991490960121155,0.46367434,0.9493763204034285,1.912412166595459,0.1290617287158966,0.4170742,0.9412427367048242,2.147190809249878,0.16597607731819153,0.31896275,0.9628645707075236,1.782859444618225,0.2099277526140213,0.48830846,0.9097869727691885,2.4610395431518555,0.5595203638076782,0.49476698,0.4805982450034294,2.114670753479004,0.2531962990760803,0.18989281,0.3979676850038784,2.307644844055176,0.14590221643447876,0.1740472,0.661764539292201,3.3275132179260254
0,0.033402327448129654,0.2378875,0.7494200393086748,2.6774463653564453,0.017236288636922836,0.12798248,0.5611361217949579,1.9021557569503784,0.00016983096429612488,0.11223965,0.3210984443963644,1.0038813352584839,0.1254972368478775,0.3112516,0.9686213222858284,1.5712170600891113,0.19209112226963043,0.24228625,0.9530097728428725,1.8548167943954468,0.1222974881529808,0.32869557,0.9348463409980411,2.0272769927978516,0.21882443130016327,0.28575668,0.9589609213603453,1.7539188861846924,0.14136779308319092,0.24656111,0.9416339940583194,1.4777472019195557,0.3001239597797394,0.17929153,0.9707285538950122,1.3506783246994019,0.08783615380525589,0.38015404,0.9996548747850339,2.1485304832458496,0.20301572978496552,0.2584456,0.9841490281453277,1.776578664779663,0.12022256851196289,0.44688272,1.0188493525825704,1.9560202360153198,0.2081536501646042,0.21930581,0.9801597169407307,2.141437530517578,0.10176384449005127,0.25584602,0.9907579679382577,2.4055914878845215,0.23670946061611176,0.23171586,0.9778424676878126,2.2395060062408447,0.19973117113113403,0.2683413,0.9842433195329348,2.1612279415130615,0.15374955534934998,0.3958866,1.0163107587667588,2.273317813873291,0.19110648334026337,0.43356994,0.9444396734713324,2.294875144958496,0.1595803201198578,0.4760417,0.9333963537047233,2.2022764682769775,0.19950377941131592,0.31398687,0.9505195540585488,1.8473243713378906,0.24642878770828247,0.41132063,0.8820147719583777,2.5802433490753174,0.5272415280342102,0.47853687,0.48909256452472344,2.130068302154541,0.23592135310173035,0.19798169,0.40185345858992555,2.205782175064087,0.12806186079978943,0.19946952,0.660141445155359,3.1991498470306396
1,0.0518624484539032,0.22036508,0.7558456760234289,3.314807891845703,0.032317619770765305,0.19072199,0.5955793895406641,2.6695556640625,0.0003271034802310169,0.14402571,0.3099269287161623,1.3263332843780518,0.11577488481998444,0.4105107,0.9620067005745268,1.5936270952224731,0.16466356813907623,0.33990365,0.9457208901108942,2.1743905544281006,0.07340287417173386,0.462677,0.9471619353804671,2.3394761085510254,0.198015958070755,0.3510522,0.953228823698723,1.9243505001068115,0.10423245280981064,0.3499947,0.9501177788605254,1.6590303182601929,0.2816879451274872,0.22466227,0.9530473790185147,1.6656551361083984,0.07139373570680618,0.4534198,0.968645790631326,1.5460315942764282,0.1544375866651535,0.3359019,0.9677914632395597,1.7353646755218506,0.07348663359880447,0.4774625,0.9797429588641436,2.2455854415893555,0.16426008939743042,0.28903574,0.9646203819896659,1.9019442796707153,0.08702971041202545,0.28032497,0.9753578804428017,2.1872732639312744,0.1593126803636551,0.27611613,0.9623284764883097,1.903891682624817,0.1650221347808838,0.2843329,0.9565415954983929,2.144374132156372,0.054020728915929794,0.38505223,0.9825485707254847,2.262871026992798,0.1394294649362564,0.4727294,0.9423853086920889,2.405007839202881,0.10746735334396362,0.42124587,0.9346906977635575,1.9474730491638184,0.1377386748790741,0.3227651,0.9284862189778351,2.1602301597595215,0.13554538786411285,0.49009585,0.8917531292480109,2.800212860107422,0.5198617577552795,0.47722185,0.44462563769408314,2.0412373542785645,0.20720969140529633,0.1631067,0.3286238372477284,2.207813024520874,0.11286070942878723,0.1403732,0.5185932053342468,3.0015666484832764
0,0.03638994321227074,0.26075125,0.7288408034736049,2.5475828647613525,0.007855667732656002,0.16324447,0.5287894191552452,1.6878056526184082,0.00013543915702030063,0.11956327,0.3164519243433077,1.3653866052627563,0.12273287028074265,0.3562946,0.9686340212351879,1.6962308883666992,0.20629607141017914,0.29715574,0.9558159811592711,1.878510594367981,0.11664039641618729,0.41298524,0.9447453510823183,1.7291107177734375,0.24916961789131165,0.31329545,0.9693641283504096,1.800614595413208,0.15306031703948975,0.2345717,0.9548109085847502,1.7647918462753296,0.2906072735786438,0.18034455,0.972475756079833,1.5178430080413818,0.10776590555906296,0.45452836,0.999175060741188,2.149332046508789,0.1986827701330185,0.31184015,0.9866439307781436,1.9884765148162842,0.12159863859415054,0.51955074,1.0272648603018673,1.7558691501617432,0.21617963910102844,0.26298603,0.9857773022992387,2.3221981525421143,0.11440708488225937,0.35772187,0.9956022041418464,2.25970458984375,0.1867477297782898,0.23730028,0.9816105521604727,1.9773540496826172,0.2178736925125122,0.29035914,0.9928744840646899,2.11081862449646,0.16293276846408844,0.39224288,1.0262141998709708,2.586134195327759,0.24496784806251526,0.462875,0.955152687879115,2.2245712280273438,0.1714538335800171,0.42892382,0.9483078450788548,2.0895323753356934,0.21258793771266937,0.34839752,0.980019571784273,1.698929786682129,0.3040488064289093,0.47490874,0.9059670890034759,2.3758323192596436,0.631005585193634,0.4340617,0.4773423944219782,1.8313909769058228,0.265800416469574,0.2191512,0.39793327560736086,2.2406506538391113,0.19254617393016815,0.22118668,0.6773005298666335,3.3446476459503174
0,0.04421577230095863,0.2700177,0.738419106527078,2.873643636703491,0.013096105307340622,0.1572142,0.5429725815260026,1.9896841049194336,0.00020434000180102885,0.13963327,0.3122716205216931,1.099224328994751,0.1160389706492424,0.33759907,0.9689661666380237,1.5792115926742554,0.21027325093746185,0.25938162,0.9534419680427425,1.846677303314209,0.12464987486600876,0.35826546,0.9482614588435376,1.54977548122406,0.24498514831066132,0.27376267,0.9620639603438578,1.6500084400177002,0.13607051968574524,0.2556013,0.9508060380154221,1.7591447830200195,0.2960622310638428,0.17071305,0.9641167220414698,1.6556003093719482,0.09109149128198624,0.4129616,0.9942047598025444,1.9029819965362549,0.17490637302398682,0.2692754,0.983732803357654,1.8894902467727661,0.1170903667807579,0.4337639,1.0132018662905489,1.8209871053695679,0.25834429264068604,0.21247514,0.9749627660933866,2.064785957336426,0.10758201777935028,0.2671811,0.9906126677316505,2.4157660007476807,0.18604038655757904,0.24366267,0.9749755550258263,2.0036487579345703,0.1880522221326828,0.23557542,0.9801153424930882,2.017523765563965,0.138644739985466,0.38663435,1.011606431959869,2.4239161014556885,0.12822437286376953,0.45361236,0.9558976455975179,1.6926852464675903,0.12858852744102478,0.44838738,0.9451075870613931,2.0233376026153564,0.16486521065235138,0.31627473,0.9729504984413297,1.8923512697219849,0.2304256409406662,0.4447602,0.9044998228224116,2.548799991607666,0.551087498664856,0.5104291,0.4707055552765396,2.0194387435913086,0.20898380875587463,0.2229459,0.39610595173908736,2.314824104309082,0.12387777864933014,0.19468236,0.6572217718961976,3.274508237838745
0,0.04722341150045395,0.25064188,0.7335712146251544,3.1045591831207275,0.02398616261780262,0.17262886,0.542692166285279,2.2892932891845703,0.000493511266540736,0.15011717,0.31289447788959146,1.1923774480819702,0.1034499928355217,0.3534304,0.9656770084539922,1.9654771089553833,0.1812666803598404,0.27013886,0.9495380713017734,2.046142816543579,0.0968942865729332,0.3953172,0.9496497842669828,1.7682137489318848,0.20581503212451935,0.33890426,0.9588431554877845,1.8914544582366943,0.11990297585725784,0.27936488,0.9545565159535919,1.8762916326522827,0.28753402829170227,0.20224127,0.9614182635666634,1.5759050846099854,0.05862338840961456,0.4850629,0.9823806566076938,2.072789430618286,0.17841114103794098,0.32493958,0.9710916931074056,1.6911346912384033,0.07316039502620697,0.55691594,0.9961529098224124,1.9426599740982056,0.1868012249469757,0.27913755,0.9689315931402084,2.179142475128174,0.08971130847930908,0.4010662,0.9797707449867815,2.5046844482421875,0.15156055986881256,0.30178845,0.9689169685315577,2.2285690307617188,0.15247468650341034,0.33776236,0.976624305231884,2.095663547515869,0.060745831578969955,0.38639012,1.0033641140364402,2.12958025932312,0.1085747554898262,0.4715288,0.950734878949525,1.974339246749878,0.09790594130754471,0.4897027,0.9437908659811712,2.1252613067626953,0.1380131095647812,0.34726316,0.9677543224757,1.9048062562942505,0.18401288986206055,0.5236319,0.9192256679520268,2.3792307376861572,0.5353075861930847,0.48398477,0.49025477533554873,2.1873960494995117,0.24088385701179504,0.18354814,0.3888872417683977,2.3543102741241455,0.13836289942264557,0.15729398,0.6840122439994702,3.4180917739868164
1,0.05269838124513626,0.24621752,0.7584821436727148,3.273242473602295,0.02862919308245182,0.13556923,0.5874076870898879,2.445596933364868,0.0006502497708424926,0.13179572,0.3125979238874585,1.4269077777862549,0.11841282248497009,0.41828814,0.9660862626303944,1.421648383140564,0.19257019460201263,0.3372989,0.9504368003783878,1.7656993865966797,0.09603063017129898,0.4670386,0.9489613407119589,1.755882740020752,0.23175086081027985,0.3551536,0.9530338742421005,1.9094133377075195,0.11005362123250961,0.34170157,0.9498091343090083,1.5638631582260132,0.2626563310623169,0.20182899,0.9586006666092476,1.4540163278579712,0.05641908571124077,0.48268163,0.982782340229045,1.797865867614746,0.20663870871067047,0.34707463,0.9691504241569726,1.9038060903549194,0.07621688395738602,0.5342365,0.9834574828135698,1.867294192314148,0.17989283800125122,0.31112137,0.9678914209537275,1.8852643966674805,0.09158129245042801,0.3488207,0.9806272304329142,1.9630210399627686,0.17509116232395172,0.28398752,0.9659232480180012,1.979455828666687,0.19732573628425598,0.3492984,0.9638136370998218,1.9568860530853271,0.04789078235626221,0.3857562,0.9907182924555673,2.127763509750366,0.16891738772392273,0.49362466,0.9314475907980891,2.0468924045562744,0.15489350259304047,0.44692788,0.9127819913044544,1.4797412157058716,0.19596727192401886,0.31176966,0.9103210837717386,1.8377984762191772,0.23708581924438477,0.5052062,0.8695819949694469,2.2630021572113037,0.610602080821991,0.47915426,0.425328416374446,1.8151676654815674,0.24921715259552002,0.15866098,0.28156122859005184,1.996399998664856,0.19799157977104187,0.118032485,0.5178422381854515,2.8976213932037354
0,0.0653759017586708,0.24537563,0.7461094625115401,3.1655478477478027,0.025159912183880806,0.16347693,0.5594764904566937,2.34330415725708,0.0005783923552371562,0.14660618,0.3197344280648187,1.3696744441986084,0.105823814868927,0.3663938,0.9665826997258726,1.749787449836731,0.1825711578130722,0.26926664,0.9501409131742368,1.6498606204986572,0.10143207758665085,0.38713622,0.9513648159062237,1.6625404357910156,0.23591186106204987,0.3135837,0.9555161095449212,1.823615312576294,0.0941106528043747,0.27943608,0.9540127029650907,1.755387783050537,0.2591753900051117,0.20657164,0.961420766079678,1.439712405204773,0.0590241514146328,0.49608022,0.9832268598076498,1.7620906829833984,0.17658378183841705,0.28709522,0.9713344099473256,1.7959728240966797,0.07050808519124985,0.5368952,0.9937146962519948,2.260535955429077,0.15919293463230133,0.2665298,0.9697408317080195,2.179722785949707,0.07088378816843033,0.39777485,0.9830488994805977,2.43990421295166,0.14946606755256653,0.25290787,0.9700049992964875,2.2561511993408203,0.17120376229286194,0.3118392,0.9773370775312301,1.9405105113983154,0.043712593615055084,0.40953925,1.0097728249131297,2.0847628116607666,0.14581643044948578,0.45518816,0.9492128270330978,2.0637359619140625,0.1016833558678627,0.47691244,0.9386204437916668,1.8946105241775513,0.13773754239082336,0.34657833,0.9588129772354962,1.9982614517211914,0.1653033047914505,0.46923038,0.9099645203507044,2.6187496185302734,0.5074945092201233,0.48540926,0.4790614302668877,2.2685904502868652,0.22535058856010437,0.1748219,0.39030513216765234,2.392500877380371,0.15053631365299225,0.14946797,0.654314527230237,3.3439486026763916
1,0.059650976210832596,0.27085513,0.7525291710257667,3.040846586227417,0.015246648341417313,0.15390569,0.5886178775162769,2.237729549407959,0.001146515365689993,0.15686542,0.3241588673526468,1.2667156457901,0.08801311999559402,0.40059108,0.9650560102825118,1.830156922340393,0.1777196079492569,0.3278355,0.9472380117169064,1.7631107568740845,0.12218528240919113,0.41647363,0.9399256222213005,1.7882972955703735,0.21460892260074615,0.3422202,0.9543176135917559,1.744783878326416,0.10179518908262253,0.354184,0.9415366633314111,1.3241732120513916,0.3026125729084015,0.18611664,0.9604124574237309,1.3420928716659546,0.08007839322090149,0.4339615,0.9795551211677966,1.908153772354126,0.1686829775571823,0.28975186,0.9751907541171095,1.846031904220581,0.08564554899930954,0.49663955,0.9917732087198361,1.8579487800598145,0.19064730405807495,0.24107891,0.9761311077804149,1.9471383094787598,0.09647496789693832,0.27945015,0.988665250406903,2.1398701667785645,0.18812775611877441,0.2801735,0.975415412259143,1.994443655014038,0.1969156712293625,0.31219447,0.9678917974626313,1.7687122821807861,0.09389834851026535,0.43144628,0.9920943202882059,2.133756160736084,0.1977207213640213,0.48095033,0.9301306788868499,1.9119908809661865,0.17473895847797394,0.459614,0.9086371003086104,1.8514273166656494,0.2119743376970291,0.3239227,0.9037568857433002,1.8068633079528809,0.2667851746082306,0.46782923,0.8419938041531536,2.4171721935272217,0.5681779384613037,0.4865601,0.42186940778923787,1.7872838973999023,0.2622741162776947,0.1730764,0.3037010612732622,2.0997562408447266,0.16720418632030487,0.121493064,0.5435082597667417,2.8736824989318848
1,0.04329962283372879,0.26935655,0.7558446531919187,3.106987476348877,0.03498297184705734,0.19709861,0.5941679808589788,2.4018571376800537,0.0011688240338116884,0.14965577,0.31478488824405226,1.4151017665863037,0.11977458745241165,0.4161292,0.964754890032469,1.5312113761901855,0.1665925681591034,0.33721346,0.9487585900951766,1.707896113395691,0.08636164665222168,0.44506773,0.9428209439198251,1.591705083847046,0.22685553133487701,0.33966097,0.9527385573610582,1.7169822454452515,0.08294264227151871,0.36644727,0.9479564943571062,1.6455738544464111,0.2622855305671692,0.22790566,0.9607646396518728,1.348879337310791,0.07625855505466461,0.47211698,0.983651691458349,1.7572548389434814,0.16169624030590057,0.34444362,0.9763419826821615,1.8206002712249756,0.10097114741802216,0.54839224,0.9931492838149949,1.939349889755249,0.20442302525043488,0.28124627,0.974643970358237,2.003532886505127,0.09113273024559021,0.33402798,0.9879223248986252,1.8354955911636353,0.19104589521884918,0.23821169,0.9699736625342288,2.2569541931152344,0.20287680625915527,0.26818165,0.9636050336314583,2.24204158782959,0.09005531668663025,0.40542647,0.9868025319504574,1.974527359008789,0.1674243062734604,0.48295063,0.9368859696713444,1.9901998043060303,0.1732538789510727,0.43117252,0.9178348183720167,1.7284568548202515,0.2008022964000702,0.31264424,0.9165871378654302,1.842708706855774,0.23999084532260895,0.44020903,0.8694439054167613,2.3597207069396973,0.543762743473053,0.492666,0.4136689330574692,1.9257339239120483,0.20429843664169312,0.1735201,0.3012065948017368,2.095698356628418,0.17071357369422913,0.14900397,0.5499419260240317,2.9460415840148926
0,0.044289540499448776,0.25882393,0.7355420341316345,3.085681915283203,0.018074916675686836,0.15060773,0.5494396006986294,2.2247722148895264,0.0005596342962235212,0.14366247,0.31285413163871667,1.368048906326294,0.10958876460790634,0.35037953,0.9663420222041672,1.7195309400558472,0.18951623141765594,0.26770213,0.9507964783065679,2.0305564403533936,0.10079049319028854,0.39361873,0.9509208172328031,1.8744171857833862,0.21892854571342468,0.33427435,0.9596336505707356,2.026153326034546,0.11053833365440369,0.28223762,0.9561576307211676,1.6820265054702759,0.2947181165218353,0.20116913,0.9629407591683246,1.5239919424057007,0.06480208039283752,0.47436833,0.9839747706317964,2.1121726036071777,0.16983933746814728,0.31488773,0.9732688993301385,1.746788740158081,0.08257465064525604,0.5457792,0.9984725359192725,2.3486409187316895,0.16528208553791046,0.271963,0.9707510576614626,2.0220024585723877,0.08351387828588486,0.40012583,0.9828752691816426,2.410553216934204,0.17208220064640045,0.29160485,0.9691250763229637,2.2156786918640137,0.16017700731754303,0.32868937,0.9765604319205141,2.124145746231079,0.06081654876470566,0.4046905,1.005864262847903,1.9446637630462646,0.12026165425777435,0.47079915,0.949527888972463,2.0250866413116455,0.10197709500789642,0.45736936,0.9417156129779354,1.8099515438079834,0.1383986473083496,0.3490044,0.9641117184457867,2.039238929748535,0.18139733374118805,0.52403194,0.9153594081127536,2.499121904373169,0.5403871536254883,0.4918912,0.48998712741391154,2.0965757369995117,0.22325101494789124,0.18852083,0.39173452465378544,2.342524290084839,0.1500469297170639,0.1600647,0.6782719135164428,3.4410760402679443
0,0.03046819008886814,0.24781236,0.7273702935664037,2.7459089756011963,0.01061693299561739,0.15843587,0.5296461762931539,1.9407435655593872,0.0003463833418209106,0.12933809,0.3135666456098343,1.2268208265304565,0.11724241822957993,0.36124647,0.9686614110568929,1.8170157670974731,0.17988497018814087,0.3117519,0.9552026842891657,2.0239124298095703,0.1123272106051445,0.41110605,0.9469272970565842,1.6257870197296143,0.24402368068695068,0.32229954,0.963889733516774,1.9294474124908447,0.13022561371326447,0.24318941,0.9551685606545482,1.8438643217086792,0.2734053134918213,0.19431642,0.9699786938475424,1.5771467685699463,0.09192722290754318,0.46956235,0.9962995127861967,2.0221407413482666,0.17547377943992615,0.30232492,0.9822234823999073,1.767402172088623,0.09681500494480133,0.5439646,1.0169363139923249,1.9856064319610596,0.21808235347270966,0.27704296,0.9813839013252571,2.1995911598205566,0.09597136080265045,0.38217852,0.9889996481618297,2.5837342739105225,0.19011014699935913,0.25080913,0.9756500849477688,2.200227737426758,0.19272826611995697,0.31531522,0.9907949881693099,1.9605411291122437,0.12982751429080963,0.40476117,1.023865422517308,2.2221691608428955,0.1650303453207016,0.4669549,0.9611172071441008,2.0834453105926514,0.12924297153949738,0.45881876,0.9581954626443575,1.933066964149475,0.18105942010879517,0.3569986,0.9869479357197075,1.76694917678833,0.25061696767807007,0.48926657,0.9170152620190218,2.4373393058776855,0.6113361716270447,0.44822946,0.4811160795929069,1.9436757564544678,0.25867632031440735,0.19284528,0.39981464606607425,2.186026096343994,0.13928548991680145,0.17545375,0.6839699283651612,3.4326670169830322
0,0.043094635009765625,0.25644574,0.7286235885074854,3.041761875152588,0.012964469380676746,0.16320795,0.5354455794611559,2.2592883110046387,0.0007414787542074919,0.14245962,0.31325832894387223,1.3378692865371704,0.09992311894893646,0.36864808,0.9658401759926972,1.9627904891967773,0.18774467706680298,0.28417113,0.9481560318128134,2.0189387798309326,0.10374803841114044,0.39346176,0.946490535775759,1.8145864009857178,0.1884794682264328,0.33063594,0.9558443372444546,2.064892292022705,0.10475720465183258,0.2768289,0.9523181806817976,1.95972740650177,0.29535332322120667,0.19387321,0.9592859550083188,1.60560941696167,0.06009259819984436,0.47217602,0.9869854069199853,1.6692923307418823,0.16096095740795135,0.31448498,0.9748362751895074,1.4822981357574463,0.07631496340036392,0.5123823,1.003436673801323,2.0515122413635254,0.18322491645812988,0.250904,0.9697735607739512,1.9677166938781738,0.07842375338077545,0.38325945,0.984628921492118,2.1189088821411133,0.16826806962490082,0.2894763,0.9708511909922234,2.279745101928711,0.14800190925598145,0.3074483,0.9758938428897818,2.3119239807128906,0.06422145664691925,0.411853,1.0020592667852264,1.8973021507263184,0.1274789422750473,0.47876808,0.9535147861146911,2.4393229484558105,0.09759397059679031,0.5129598,0.9489755815536066,2.0829546451568604,0.1408836394548416,0.35910946,0.9677315272498536,1.9371322393417358,0.1675042361021042,0.46472746,0.9212131399259917,2.542970657348633,0.507186770439148,0.51267177,0.4950186825331532,2.2632198333740234,0.2160097062587738,0.19001392,0.4033769322588279,2.409306764602661,0.12416767328977585,0.15853801,0.6810953294670322,3.4383997917175293
0,0.060995493084192276,0.22708026,0.7161099085746978,3.1046011447906494,0.020996863022446632,0.20204099,0.5289222966463659,2.3521628379821777,0.0001507255801698193,0.14550026,0.3137521596692787,1.5753854513168335,0.10893097519874573,0.38380486,0.9631994590098948,1.6809728145599365,0.19751524925231934,0.29981214,0.947515452882219,1.9889843463897705,0.1090289056301117,0.4059691,0.9502470652642442,1.948232650756836,0.18204332888126373,0.34888664,0.9541641115936458,1.9774270057678223,0.11109364032745361,0.2727371,0.9538045837124891,2.0029096603393555,0.2673957049846649,0.2079983,0.9561205169674049,1.5975146293640137,0.06660895049571991,0.48534685,0.9810645305333769,1.8284860849380493,0.15238510072231293,0.33467007,0.9686716142280504,1.8354291915893555,0.06905437260866165,0.55354387,0.9969688339515662,1.962962031364441,0.20369762182235718,0.3106586,0.9666953842879399,2.51631236076355,0.09212633222341537,0.38802168,0.9809571962291914,1.8717191219329834,0.1314217448234558,0.30059043,0.9672481980797424,2.5999438762664795,0.12271535396575928,0.37145033,0.9780981607759734,2.063950538635254,0.1086082011461258,0.40273833,1.0110889402991683,2.205922842025757,0.09511088579893112,0.48236504,0.9673697310814657,2.2659976482391357,0.0764920562505722,0.5148315,0.9666296018245474,2.1241514682769775,0.12574192881584167,0.32119384,0.9844248998541225,1.918074607849121,0.12009016424417496,0.52572984,0.9389180765744599,2.491201877593994,0.5341416597366333,0.48047987,0.5081508409135058,2.266988754272461,0.21680660545825958,0.17309977,0.4151012702421261,2.415600061416626,0.12427202612161636,0.15013948,0.6930297253728259,3.5120277404785156
0,0.04077601060271263,0.24433538,0.7271828249773933,2.982365369796753,0.021415969356894493,0.18356213,0.5345598133044913,2.254380702972412,0.0008074087672866881,0.14682233,0.3180153869119752,1.455262303352356,0.11301860958337784,0.35505068,0.966732513799865,1.7603319883346558,0.1926906853914261,0.28130153,0.949938239252232,1.94465970993042,0.11583078652620316,0.4020705,0.9501607914095824,1.8261297941207886,0.21474392712116241,0.31521845,0.9562935354678997,1.916353702545166,0.12351690977811813,0.2533985,0.9542533061724783,2.005709648132324,0.3045785427093506,0.18274476,0.9596723891192573,1.5848443508148193,0.06496250629425049,0.42690262,0.9864530139253913,2.2749128341674805,0.1566755771636963,0.31279853,0.9750803170932132,1.5137447118759155,0.07422517240047455,0.47446144,1.0018512421706776,2.015793561935425,0.1696256846189499,0.24978875,0.9684560903783666,2.286302328109741,0.08963698148727417,0.28628504,0.9823340990739324,2.3441433906555176,0.1409185379743576,0.2686635,0.9693663637037697,2.269712448120117,0.1598002314567566,0.22579148,0.9770941713578316,2.175989866256714,0.08381630480289459,0.38926646,1.0041527232901817,2.330784797668457,0.09256116300821304,0.47230893,0.9552728256009033,1.7109185457229614,0.10505487024784088,0.4342023,0.947488105341165,1.8235292434692383,0.13316522538661957,0.29849175,0.9650415930580971,1.9195873737335205,0.19178220629692078,0.4715572,0.9198108454277176,2.383707284927368,0.5327878594398499,0.47956035,0.4706735026634807,2.167877197265625,0.21896152198314667,0.19222638,0.38882373856073194,2.322521448135376,0.14214582741260529,0.17575751,0.6529444746939049,3.387777328491211
0,0.049746617674827576,0.27527964,0.7227170080044736,2.6386423110961914,0.016548091545701027,0.18596204,0.5247026394652263,1.7699730396270752,0.0002211544633610174,0.13802862,0.3174256620933238,1.2741084098815918,0.12181363254785538,0.36606884,0.9697720674424483,1.8257275819778442,0.1867736130952835,0.29134795,0.9556723215369217,1.8962777853012085,0.11471410095691681,0.41091293,0.9449720087627465,1.84441339969635,0.25279316306114197,0.3146912,0.9661710350355207,1.691169261932373,0.1449718177318573,0.22829981,0.9546134215660157,1.816131830215454,0.2913397252559662,0.18946396,0.9704207473330507,1.5730359554290771,0.10086499899625778,0.45156664,0.9964468187995078,2.0273091793060303,0.18522442877292633,0.30635256,0.9842625918139752,1.9311444759368896,0.09770212322473526,0.5338443,1.023549326707904,1.932906985282898,0.19203034043312073,0.27671713,0.9826969854577856,2.4293177127838135,0.09307055175304413,0.3571627,0.9958787093608602,2.312404155731201,0.19256596267223358,0.23411532,0.9814176097446593,1.7322907447814941,0.20334236323833466,0.28503698,0.9929499068651291,1.858855962753296,0.11156128346920013,0.38444415,1.0210978494083944,2.325307607650757,0.14852505922317505,0.46516272,0.9586694076792033,2.0443060398101807,0.15293993055820465,0.4126531,0.9573139862764178,1.9191792011260986,0.20228387415409088,0.35471517,0.9801331059866623,1.7580517530441284,0.2734151780605316,0.4784827,0.9119657778353256,2.445551633834839,0.6206236481666565,0.45120767,0.4689447086113302,1.8846238851547241,0.26850655674934387,0.21541241,0.38865303736557877,2.1996495723724365,0.16631323099136353,0.19894773,0.6718153202148295,3.3641648292541504
0,0.03802517428994179,0.26392514,0.7309721984813708,2.9413256645202637,0.016708973795175552,0.17552096,0.5437099745748856,2.228818893432617,0.00034955269074998796,0.13954757,0.3212010890836604,1.1342076063156128,0.10072290897369385,0.36793867,0.9663694354384169,1.6562405824661255,0.17810294032096863,0.29407218,0.95261301472073,1.8927109241485596,0.1191379725933075,0.39833966,0.9473803016630646,1.7793262004852295,0.21487383544445038,0.34114304,0.9606864651472571,1.9642943143844604,0.11783464252948761,0.28313163,0.9557087054496696,1.819591999053955,0.2743583023548126,0.20377117,0.9655811504874486,1.4474973678588867,0.0655655637383461,0.47062686,0.9906223283028326,1.885512113571167,0.16170763969421387,0.34658217,0.9769828724889231,1.9180545806884766,0.08818473666906357,0.5051537,1.0042035326138221,2.000500202178955,0.22097520530223846,0.27148002,0.9711531656179426,2.3935959339141846,0.10768197476863861,0.38553312,0.985540405121923,2.2705540657043457,0.1944519728422165,0.30601647,0.9728380927053305,2.3558549880981445,0.16158291697502136,0.35478398,0.9823504895113976,1.8275874853134155,0.13105149567127228,0.40050226,0.9999935745935759,2.3314976692199707,0.16648520529270172,0.4662592,0.9469030265782359,2.2414777278900146,0.11073589324951172,0.48317,0.9373436024688931,1.8728163242340088,0.15515422821044922,0.31755581,0.9644086441938157,1.86216139793396,0.192064568400383,0.50855166,0.9172154996428148,2.3897769451141357,0.5616288185119629,0.5015924,0.49483426854922,2.0694780349731445,0.2321726381778717,0.19663405,0.39396975748139756,2.2639999389648438,0.13709068298339844,0.17429027,0.6638277355559788,3.357844114303589
1,0.04505426064133644,0.22053495,0.7555187933532654,3.3188915252685547,0.033665161579847336,0.172696,0.5865079115704777,2.55745005607605,0.0009453778620809317,0.14647576,0.3080857341449678,1.2480077743530273,0.10492472350597382,0.4342445,0.9637609759893131,1.5314799547195435,0.1913478970527649,0.3522003,0.9492413566859835,1.5403249263763428,0.08557599782943726,0.47569516,0.9532991288116015,1.894554615020752,0.2256525307893753,0.35878104,0.952833024132275,1.9175382852554321,0.08252532035112381,0.37721175,0.9533537671473442,1.8514267206192017,0.26137518882751465,0.25048012,0.9597496548639797,1.4942305088043213,0.07494910061359406,0.48019978,0.9831332058192886,1.628827452659607,0.16457299888134003,0.36081904,0.9718092586920285,1.7991478443145752,0.07842326164245605,0.4972942,0.9817293172340879,1.6298749446868896,0.1828201562166214,0.34053385,0.9703080658838702,2.123251438140869,0.08298973739147186,0.39544064,0.9834573537649033,1.669146180152893,0.1661192923784256,0.31709012,0.9669736759500198,2.3889689445495605,0.16753798723220825,0.2956987,0.9607560469831873,2.222724676132202,0.06776312738656998,0.38700917,0.9908008071555788,2.1127583980560303,0.14328448474407196,0.4865647,0.9470432554876991,1.9366004467010498,0.14862710237503052,0.4505726,0.930242578586272,1.8071093559265137,0.18233634531497955,0.31874022,0.9251475258252022,1.9011623859405518,0.19508767127990723,0.49858174,0.885808852320668,2.2760677337646484,0.5654600262641907,0.49369973,0.4334832146160796,1.9601351022720337,0.19921480119228363,0.1421615,0.31111357862737293,2.0766804218292236,0.1367931067943573,0.12115316,0.5871582465108057,3.133382797241211
0,0.03805669769644737,0.24796788,0.7330217898364061,3.050602912902832,0.01867319643497467,0.1547193,0.5452832712647901,2.2408030033111572,0.000608158006798476,0.148152,0.3141705148792928,1.3000966310501099,0.11545241624116898,0.35393313,0.9661381639714458,1.7109980583190918,0.20843343436717987,0.26630545,0.9493949768203569,1.8541672229766846,0.11326809972524643,0.39818782,0.9484933354673827,1.7467960119247437,0.22222496569156647,0.32789648,0.9562192379784696,1.9079655408859253,0.1268996298313141,0.2596156,0.9532591238811348,1.9018795490264893,0.2633591890335083,0.18988211,0.9602664589685282,1.765885591506958,0.06321807950735092,0.47842702,0.9827654676583192,2.1121273040771484,0.1694459170103073,0.3190891,0.9721766617026321,1.5999104976654053,0.07215826958417892,0.559525,0.9993508689355313,2.111496686935425,0.17389370501041412,0.2596665,0.9703804317709301,2.0774412155151367,0.09190801531076431,0.39178276,0.9849479414448491,2.335578680038452,0.138332337141037,0.2728495,0.9709604294525308,2.317171573638916,0.1746714562177658,0.32404414,0.9781060389860161,1.9962915182113647,0.05991973355412483,0.4191113,1.0035262559947966,1.9946446418762207,0.0993623286485672,0.47537282,0.9514453630670284,1.8445227146148682,0.10843310505151749,0.44668022,0.9432609709491752,1.9173461198806763,0.1374276578426361,0.33432296,0.9624299773138125,1.9418789148330688,0.16285668313503265,0.49247295,0.9159208862107304,2.542369842529297,0.5447852611541748,0.49036834,0.4755106581650845,2.171245813369751,0.24252578616142273,0.17063454,0.3802549932024727,2.3722496032714844,0.12734876573085785,0.16293661,0.6661236744769011,3.3961052894592285
0,0.03216461092233658,0.2673874,0.7300251799421572,3.0152320861816406,0.02019394561648369,0.14589393,0.541586882504831,2.2424991130828857,0.0007145871059037745,0.13662708,0.31503785316881255,1.2709423303604126,0.1154765784740448,0.34137058,0.9658025509666989,1.5610387325286865,0.19663864374160767,0.260053,0.9497121353745026,1.9469060897827148,0.09617558866739273,0.41352504,0.9486252835635566,1.6620349884033203,0.19554059207439423,0.31832036,0.9573772761869858,2.095261335372925,0.11325324326753616,0.27135685,0.9552275579011109,1.8100028038024902,0.28270331025123596,0.18681613,0.9614088084605565,1.60212242603302,0.05862617865204811,0.4840655,0.9867645630547902,2.246147871017456,0.1669442355632782,0.30001098,0.9749861564934501,1.77776300907135,0.07059207558631897,0.57794267,1.0023672398438013,2.348775625228882,0.16579562425613403,0.26486158,0.9722362052516618,2.164595127105713,0.09224861860275269,0.38798827,0.9840415900056273,2.199047327041626,0.16412554681301117,0.28473774,0.9705642587434771,2.4377779960632324,0.15657462179660797,0.31844178,0.9793975820010381,2.185035467147827,0.07801740616559982,0.4098453,1.0073469223414595,2.4167580604553223,0.10710467398166656,0.46281067,0.9533276084970939,1.9743555784225464,0.10972358286380768,0.42850682,0.944352312112623,1.8916425704956055,0.1420644372701645,0.32139295,0.965631968449962,1.8968462944030762,0.19057831168174744,0.504625,0.9220393961520732,2.51676344871521,0.532932460308075,0.51136017,0.47743461853498714,2.150571823120117,0.254210889339447,0.19562973,0.3998553989487563,2.3569436073303223,0.14133362472057343,0.15767764,0.6698643569455561,3.4318480491638184
0,0.035262659192085266,0.26304936,0.738804334612454,2.718916654586792,0.010987724177539349,0.16174494,0.5611579795876931,1.9179142713546753,0.0003746137081179768,0.11688078,0.3199223333212877,0.928818941116333,0.11130934208631516,0.33284226,0.9684605643389026,1.7433260679244995,0.19169455766677856,0.25140372,0.9527918671416361,1.5120620727539062,0.12524878978729248,0.35638064,0.9443980286838973,1.590804100036621,0.24550636112689972,0.2626653,0.9633500463249859,1.755808711051941,0.1319488286972046,0.24748954,0.9509783288700157,1.376859426498413,0.283588171005249,0.17938614,0.9684120407218945,1.5918464660644531,0.08744475245475769,0.4297556,0.9943615430015409,1.8526536226272583,0.18324574828147888,0.27148217,0.9812031253734373,1.66640305519104,0.10453059524297714,0.4496045,1.002806090522241,1.9758918285369873,0.19323834776878357,0.22805384,0.9753551679635757,2.0450568199157715,0.10858739167451859,0.2821572,0.983092636347981,2.0196354389190674,0.1943432241678238,0.22826582,0.9769037218750455,2.428690195083618,0.21744632720947266,0.2666593,0.9784174219190895,2.0023133754730225,0.12138516455888748,0.3963757,0.997490014207225,2.3071506023406982,0.1805817186832428,0.41731697,0.9268955319682762,2.174112558364868,0.15400606393814087,0.44360915,0.9095069624615083,2.037886619567871,0.19780151546001434,0.29844576,0.9460742566411975,1.695716142654419,0.28675544261932373,0.44835842,0.8795265595782045,2.4402644634246826,0.5502464771270752,0.4857933,0.465504070523933,2.0842254161834717,0.2178051918745041,0.2098389,0.37435836978787396,2.109191417694092,0.14028334617614746,0.19767272,0.6404316538962957,3.1660783290863037
0,0.050472136586904526,0.27453235,0.720478584070674,2.9142518043518066,0.012218082323670387,0.16262491,0.5329559515019776,2.1580874919891357,0.0003841023426502943,0.14092128,0.3196973761315261,1.3043212890625,0.1232495978474617,0.36040583,0.9670365205179274,1.909710168838501,0.192821204662323,0.2915603,0.9509339880581614,1.865556240081787,0.13119110465049744,0.38424477,0.9483065973240629,1.8109676837921143,0.21746942400932312,0.31965992,0.9601633423067754,2.1051418781280518,0.1441522091627121,0.27338448,0.9535338253819634,1.9509788751602173,0.29139041900634766,0.19194227,0.9604107236427623,1.6339306831359863,0.07929687201976776,0.45760912,0.9826033503582416,1.899048089981079,0.16366985440254211,0.3195473,0.9760145209892647,1.5779047012329102,0.09371768683195114,0.4719659,1.0058600427992315,2.035551071166992,0.2084922045469284,0.2619854,0.9735189542379722,2.2414438724517822,0.09904713183641434,0.30803573,0.9891315292416344,1.8190604448318481,0.1510433703660965,0.30138013,0.9751370178612243,2.1487600803375244,0.18618269264698029,0.32374105,0.9840867708155252,2.0425703525543213,0.08808986097574234,0.3700115,1.0209143824691342,1.960951328277588,0.13336919248104095,0.46181336,0.974937077989896,2.0962653160095215,0.12322534620761871,0.4698851,0.9703405617786861,1.8215121030807495,0.1419851928949356,0.34650567,0.9954236218430071,1.6723347902297974,0.18044696748256683,0.52343786,0.9372932897508715,2.4765543937683105,0.5313454270362854,0.46044096,0.500537547454181,2.2595019340515137,0.22932501137256622,0.1785571,0.4269291963248191,2.4293155670166016,0.1344899982213974,0.16344452,0.6898935859399011,3.460754871368408
0,0.06072627380490303,0.26811516,0.7337041438805871,3.0183873176574707,0.011059366166591644,0.1462623,0.5388151221038762,2.0500099658966064,0.00027279730420559645,0.1392147,0.3226845137115266,1.1412700414657593,0.12952089309692383,0.351571,0.967400510370218,1.6410245895385742,0.21434080600738525,0.27625626,0.9508742868254646,1.5888981819152832,0.11700975894927979,0.39082998,0.9481403226231615,1.6788020133972168,0.23907709121704102,0.3155161,0.9602852399342175,1.909423589706421,0.13081011176109314,0.27954274,0.9537059266899552,1.5987136363983154,0.30319666862487793,0.20356077,0.9631363332899922,1.5392436981201172,0.07185892760753632,0.46709007,0.9875215729222356,1.9865034818649292,0.17904812097549438,0.32198763,0.974990335676006,1.7847143411636353,0.08141792565584183,0.5273306,1.0029635018276721,2.1802914142608643,0.1962740272283554,0.27538562,0.9724736767749865,2.3368327617645264,0.09254000335931778,0.39889494,0.9864455400718934,2.444539785385132,0.14714230597019196,0.31712922,0.9717047378272269,2.5095088481903076,0.18253469467163086,0.34035814,0.9794123267777548,2.0632708072662354,0.059513967484235764,0.39014453,1.0045271351687106,1.8997833728790283,0.1272529661655426,0.47826785,0.948571346111406,1.8039993047714233,0.12403835356235504,0.48681855,0.9402227832845109,1.7790275812149048,0.14591343700885773,0.36439574,0.9683957625964121,1.8086169958114624,0.1992836445569992,0.51373214,0.9211657648777801,2.600520610809326,0.5472761392593384,0.48718178,0.48129563864089014,2.1143102645874023,0.2432316690683365,0.19754711,0.3962033344493585,2.286696672439575,0.1357763111591339,0.1661222,0.6833080333407737,3.424269914627075
0,0.051037296652793884,0.25687173,0.7305776596723834,3.084765911102295,0.02062675729393959,0.16417831,0.5420661627763504,2.306605815887451,0.00043617523624561727,0.14916204,0.3133803423460467,1.475439429283142,0.11199244111776352,0.36814675,0.9661683312004219,1.8743923902511597,0.18719853460788727,0.28977823,0.949505075291093,2.0424609184265137,0.10815949738025665,0.39670184,0.9503199071600079,1.7212228775024414,0.20668981969356537,0.3251302,0.9575323044377526,2.015453815460205,0.11250081658363342,0.2746773,0.9566161761622907,1.9674956798553467,0.2883225977420807,0.2100147,0.9620742763737884,1.6048862934112549,0.056668661534786224,0.4817189,0.9837947110423177,2.103574275970459,0.15443596243858337,0.33045557,0.9724474908358399,1.8542070388793945,0.07456833869218826,0.54770803,0.9989387243447866,2.140941858291626,0.17146359384059906,0.28823426,0.9697371767678321,2.3263206481933594,0.09526541084051132,0.4119168,0.9807144393642044,2.265082597732544,0.15016068518161774,0.30687097,0.9700286823291742,2.3832507133483887,0.16707788407802582,0.34829625,0.9764606677970356,2.1711935997009277,0.05269485339522362,0.40616795,1.0043990818772288,2.081718921661377,0.10343118757009506,0.47440383,0.9551762189257857,2.0384328365325928,0.09710492193698883,0.4982207,0.9510290838337563,1.9231293201446533,0.14445210993289948,0.3572141,0.973312886209063,1.795642614364624,0.17841842770576477,0.51728505,0.9195067605492896,2.4611644744873047,0.5354437828063965,0.48633838,0.48687497354649223,2.16387677192688,0.2336580902338028,0.17968747,0.3888246716145086,2.3664121627807617,0.14162205159664154,0.15798913,0.6802513381962795,3.4477291107177734
0,0.06432095915079117,0.2331845,0.7285878798382516,3.21535587310791,0.01180692296475172,0.18981291,0.5347245603075655,2.4523541927337646,0.0005246323999017477,0.14653619,0.3147653236382107,1.646437168121338,0.09700217097997665,0.37359962,0.9629833884578749,1.9679386615753174,0.15680719912052155,0.29689017,0.9447443911097075,1.9433566331863403,0.09778150916099548,0.413449,0.9480040967265525,1.735061764717102,0.18234777450561523,0.33358416,0.9522833761850377,2.0035459995269775,0.12231773883104324,0.2764172,0.9525441355354164,1.9872742891311646,0.2681969702243805,0.18629059,0.9542075585895909,1.4204081296920776,0.06148914247751236,0.48050055,0.9794208615321879,2.0414345264434814,0.16658556461334229,0.3334114,0.9681383333739523,1.327157974243164,0.08179300278425217,0.52797544,0.9931384493862415,2.1728668212890625,0.17556481063365936,0.27848092,0.9638523032492287,2.35225772857666,0.09326399862766266,0.40695864,0.9787969052206209,1.8634964227676392,0.14573194086551666,0.31826013,0.9648915334084852,2.221046209335327,0.1450042873620987,0.31896678,0.9709044196341227,1.9829936027526855,0.057078856974840164,0.40424347,0.9983565049241001,2.2634031772613525,0.08666151762008667,0.4810763,0.9610209248638146,2.2427666187286377,0.07899045944213867,0.47158548,0.9578892207009856,2.0064752101898193,0.12286768108606339,0.3464855,0.9712390206405388,2.1306166648864746,0.14927567541599274,0.51254624,0.9296975577072425,2.406982183456421,0.49234068393707275,0.5115594,0.4730285620556738,2.3324029445648193,0.21100935339927673,0.17489958,0.39410439817576187,2.3836514949798584,0.13184958696365356,0.15535346,0.6825938966849086,3.4631433486938477
1,0.04049908369779587,0.25352544,0.7222347628335014,3.0182223320007324,0.024116266518831253,0.17996177,0.5325016295752185,2.178192138671875,0.00021723269310314208,0.14778098,0.31413992178726646,1.423290729522705,0.1064285933971405,0.39499027,0.9666021223992546,1.8843140602111816,0.18705259263515472,0.2898356,0.9509861379023489,1.9094903469085693,0.10806598514318466,0.41013864,0.949356250142353,1.7679425477981567,0.2109897881746292,0.31725106,0.9585353986595524,2.0067858695983887,0.13545143604278564,0.26823473,0.9538886031692007,2.1091816425323486,0.29273948073387146,0.18494059,0.9603520007891131,1.5843322277069092,0.06786415725946426,0.43846726,0.9882832644520919,2.1142654418945312,0.17210376262664795,0.32001567,0.9752887386871313,1.499671220779419,0.07216789573431015,0.5015822,1.00467221416906,2.046983480453491,0.1923067271709442,0.25113517,0.9714799738110782,2.503787040710449,0.09668564051389694,0.3193473,0.986233054891857,2.163662910461426,0.16841557621955872,0.2949072,0.9710158664788358,2.288336753845215,0.1871744990348816,0.29067466,0.978020871824496,2.0626230239868164,0.0989241972565651,0.3938818,0.9996239243231388,2.2462894916534424,0.13327403366565704,0.47390082,0.9620766192167193,2.1738152503967285,0.10795748978853226,0.4418682,0.9571675042458925,1.8675103187561035,0.1416754424571991,0.36754563,0.9808207294604031,1.8005871772766113,0.18071666359901428,0.4852768,0.9317178486367091,2.5497493743896484,0.5611032843589783,0.48696592,0.4736141564899042,2.1224985122680664,0.2362598180770874,0.1874784,0.40174188647133,2.3055968284606934,0.15292169153690338,0.17030747,0.6847694197862116,3.464134454727173
0,0.07396739721298218,0.23627883,0.7199069978150706,3.2155227661132812,0.01196981780230999,0.21762827,0.5271284288196988,2.414325714111328,0.0007642771233804524,0.15613633,0.31276118993913227,1.8216713666915894,0.09512284398078918,0.39828038,0.9615102063764759,1.8840700387954712,0.1954534351825714,0.29732367,0.9432265467262355,2.0570311546325684,0.08750361204147339,0.42572707,0.950403260465393,2.135845184326172,0.18620418012142181,0.38401747,0.9524242345588415,2.07987904548645,0.12164466083049774,0.2799681,0.9522668359532124,2.3227317333221436,0.26679596304893494,0.20436771,0.9520545067695677,1.7527110576629639,0.05439111590385437,0.5089852,0.9767638585607337,2.1988003253936768,0.1721314638853073,0.32917672,0.9653307153216577,1.8992834091186523,0.06634185463190079,0.55468166,0.9945331997612514,2.2390644550323486,0.18856993317604065,0.27050492,0.9629436253299951,2.4136905670166016,0.08302425593137741,0.39123464,0.9798976899294853,1.95048987865448,0.13831941783428192,0.27942625,0.9638505818732243,2.300306797027588,0.13642394542694092,0.3822835,0.9728470706764333,2.187034845352173,0.03990259766578674,0.38351607,0.9984446002688631,2.4179532527923584,0.08774004876613617,0.47666177,0.9618135843181087,1.8269462585449219,0.10348832607269287,0.48461002,0.9565247942233721,2.0578994750976562,0.10502300411462784,0.370755,0.9739019894651527,1.8294119834899902,0.12311162799596786,0.53362024,0.9338259719424036,2.477156400680542,0.5033199787139893,0.5046784,0.49650157565149605,2.3996567726135254,0.22054529190063477,0.17107865,0.4114132299548351,2.5146148204803467,0.14577320218086243,0.15208812,0.690377315338623,3.5248022079467773
0,0.03990233317017555,0.25639138,0.7370165810274096,3.0720455646514893,0.019350102171301842,0.15620981,0.5480455127382715,2.2439234256744385,0.0012669508578255773,0.14118981,0.3124309246672726,1.3757916688919067,0.11415701359510422,0.3490758,0.9660445545611134,1.7076499462127686,0.18808332085609436,0.26985964,0.9494773811788746,1.9221673011779785,0.11502762883901596,0.39074832,0.9495056775033592,1.7577937841415405,0.20235304534435272,0.31708446,0.957983492478572,1.9435644149780273,0.11742255836725235,0.26616162,0.9536003630605048,1.7848656177520752,0.2695663273334503,0.18053849,0.9607286504374833,1.8427364826202393,0.06353612244129181,0.4590983,0.9867314214012531,2.300833225250244,0.17829883098602295,0.2969046,0.9733621380023162,1.8698028326034546,0.07611819356679916,0.46454293,1.0012650678237522,1.9721920490264893,0.18679676949977875,0.25544325,0.971836357812352,2.268439292907715,0.09938077628612518,0.3658083,0.9865680954089204,2.2195639610290527,0.15137892961502075,0.2951659,0.9709352946246838,2.2783868312835693,0.179025799036026,0.28034467,0.9760561099382435,1.7529959678649902,0.08022976666688919,0.4065783,1.0024999953921383,2.1125855445861816,0.11707753688097,0.47485104,0.9524213505578676,2.0710413455963135,0.09581387788057327,0.4743641,0.9422071961375236,1.8578555583953857,0.13650153577327728,0.32420674,0.9647775881833828,2.0138747692108154,0.18204239010810852,0.47811395,0.9176648935650175,2.717824697494507,0.5077270865440369,0.47379705,0.48106947469746875,2.1369519233703613,0.22097167372703552,0.17540783,0.39874223905751643,2.3886542320251465,0.138020858168602,0.152715,0.6730413707850175,3.3568437099456787
0,0.050022102892398834,0.26707348,0.7374158825480874,3.0001611709594727,0.012417702004313469,0.15865156,0.5524368556721994,2.132296323776245,0.00039488065522164106,0.13836174,0.3160895024372312,1.1928260326385498,0.11937660723924637,0.31698,0.9685770098384454,1.9168453216552734,0.2119765281677246,0.24515149,0.9523185101074634,1.9512624740600586,0.12270931154489517,0.3875812,0.9474268835189753,1.4771853685379028,0.2474111169576645,0.27595052,0.9602341861466342,1.8240563869476318,0.12288575619459152,0.2629797,0.9548022620946899,1.697281002998352,0.31801873445510864,0.17936628,0.9647438306973176,1.7091859579086304,0.08193707466125488,0.44965473,0.9873317804363531,1.9384928941726685,0.168978750705719,0.2912575,0.9764552318270995,1.686821699142456,0.08439149707555771,0.5551607,1.0054309322255328,2.154447317123413,0.19184355437755585,0.22976898,0.9719580001382505,2.109614610671997,0.09497494250535965,0.36829334,0.9842459939833245,2.1746134757995605,0.1645669937133789,0.2599041,0.9738076327429687,2.2547502517700195,0.18135426938533783,0.31416634,0.9814484825241525,2.1405770778656006,0.07476749271154404,0.3940254,1.0151633334968369,2.253061294555664,0.12629897892475128,0.45917377,0.9531889853854204,1.8939555883407593,0.1262768805027008,0.4209441,0.9460192702606282,1.972780466079712,0.1615789532661438,0.314336,0.9631613749903123,1.7908155918121338,0.22781987488269806,0.48807278,0.9065255108525377,2.4362006187438965,0.5559510588645935,0.46511963,0.4730808881759652,2.078104019165039,0.2498980462551117,0.2139324,0.3962305366288438,2.3327295780181885,0.13584278523921967,0.17369005,0.659498014423813,3.317039966583252
1,0.04150807112455368,0.2602314,0.7377909507373265,3.015139102935791,0.014085320755839348,0.16276695,0.5449240398335362,2.119344472885132,0.0005234917043708265,0.13402072,0.3181588633212081,1.2038270235061646,0.11388581991195679,0.3584013,0.9678333572596342,1.7732794284820557,0.17316462099552155,0.29009083,0.9511364586214364,2.0100347995758057,0.10411464422941208,0.3896902,0.9458536915160417,2.1009929180145264,0.22958491742610931,0.31017366,0.9596438401288941,1.6478264331817627,0.13144242763519287,0.23327957,0.9521167690067259,2.010437250137329,0.28534403443336487,0.20156214,0.9654380776135082,1.580489158630371,0.07155785709619522,0.42908627,0.9898560659482948,2.0408103466033936,0.17529433965682983,0.319131,0.9803592145618896,1.917609453201294,0.07275759428739548,0.50171775,1.0142445310250348,2.1143381595611572,0.1743198186159134,0.2556479,0.9770689652890858,2.0090861320495605,0.08545953780412674,0.34576294,0.9916666627791236,2.166005849838257,0.14758531749248505,0.24905717,0.9783090312732406,2.3693599700927734,0.1979757398366928,0.2831952,0.9828651329335051,1.7068054676055908,0.07029230147600174,0.4098715,1.006129660102216,2.5400707721710205,0.1329176276922226,0.47671416,0.9480205116217738,1.8274282217025757,0.13072675466537476,0.4540903,0.9387608392765591,1.9122040271759033,0.13815844058990479,0.336038,0.9581994989625182,1.899444818496704,0.2164722979068756,0.45926997,0.9072740833047519,2.4541311264038086,0.5735809803009033,0.46166313,0.4777273787183107,2.0054662227630615,0.23560377955436707,0.186582,0.38569257138965485,2.364527463912964,0.13620401918888092,0.15624353,0.6579006543374664,3.3450284004211426
0,0.04396601393818855,0.26763076,0.7506727538371363,2.971297264099121,0.031820040196180344,0.21665739,0.5956787399727096,2.3415093421936035,0.0011197507847100496,0.15964468,0.31695915394748764,1.2486445903778076,0.09565401077270508,0.45574483,0.9654851151265486,1.6575813293457031,0.19198904931545258,0.35108972,0.9471039501722719,1.5339281558990479,0.09268129616975784,0.4621796,0.9478545197127639,1.8371857404708862,0.22043055295944214,0.3549352,0.9533093484595451,1.7684005498886108,0.10911568999290466,0.40324542,0.9465450375513003,1.313765048980713,0.2998344898223877,0.19105656,0.9602946270761403,1.6394891738891602,0.06865057349205017,0.5020191,0.9825091438774405,2.100327968597412,0.1706409603357315,0.3579144,0.9759237772085234,2.096010446548462,0.07813690602779388,0.48936033,0.9869030405150955,1.729677677154541,0.16638199985027313,0.30614483,0.9743403010041238,1.9135702848434448,0.08920645713806152,0.39906266,0.988001817279086,2.051494598388672,0.19748756289482117,0.29544625,0.9731386023120845,2.0874247550964355,0.21126633882522583,0.3252988,0.9629467044813603,1.9356513023376465,0.06640814244747162,0.4026026,0.9799439632104189,2.1712026596069336,0.1642485409975052,0.51129574,0.924739052332749,1.7317041158676147,0.2007247656583786,0.4587639,0.9114126488883656,1.78913414478302,0.17999733984470367,0.33589786,0.9028830661669675,2.013014078140259,0.25891318917274475,0.5577126,0.8498208652762089,2.2943925857543945,0.5348833799362183,0.46971953,0.45157368692959376,1.9547629356384277,0.22248080372810364,0.17056087,0.33674233834476475,2.2199935913085938,0.2027890980243683,0.14028129,0.5405700780670022,2.826174259185791
0,0.04015416279435158,0.25303766,0.7303689280605528,3.0583486557006836,0.017914429306983948,0.15862165,0.5351668075091123,2.267927408218384,0.0002986243343912065,0.14106786,0.3114529518190932,1.5305006504058838,0.11710424721240997,0.35103968,0.9659296026325603,1.6085870265960693,0.18257609009742737,0.28914285,0.9500454568557432,1.8388514518737793,0.10834482312202454,0.39569372,0.9487083882876777,1.7732505798339844,0.20787976682186127,0.32534012,0.9574816080703751,1.8204765319824219,0.11963453143835068,0.26198325,0.9536910570329105,1.9828178882598877,0.28903713822364807,0.19127972,0.9602100316521346,1.6041150093078613,0.07599479705095291,0.4720484,0.9840739107794302,1.9466043710708618,0.1615840643644333,0.3135883,0.9726450847678643,1.495920181274414,0.07460783421993256,0.5292789,0.9980431484362892,2.1321465969085693,0.17845776677131653,0.25001976,0.9710347740248507,2.0056986808776855,0.08050239831209183,0.37812296,0.9835920302609139,2.421034097671509,0.1428554505109787,0.2736572,0.9671050521251002,2.3073740005493164,0.14980772137641907,0.3011417,0.9744009587360626,2.0733413696289062,0.10457002371549606,0.40857443,1.0003812114637414,2.2350082397460938,0.10040933638811111,0.46891654,0.9556963833552827,2.0574803352355957,0.10584354400634766,0.46322855,0.9465237801819575,1.900479793548584,0.13297149538993835,0.3354848,0.9664817341131036,1.8805018663406372,0.18347042798995972,0.5013221,0.921412204832995,2.512770175933838,0.5481923818588257,0.4729561,0.4754023561949023,2.138970136642456,0.24173909425735474,0.19332117,0.3962876913894069,2.360832691192627,0.13333247601985931,0.17110813,0.6788028743070941,3.459956169128418
0,0.044332198798656464,0.21140346,0.7316732434454911,3.239306688308716,0.024731675162911415,0.17521958,0.5448184500859143,2.4769163131713867,0.0005315959569998085,0.15285328,0.31022785364682903,1.6300369501113892,0.10774131864309311,0.36570042,0.9636022730742229,1.826653003692627,0.1993325650691986,0.30355987,0.9457110129222127,2.085129737854004,0.10510418564081192,0.41834834,0.9496956443799238,1.961173176765442,0.17811061441898346,0.35465088,0.9522407885034305,1.9965037107467651,0.10529602319002151,0.2940459,0.9541670618591992,2.0513696670532227,0.2719438672065735,0.2032545,0.9562032208967448,1.423712134361267,0.055321093648672104,0.5181265,0.979233446602353,2.0724103450775146,0.16990891098976135,0.32409427,0.9678665375507136,1.534776210784912,0.06541169434785843,0.55543345,0.9924907610511853,2.0642528533935547,0.16912594437599182,0.2885393,0.9648409579459336,2.1383724212646484,0.07390795648097992,0.42474788,0.9800150525053548,2.38797926902771,0.12859582901000977,0.30018198,0.9654228436657682,2.455195903778076,0.142155259847641,0.32384714,0.9732463482660747,2.2272326946258545,0.0481279157102108,0.41002426,1.0049480266853608,2.1493139266967773,0.07775641232728958,0.48108038,0.9597828931061709,1.9924695491790771,0.07109757512807846,0.4936157,0.9512861375189169,1.902180790901184,0.12256085872650146,0.32870525,0.9667500293051373,1.8787612915039062,0.14337345957756042,0.51344144,0.9238660155191746,2.447624683380127,0.5147982239723206,0.48188922,0.48621762798154383,2.2463886737823486,0.23497508466243744,0.16507119,0.3891769120691423,2.4218623638153076,0.1431846022605896,0.14610343,0.6743747936915064,3.476959228515625
0,0.04151052609086037,0.24656864,0.7317682810896907,3.00166654586792,0.015874210745096207,0.17459953,0.5375153441622874,2.1382858753204346,0.0005305485683493316,0.15122738,0.3199304639034728,1.4915968179702759,0.10723231732845306,0.36576486,0.9672094749601001,1.9525991678237915,0.1913471519947052,0.28942522,0.9508878569350908,2.083536148071289,0.11311482638120651,0.40473762,0.9480004384166689,1.630412220954895,0.21522793173789978,0.34192318,0.9593923443144843,2.0756683349609375,0.1388283371925354,0.27362132,0.9556322140099103,1.8329037427902222,0.29475176334381104,0.21245745,0.9633512052156155,1.6039533615112305,0.07372661679983139,0.46528617,0.9873675593075462,1.9962068796157837,0.17368699610233307,0.33733326,0.9743163543562798,1.9450706243515015,0.09707307070493698,0.5650101,1.0069202458585436,2.1409006118774414,0.2090761810541153,0.28666067,0.9736945233701375,2.0128962993621826,0.10571540147066116,0.4161717,0.9879136322705808,2.196382761001587,0.15317083895206451,0.31903055,0.9721454717965866,2.3711752891540527,0.178315669298172,0.3714203,0.9839604319285016,2.197687864303589,0.0957174152135849,0.3863617,1.0123069525686978,2.363927125930786,0.12247491627931595,0.48669496,0.9630240511132537,2.022942066192627,0.12217659503221512,0.49291703,0.9576151277459292,1.9507219791412354,0.15476980805397034,0.3686516,0.9787118122208217,1.7972335815429688,0.20235058665275574,0.522395,0.9235104058479133,2.217853546142578,0.5463421940803528,0.48535237,0.4812629982764951,2.1129775047302246,0.24117645621299744,0.19604363,0.4001922718050185,2.3692855834960938,0.13981978595256805,0.15847087,0.6863048231703729,3.4380557537078857
0,0.04644607752561569,0.2474014,0.7351439791606623,3.233637571334839,0.026277735829353333,0.15259312,0.5548397467738613,2.454437255859375,0.0008638193248771131,0.15055856,0.3185961949508789,1.345908761024475,0.1053028553724289,0.35874036,0.9644994458033197,2.076538562774658,0.18744710087776184,0.27197954,0.9465123703757587,2.070384979248047,0.10660161077976227,0.40411586,0.9496663800814555,1.765854001045227,0.2059226632118225,0.339954,0.9540554101038389,1.7367722988128662,0.09105489403009415,0.2735221,0.9531864908929109,1.5012128353118896,0.2798624336719513,0.19854271,0.9588865642536419,1.4635356664657593,0.052296023815870285,0.50193703,0.9821656353386145,1.9574493169784546,0.16845718026161194,0.30186743,0.9702803132437074,1.7491896152496338,0.07496830821037292,0.5759662,0.9963126216805103,2.2046010494232178,0.16811877489089966,0.27506652,0.9663852176858713,2.106727361679077,0.07025567442178726,0.40235534,0.9806043147391739,2.563577175140381,0.14589400589466095,0.2565026,0.9671660316484519,2.2943856716156006,0.13925518095493317,0.36219367,0.9753491262220487,2.187908411026001,0.03761131688952446,0.4135982,1.0036480146272202,1.9739106893539429,0.08951088041067123,0.45494533,0.949582007255493,2.019390821456909,0.0923614352941513,0.47902688,0.9412354182440623,1.908341884613037,0.13019733130931854,0.34844086,0.9598853039682227,1.922113299369812,0.15025447309017181,0.49979776,0.9164464241559795,2.483942747116089,0.5288200378417969,0.4918456,0.5013720793476969,2.2387642860412598,0.2539379596710205,0.17546676,0.40206132789279775,2.374467372894287,0.14666859805583954,0.13812508,0.6746176334105807,3.407989978790283
0,0.024897931143641472,0.22428995,0.7338906995478918,2.1180405616760254,0.006828878540545702,0.109759204,0.5394598081625837,1.3589249849319458,0.00014872534666210413,0.0891222,0.3187536115976486,1.1757752895355225,0.14550700783729553,0.30479777,0.9651419922787303,1.7967008352279663,0.22032961249351501,0.22488244,0.9528500037497029,1.8411006927490234,0.14995159208774567,0.33348173,0.9229542751965949,1.4399592876434326,0.25233834981918335,0.24602702,0.9682942135940724,1.5456000566482544,0.1736537367105484,0.22681978,0.9388179086443779,1.660243034362793,0.332135409116745,0.15208049,0.976517027765517,1.6435483694076538,0.16308429837226868,0.36146685,1.0201164996616616,1.9462257623672485,0.22246508300304413,0.2503636,0.9954978533537454,1.6949472427368164,0.18308377265930176,0.42147836,1.0507429359707268,2.1030821800231934,0.259316086769104,0.19016081,0.9950894912151093,2.0444393157958984,0.16892209649085999,0.25541133,1.0051916934738345,2.2768607139587402,0.2927088737487793,0.2118345,0.9871037243115426,1.9365941286087036,0.27861303091049194,0.20892857,0.994035178641374,1.7811709642410278,0.302350789308548,0.36152074,1.036642749222025,2.465658664703369,0.27985337376594543,0.4130023,0.9275312418334315,2.4124157428741455,0.29332807660102844,0.38652772,0.9138105924274834,2.141876697540283,0.27366000413894653,0.26326218,0.9363176957499513,1.8769307136535645,0.3949906826019287,0.41188592,0.8380938093328719,2.1958823204040527,0.6310375928878784,0.46272036,0.44548294842350233,1.7689450979232788,0.24216485023498535,0.2768701,0.3700382765669274,2.021418571472168,0.1645360291004181,0.24935646,0.642032437868813,3.1436829566955566
0,0.053508877754211426,0.24831846,0.7336664507648286,3.2885806560516357,0.022235210984945297,0.19105448,0.5494257010966254,2.539973735809326,0.000566767412237823,0.14827734,0.31397440916391817,1.7129734754562378,0.11825419217348099,0.37887266,0.9620510131902508,1.7712546586990356,0.20742078125476837,0.31561628,0.9440977674874325,1.6392234563827515,0.09589920192956924,0.43485543,0.9482179060421572,1.8572397232055664,0.18270482122898102,0.3496036,0.9494554896693058,1.902944803237915,0.10128290951251984,0.28560698,0.9523665161044202,2.123379707336426,0.2722831070423126,0.21259561,0.9539803059426847,1.5545251369476318,0.05741278827190399,0.5259058,0.9768221101308017,1.9412072896957397,0.17109186947345734,0.34257394,0.9655844032609219,1.6993545293807983,0.05931948125362396,0.5760386,0.9881144890102208,2.0801517963409424,0.1477876901626587,0.2981673,0.9626934405777309,2.175723075866699,0.09054435789585114,0.44371682,0.9767945502391993,2.309427261352539,0.1326153725385666,0.32202253,0.9632347352092647,2.358564615249634,0.13170786201953888,0.346578,0.9709523285271919,2.2973456382751465,0.04465726763010025,0.41325682,1.0001450989346854,2.3543930053710938,0.08081002533435822,0.47412547,0.9585232628681118,2.227572441101074,0.08264156430959702,0.46853268,0.9509495796000745,2.0447802543640137,0.11922816932201385,0.35711706,0.9659180581616358,2.069730520248413,0.12331491708755493,0.53479505,0.9273555544688427,2.6384661197662354,0.5013585686683655,0.4956165,0.4801041985542247,2.28515887260437,0.22973589599132538,0.17229962,0.38783389441070865,2.4489853382110596,0.12881846725940704,0.14194195,0.6795222590450458,3.4583168029785156
0,0.06821642071008682,0.22012796,0.7307029951041226,3.153909206390381,0.021027324721217155,0.17072955,0.5372503579779919,2.3710238933563232,0.0007551095332019031,0.13465606,0.31369358784878215,1.4348742961883545,0.10503017902374268,0.36917406,0.9635956790910652,1.727096438407898,0.19041146337985992,0.28705543,0.9467939960577302,2.0631160736083984,0.10152704268693924,0.41216892,0.9514926955223029,1.9715830087661743,0.21418702602386475,0.34434316,0.9537462066893034,1.9445313215255737,0.12038575112819672,0.2694339,0.953852243274322,1.7781537771224976,0.2682017683982849,0.20117474,0.9558062797039981,1.5141239166259766,0.05515950918197632,0.49833113,0.9785377223309447,2.0768778324127197,0.1854112148284912,0.31361452,0.967593450273451,1.454035997390747,0.05811818316578865,0.5628626,0.9956416880972854,2.2822275161743164,0.18613658845424652,0.25899345,0.966017679142609,2.201439142227173,0.07646506279706955,0.38325936,0.9818581387576362,2.260361433029175,0.1472458690404892,0.26105097,0.9654859786397709,2.2746434211730957,0.16657033562660217,0.30735746,0.9734918908778696,2.127225399017334,0.034904129803180695,0.38629282,1.0041148602025238,2.282111167907715,0.08985202759504318,0.4746794,0.9607042088568689,1.9470596313476562,0.09742928296327591,0.47312474,0.9536989907309743,1.9027780294418335,0.11597688496112823,0.3481577,0.9723728584394967,1.9625301361083984,0.1410859376192093,0.5039495,0.9277804400694587,2.473200798034668,0.5136746764183044,0.47269043,0.4886934630115253,2.264378786087036,0.2309722900390625,0.16051263,0.40520456081924144,2.4606730937957764,0.14272329211235046,0.15731439,0.6867132498227659,3.519757032394409
0,0.06840489059686661,0.24577028,0.7350130816051816,3.2435503005981445,0.025209631770849228,0.17511396,0.5415970263958588,2.482454776763916,0.0005754477460868657,0.14234337,0.31461390728057204,1.6422221660614014,0.10194240510463715,0.36667868,0.9626643343485386,1.772409200668335,0.1927933394908905,0.3059957,0.9442770589641154,2.0497782230377197,0.1021716371178627,0.41239768,0.9476145734263798,1.9685544967651367,0.19081982970237732,0.3563936,0.9508388808925842,1.9568907022476196,0.11273116618394852,0.27856445,0.953123383744724,2.179513692855835,0.25884419679641724,0.2103025,0.9553694826664163,1.4688916206359863,0.0514577217400074,0.5145637,0.9792765879187992,2.037597894668579,0.16635169088840485,0.32015553,0.9666161337556187,1.5751850605010986,0.06633883714675903,0.5890961,0.9918532567220391,2.388815402984619,0.1630760282278061,0.2949439,0.9652689560557691,2.1917078495025635,0.06538018584251404,0.42774522,0.980872675566177,2.3813300132751465,0.12238122522830963,0.29491502,0.9628835143090573,2.5363988876342773,0.11871866881847382,0.35067272,0.9710330791424207,2.284745693206787,0.04008316248655319,0.3916415,1.0021368994652444,1.9488035440444946,0.07617676258087158,0.4772098,0.9600162837880734,2.1048457622528076,0.0732952281832695,0.5032168,0.9535217659907438,2.2963404655456543,0.10422637313604355,0.37201026,0.9722927553461521,2.0914056301116943,0.12034938484430313,0.54667145,0.9272480481460941,2.6466712951660156,0.48836830258369446,0.480724,0.49424399692464543,2.3715121746063232,0.22019173204898834,0.15767916,0.4045302897244409,2.475337266921997,0.1316307932138443,0.14528085,0.6970159151657191,3.5257668495178223
0,0.022934673354029655,0.2093126,0.742435511008578,2.474893569946289,0.010266223922371864,0.116493836,0.5441757335088835,1.6323894262313843,0.0003358500252943486,0.09458052,0.32169345788447823,1.2707324028015137,0.1316087394952774,0.30751646,0.9678308293890935,1.9345800876617432,0.21195350587368011,0.22867367,0.9532940011396805,1.7470333576202393,0.11886044591665268,0.35329935,0.9294008811127576,1.8327150344848633,0.26343560218811035,0.23834859,0.969506808757805,1.6534855365753174,0.14667721092700958,0.23476063,0.9430827682674232,1.7831355333328247,0.31026390194892883,0.1697381,0.9752726747814568,1.6141422986984253,0.12012183666229248,0.40099564,1.0069304860380996,1.8109201192855835,0.19417187571525574,0.26060644,0.9883910949575361,1.7692537307739258,0.14242829382419586,0.44387704,1.0287570344536128,1.999219536781311,0.23257607221603394,0.20991407,0.9847453473175247,2.055774688720703,0.12693436443805695,0.272824,0.9925413667632684,1.994847059249878,0.25462400913238525,0.20593256,0.981904296091545,2.074981451034546,0.22811107337474823,0.25441527,0.987525957913419,2.089982271194458,0.19019204378128052,0.3885501,1.016223693990788,2.3368797302246094,0.23716473579406738,0.3953599,0.9269237270101403,2.3396434783935547,0.22556447982788086,0.38811952,0.9090719231060453,2.0922281742095947,0.24309590458869934,0.3012475,0.9506717187469845,1.8282684087753296,0.3198719620704651,0.42468128,0.86775290556854,2.377525568008423,0.6002751588821411,0.46624053,0.48322656809119724,1.8429210186004639,0.23429541289806366,0.22653231,0.40314346201407025,2.1699676513671875,0.14700384438037872,0.23500332,0.6559977660405686,3.235659599304199
0,0.049137331545352936,0.26444077,0.7390066443536303,3.075758934020996,0.015096493996679783,0.15663381,0.5521889511314365,2.248394012451172,0.00030671298736706376,0.14341569,0.3187930081271795,1.2836326360702515,0.14324918389320374,0.34357703,0.9668149045933762,1.8474771976470947,0.20493587851524353,0.26273674,0.9506280536413013,1.778192400932312,0.10523714870214462,0.39729515,0.9483742863844621,1.838131070137024,0.21071553230285645,0.30167767,0.9586483055246198,1.9125183820724487,0.11591534316539764,0.25446957,0.9545320287230592,1.942036509513855,0.29886916279792786,0.19585396,0.9620806266124254,1.774351954460144,0.07424912601709366,0.45228443,0.9847914169501977,1.7748061418533325,0.16215237975120544,0.30319497,0.974407751245997,2.0305230617523193,0.10213608294725418,0.55230844,1.0057085545160709,2.2907919883728027,0.17282149195671082,0.26155296,0.9729337007617221,1.9307535886764526,0.09167584776878357,0.39785916,0.9886800289088844,2.3770694732666016,0.15567554533481598,0.27231532,0.9719963526372783,2.229663610458374,0.17463316023349762,0.31159893,0.9817252412506209,2.1037869453430176,0.12571674585342407,0.40341088,1.0091120096067026,2.2064571380615234,0.103549525141716,0.47279823,0.9603767334548694,1.917840600013733,0.10860417038202286,0.4563587,0.9571245370188366,1.7797043323516846,0.14644256234169006,0.33436447,0.9756202892664044,1.8847908973693848,0.18703918159008026,0.504146,0.9253353995442282,2.4606375694274902,0.538318932056427,0.4827143,0.4765781952155865,2.1407835483551025,0.2536604106426239,0.19038084,0.4000673821909707,2.3115947246551514,0.13870742917060852,0.15666024,0.6762582362421451,3.3978147506713867
0,0.03874296694993973,0.2483854,0.738134416529726,3.067213773727417,0.011564154177904129,0.16186838,0.5381920501461602,2.234426736831665,0.0005927112651988864,0.14817749,0.31538940617362576,1.4331871271133423,0.10980505496263504,0.3545215,0.9652593266046745,1.6499351263046265,0.1645321249961853,0.26548755,0.9497843357618191,2.0535740852355957,0.099014513194561,0.39427435,0.947310378572346,1.6868557929992676,0.2153335064649582,0.3283134,0.9602463821941299,1.6148788928985596,0.10374872386455536,0.2764853,0.9560169969176712,2.1341910362243652,0.2894759774208069,0.19382426,0.9625245797891387,1.4345725774765015,0.056221477687358856,0.47803468,0.9842895105124861,1.9895811080932617,0.15811003744602203,0.32477462,0.9729553764962141,1.6047897338867188,0.07377390563488007,0.52776504,0.9959007500007421,2.0271153450012207,0.19611258804798126,0.27038395,0.968693778333223,2.1435673236846924,0.09812824428081512,0.40157422,0.9785949841099105,2.6365349292755127,0.17111006379127502,0.28547347,0.9692160938873382,2.205159902572632,0.1707417070865631,0.34473395,0.9759971572774852,1.8989853858947754,0.07280391454696655,0.40654808,1.006849492939757,1.8925358057022095,0.13764511048793793,0.451075,0.9575131953893729,2.373567581176758,0.1058841273188591,0.44933707,0.9464925708427514,1.9609227180480957,0.14360933005809784,0.3470282,0.9672325584889453,1.7578238248825073,0.16066774725914001,0.505556,0.9185561912784886,2.5849807262420654,0.5100333094596863,0.47897974,0.49844985408970593,2.224790096282959,0.227730393409729,0.1760392,0.41954526060093034,2.4490058422088623,0.1266421228647232,0.17237389,0.682886649275297,3.3779070377349854
1,0.049224164336919785,0.23233049,0.7470757167875695,3.099411964416504,0.02514820173382759,0.1536032,0.5745957272432737,2.364071846008301,0.0006132313865236938,0.14389823,0.3135257929317473,1.2078782320022583,0.1206107959151268,0.3883098,0.9666129172900455,1.6859797239303589,0.18046587705612183,0.32054722,0.9507847562774286,1.5003610849380493,0.10303571820259094,0.4289663,0.9498616489598106,2.092099189758301,0.2368820458650589,0.32533982,0.954552472159309,1.494868278503418,0.09076405316591263,0.3185612,0.9527073374393753,1.6575884819030762,0.27937406301498413,0.1973832,0.9610131300996275,1.541323184967041,0.07768173515796661,0.4312472,0.9885814089796776,1.076000690460205,0.16471323370933533,0.31445542,0.9732423284847899,1.7798118591308594,0.08440838009119034,0.47958952,0.9891073682314163,2.0956850051879883,0.1554621011018753,0.283936,0.9730243866327433,2.0689616203308105,0.08330044895410538,0.3024089,0.9862027881693654,2.2739787101745605,0.17209531366825104,0.27608874,0.9738981830789988,2.294210910797119,0.1768825352191925,0.29463112,0.96830767797101,1.8291398286819458,0.09254720062017441,0.39897096,0.9881729337732308,2.0083305835723877,0.14311501383781433,0.46661207,0.931839764927357,1.9960881471633911,0.13977067172527313,0.44700524,0.9147494067225252,1.713455319404602,0.18760794401168823,0.32830903,0.9202456856760985,1.7986093759536743,0.22355163097381592,0.46379995,0.8694003679742776,2.329411029815674,0.5983265042304993,0.5027462,0.41634194463170177,1.7873201370239258,0.2438354790210724,0.16966757,0.3003691804514532,2.0539450645446777,0.15563903748989105,0.14383309,0.5261138468030406,2.9067389965057373
0,0.04175642505288124,0.23098889,0.7265796533785495,3.0928261280059814,0.020797092467546463,0.15320347,0.5361785451935479,2.3402976989746094,0.0004965221742168069,0.13870418,0.3158671419181847,1.3398104906082153,0.10386087000370026,0.35935625,0.9649606784723497,1.5353612899780273,0.16894331574440002,0.28260967,0.9489043589436409,2.134631872177124,0.10724063962697983,0.40204498,0.947020776743815,1.6242034435272217,0.20249143242835999,0.32977813,0.9563588955075728,1.769864797592163,0.11948666721582413,0.26990688,0.9522280748248009,1.732196569442749,0.29104816913604736,0.20181932,0.9584840629370832,1.6116688251495361,0.06590832769870758,0.47807056,0.9817818831336123,1.6317415237426758,0.15540318191051483,0.3097745,0.9714779587546322,1.7230983972549438,0.08101523667573929,0.52209336,0.9949836692974267,1.9493558406829834,0.16650955379009247,0.27489153,0.9682426843189768,2.1747617721557617,0.07807925343513489,0.37196872,0.9808257961292192,2.3613438606262207,0.1403273046016693,0.26714268,0.9670773462102505,2.2914106845855713,0.13032349944114685,0.32244438,0.974889151914,2.2862002849578857,0.07476566731929779,0.4064861,0.9996515997289227,1.9091500043869019,0.097775399684906,0.4757873,0.956677024881664,2.282133102416992,0.0893075242638588,0.5158682,0.9491459524413026,1.928056240081787,0.12307247519493103,0.37220567,0.9723746033162532,1.900101900100708,0.1512899398803711,0.5124382,0.9296525034723688,2.4635910987854004,0.49814847111701965,0.4739207,0.4989221669603634,2.2597122192382812,0.23423735797405243,0.17856896,0.40798614223795543,2.3933117389678955,0.13523972034454346,0.1639763,0.6938818832932346,3.52740478515625
1,0.048314232379198074,0.22755794,0.7476160455982722,3.5489094257354736,0.04427274689078331,0.1890008,0.5821769235274271,2.8297836780548096,0.000793605693615973,0.161968,0.31739284338032403,1.6024610996246338,0.08875219523906708,0.42150202,0.9580461763923923,1.9141377210617065,0.17028117179870605,0.3219061,0.9394260694236716,2.0950798988342285,0.08870083093643188,0.4631901,0.9460871084109916,1.827911376953125,0.19184529781341553,0.37735736,0.9412450995351409,2.143923759460449,0.09791126847267151,0.3590374,0.9493774109918024,2.1127676963806152,0.22225256264209747,0.23228785,0.9475782419022953,1.7595170736312866,0.051776546984910965,0.529074,0.9697320609965371,1.8012282848358154,0.12430991232395172,0.3796645,0.9608675606131535,1.9673737287521362,0.044283557683229446,0.62411183,0.9751003769416864,2.4869823455810547,0.13390782475471497,0.32197237,0.9552499340708454,2.1769752502441406,0.06090937927365303,0.44525364,0.9672981235901829,2.3440122604370117,0.09878364205360413,0.2911646,0.9579839134329055,2.3629519939422607,0.09934898465871811,0.36119798,0.9587523075006334,2.410672903060913,0.025271087884902954,0.40880248,0.9851105012879184,2.0822436809539795,0.06959947198629379,0.520659,0.9482633603690717,1.9419089555740356,0.07786707580089569,0.49720258,0.9393810812799239,1.896090030670166,0.13869118690490723,0.3732706,0.9480103478611054,2.0966522693634033,0.10346576571464539,0.53485596,0.9244629666159678,2.6515510082244873,0.47211647033691406,0.5327021,0.5032294343238196,2.385085344314575,0.24236595630645752,0.1435957,0.398137109691557,2.538743257522583,0.1574125736951828,0.09591207,0.6676323745075975,3.421286106109619
1,0.044304441660642624,0.271918,0.762040088566494,3.2176051139831543,0.027398962527513504,0.208448,0.6142505407497282,2.541046142578125,0.0005409631412476301,0.14374323,0.3172215320425235,1.1167612075805664,0.10345442593097687,0.36429268,0.9660430724995861,1.3618519306182861,0.21666380763053894,0.27968386,0.9487709258941336,1.6528162956237793,0.12149287760257721,0.40044627,0.9496058152315381,1.5593143701553345,0.21359817683696747,0.3449971,0.9572373120372483,1.855543613433838,0.1088961586356163,0.30913642,0.9560334738138956,1.7855710983276367,0.2615545392036438,0.2076025,0.9665425658232406,1.444460153579712,0.07626201957464218,0.4262269,0.9878935702325965,1.711334228515625,0.1629544198513031,0.3484887,0.9748420498447867,1.7081620693206787,0.08850700408220291,0.51309645,0.9912040730038794,1.770681619644165,0.1957511007785797,0.27790013,0.9738796346915869,1.833444595336914,0.1000419557094574,0.304677,0.9901066329760506,2.1929702758789062,0.19064082205295563,0.27540267,0.9750704047736125,1.6634819507598877,0.19767482578754425,0.3615457,0.9741594036331377,1.8470548391342163,0.06878546625375748,0.41595536,0.996976596569915,2.2596662044525146,0.1586739420890808,0.49068466,0.9397633699454363,1.9981440305709839,0.14442408084869385,0.48345277,0.9230271602160944,1.7386062145233154,0.1645304411649704,0.3159629,0.9276280795414881,1.744428277015686,0.21896761655807495,0.46441177,0.8674566040026725,2.4651665687561035,0.4986913502216339,0.47310287,0.46057979411402256,2.130814790725708,0.24287061393260956,0.15862845,0.36784638457099295,2.296718120574951,0.1370261311531067,0.1268296,0.5893351352558482,3.199270248413086
1,0.04342454671859741,0.2721078,0.7424576470066393,3.54477858543396,0.038399189710617065,0.21980365,0.5626194383301697,2.8428232669830322,0.00045464924187399447,0.1564274,0.3155116647809184,1.9173611402511597,0.09085741639137268,0.41803104,0.9558474265016021,2.0469257831573486,0.17718221247196198,0.353339,0.9373422929370903,2.415769338607788,0.08669782429933548,0.468145,0.9476804655361685,2.1716816425323486,0.159999281167984,0.3758615,0.9387528651941983,2.1820077896118164,0.08089511096477509,0.35504752,0.9497387853787849,2.2096991539001465,0.227458193898201,0.24247572,0.9454725989658371,1.8012454509735107,0.05424751341342926,0.5278697,0.9676864302065025,1.942380428314209,0.11900182068347931,0.39083007,0.9558581223423775,2.1094560623168945,0.04419313743710518,0.5689503,0.9737932303496802,2.490649700164795,0.11965826153755188,0.2920401,0.9495037307712225,2.26851749420166,0.06306667625904083,0.38536614,0.9636664543335784,2.196505546569824,0.12746629118919373,0.27281272,0.9516789772595734,2.431016206741333,0.11188098788261414,0.35006252,0.9555137000675966,2.3285155296325684,0.043584004044532776,0.38506657,0.9907555173432053,1.9114813804626465,0.06771648675203323,0.53181064,0.9536107740420643,1.9382562637329102,0.07096272706985474,0.44623396,0.9428455485728856,1.823382019996643,0.1131320670247078,0.34673303,0.9522700377514016,2.0716538429260254,0.10646065324544907,0.5041518,0.9243639572672692,2.6731317043304443,0.47770068049430847,0.5072515,0.4847087920841073,2.410046100616455,0.19077737629413605,0.15535372,0.3758457311019615,2.5287675857543945,0.13889388740062714,0.123278454,0.6462380013729152,3.4348111152648926
1,0.030643219128251076,0.23031835,0.7333668105343112,2.6782124042510986,0.01571943238377571,0.13998055,0.5414028809009919,1.9300463199615479,0.000253142265137285,0.11067596,0.3190605157036975,1.3617713451385498,0.12351711094379425,0.34869215,0.9662576142958789,1.3937227725982666,0.18967951834201813,0.24971919,0.9527860259533286,1.8514370918273926,0.10554027557373047,0.38380656,0.9447805741231101,1.8099457025527954,0.24729739129543304,0.30260485,0.9600170500120933,1.7283084392547607,0.11908935755491257,0.2506875,0.9446010115741885,1.5964504480361938,0.28530678153038025,0.1900372,0.9663302421843514,1.4425854682922363,0.0852544754743576,0.4600245,0.9934468960804351,1.7835708856582642,0.19634827971458435,0.2797133,0.9823798188711674,1.5956676006317139,0.0919741690158844,0.518655,1.0072385206136647,2.110429048538208,0.23599891364574432,0.24571705,0.9791233800120861,2.2105352878570557,0.1045227125287056,0.30884466,0.9908042458773658,2.3248324394226074,0.1816444844007492,0.250861,0.9798559491413219,2.2942025661468506,0.20033487677574158,0.28277573,0.9877230434965517,1.9112416505813599,0.09522424638271332,0.35857734,1.0421551310878738,2.0606112480163574,0.2675551772117615,0.4437097,0.9712758180886771,2.290116786956787,0.1426803171634674,0.4644371,0.9542447147042705,2.0759329795837402,0.17794062197208405,0.32164085,0.9686370742305358,1.9878637790679932,0.24888069927692413,0.47650933,0.8919010724647243,2.5250823497772217,0.5216341018676758,0.5215367,0.44175767496887747,2.096242666244507,0.22403548657894135,0.21006206,0.37856157911755983,2.0942649841308594,0.13958145678043365,0.19056402,0.6590616618644841,3.2631120681762695
0,0.04213482886552811,0.23424561,0.7368416685041741,3.247462034225464,0.027198154479265213,0.180844,0.5493109113371978,2.4754276275634766,0.0006052982062101364,0.14356317,0.3152083629464081,1.6646246910095215,0.0909183919429779,0.3695566,0.9635364562557484,1.8371959924697876,0.2066202014684677,0.29152513,0.9452536559710865,1.9975042343139648,0.10518453270196915,0.41067073,0.9484407064781473,1.7689547538757324,0.18229320645332336,0.3451414,0.9515263367932679,2.172858715057373,0.11898690462112427,0.28374636,0.9535488418793366,2.064980983734131,0.26708006858825684,0.19820553,0.9561072671921207,1.297101616859436,0.059495795518159866,0.5057543,0.9800984244759225,1.942244291305542,0.1673894077539444,0.3131787,0.9670838482869167,1.7549734115600586,0.056946881115436554,0.59080136,0.9925049508060771,2.3528592586517334,0.17597170174121857,0.2780697,0.9655070173904733,1.8183460235595703,0.07186006009578705,0.41461533,0.9814363718376956,2.364924907684326,0.1318688988685608,0.27960065,0.9646432801782466,2.4079091548919678,0.13661693036556244,0.33688706,0.9718924972091734,2.2435896396636963,0.03337272256612778,0.40424845,1.0010169311652004,2.014547348022461,0.08314487338066101,0.4762595,0.9556202353462849,2.045488119125366,0.08427714556455612,0.50021046,0.9468673976366148,2.1965126991271973,0.12483186274766922,0.346442,0.9657773895364179,2.014251708984375,0.162241593003273,0.5194349,0.9234971834425351,2.6089351177215576,0.5101464986801147,0.48508948,0.483672520396573,2.2954461574554443,0.2216552346944809,0.17121243,0.3977058637629525,2.478412628173828,0.13684456050395966,0.14253573,0.6859160811780828,3.443786859512329
0,0.044362641870975494,0.2533735,0.7190872035951666,3.180953025817871,0.01819758303463459,0.18094765,0.5313185227961664,2.428819417953491,0.00017442135140299797,0.14470366,0.31003547877688026,1.6525417566299438,0.10664990544319153,0.38483897,0.9619961822227048,1.6438548564910889,0.1480056494474411,0.3104808,0.9460007170363813,2.103947162628174,0.10620787739753723,0.43147144,0.9492238105426124,1.4970672130584717,0.16021892428398132,0.3678703,0.9520767039524363,2.14892840385437,0.09942817687988281,0.29428026,0.9516296221212786,2.0405478477478027,0.26622068881988525,0.23182437,0.9539187852170646,1.5675065517425537,0.0614137277007103,0.518509,0.9758064028715709,2.1166555881500244,0.14855758845806122,0.33046576,0.965344209220111,1.6224430799484253,0.06661558896303177,0.5691156,0.9877227848869609,2.080632448196411,0.15898779034614563,0.29830864,0.9632361098488529,2.468891143798828,0.06930248439311981,0.41818354,0.9771117047573112,2.4547863006591797,0.13407477736473083,0.29955223,0.963544035606118,2.3875157833099365,0.12275201082229614,0.3499962,0.9711595914805448,2.2959835529327393,0.05237871780991554,0.4134256,1.00275219720307,2.375786781311035,0.08824123442173004,0.46718898,0.9637422781685098,2.003851890563965,0.0725206583738327,0.52932304,0.9595746538708788,2.025487184524536,0.1185215562582016,0.36350912,0.9730205169987408,1.9312174320220947,0.1317317634820938,0.5316264,0.9318550891989271,2.6208043098449707,0.46864354610443115,0.4860927,0.49215449933105276,2.411555290222168,0.22268827259540558,0.17669532,0.4035087375717544,2.4939584732055664,0.12383141368627548,0.15472215,0.6881223027030359,3.5110368728637695
1,0.03540945053100586,0.2463143,0.7630312269691261,2.7263474464416504,0.020850127562880516,0.15133609,0.5850506117966411,1.9106504917144775,0.00033575791167095304,0.10570638,0.32068490939007976,1.1975611448287964,0.13927720487117767,0.38045004,0.9649325173996983,1.5225108861923218,0.19320006668567657,0.295358,0.9460199177166795,1.3574358224868774,0.11577605456113815,0.4307931,0.940959656068592,1.6058772802352905,0.2631462514400482,0.31203645,0.9602374727939419,1.5837266445159912,0.14418204128742218,0.31309554,0.9362375263422167,1.5384612083435059,0.32626232504844666,0.16016808,0.9716115731876683,1.7300410270690918,0.1288178414106369,0.3971359,1.0125336332637265,2.0250117778778076,0.22085756063461304,0.33304146,0.9909128942913796,1.882510781288147,0.1410573571920395,0.4427869,1.0073472281551732,1.9317127466201782,0.23540763556957245,0.2385016,0.9871890296137715,1.7533236742019653,0.14532145857810974,0.26038384,0.9968159055853978,2.33779239654541,0.24371609091758728,0.27723953,0.983128667567228,2.045011520385742,0.25856858491897583,0.29687268,0.9693996277753969,2.069272994995117,0.21143315732479095,0.4019988,1.0060728483740349,2.0916197299957275,0.23169562220573425,0.441352,0.919253031024502,2.2839784622192383,0.27156054973602295,0.40130427,0.8900243450183282,1.9937503337860107,0.2818077802658081,0.2956978,0.8889990872828567,1.7790392637252808,0.3403475284576416,0.4733681,0.8230684679086286,2.121544122695923,0.5539246201515198,0.46112168,0.42379231444578724,1.829369068145752,0.20193929970264435,0.19876201,0.3448215954925447,2.018768548965454,0.1439438760280609,0.15369993,0.5564993341182739,2.9117751121520996
0,0.04877790808677673,0.24178314,0.7246905144421366,3.263376474380493,0.019148098304867744,0.19195214,0.5305833872057224,2.501049757003784,0.0006129656103439629,0.1498532,0.31235818499569834,1.8588957786560059,0.1016213670372963,0.38980934,0.9610276006145877,1.8580796718597412,0.1684553474187851,0.29645085,0.942863718970368,2.1881654262542725,0.11357080191373825,0.4220451,0.9481912471022761,2.069641351699829,0.1711542159318924,0.37355712,0.9500125472883304,2.107919454574585,0.10598856955766678,0.27753195,0.95371910493208,2.1975648403167725,0.26399317383766174,0.22313987,0.9541278536681902,1.588444471359253,0.052188098430633545,0.52406496,0.9784972835169032,1.931447148323059,0.1443922072649002,0.3491932,0.9643083356533874,1.9169574975967407,0.06871331483125687,0.601036,0.9904078439619038,2.453562021255493,0.13947227597236633,0.29655218,0.9606300107740119,2.331242561340332,0.07143114507198334,0.43031335,0.9781622811815935,2.2764716148376465,0.14836575090885162,0.30594298,0.9645466217144839,2.4319632053375244,0.12018934637308121,0.40168518,0.9721041386125605,2.338179588317871,0.06102244183421135,0.3959762,1.0001703296075966,1.9354299306869507,0.07338011264801025,0.4752964,0.9597757989539822,2.177445888519287,0.0738033801317215,0.4920809,0.9590276853568216,1.7937201261520386,0.11617249250411987,0.34872305,0.9722175528815701,2.0173909664154053,0.11050257831811905,0.54413146,0.9373003984298476,2.6520004272460938,0.4692130386829376,0.495827,0.5042360221824669,2.4659504890441895,0.21047721803188324,0.17832999,0.412697110356342,2.583873987197876,0.1409410536289215,0.15133579,0.6889893624024723,3.5510709285736084
0,0.05160098522901535,0.23592313,0.7264116791571644,3.0744447708129883,0.012522573582828045,0.1955082,0.5361421923305794,2.229248285293579,0.0007219160324893892,0.15444447,0.31774279103063624,1.5354368686676025,0.11185067892074585,0.3597124,0.9668831692114804,1.7324695587158203,0.19551189243793488,0.26786804,0.9495106109451565,2.0204570293426514,0.11659768223762512,0.38461727,0.9493104336117778,1.7323293685913086,0.2124476432800293,0.30394724,0.9558789610094038,1.9105950593948364,0.1390029937028885,0.2671375,0.9538994036119093,1.8099784851074219,0.2929914593696594,0.17862323,0.9582125384625565,1.746077299118042,0.08023514598608017,0.40233028,0.9860924402431797,1.9755123853683472,0.19396145641803741,0.30231726,0.9749006611384811,1.8483071327209473,0.07567467540502548,0.4394772,1.001444945633012,1.9895683526992798,0.18803882598876953,0.22967534,0.966698754688569,2.271158218383789,0.08834447711706161,0.25886467,0.9805333922764768,2.240978717803955,0.1375967562198639,0.2386677,0.9677815376112984,2.3304309844970703,0.15868495404720306,0.25840992,0.9750734924675318,2.0556821823120117,0.1138843223452568,0.39684322,1.0034664503016109,2.5144479274749756,0.10041310638189316,0.46685618,0.958711206859127,2.215893030166626,0.10170131176710129,0.453552,0.9534834332836506,1.8934608697891235,0.12829770147800446,0.32159305,0.9678984515403898,1.853829026222229,0.1887165904045105,0.48529628,0.921729074347035,2.3873097896575928,0.5427526831626892,0.48588043,0.4747604018755976,2.130892515182495,0.22622151672840118,0.19643062,0.3881438986733892,2.343404531478882,0.14185145497322083,0.16255656,0.6623785961935542,3.431523084640503
0,0.042530011385679245,0.24210456,0.7336782930331406,2.717336893081665,0.009962877258658409,0.15656352,0.5448185361502547,1.8525739908218384,0.00022073906438890845,0.12447782,0.31730688938722545,0.9982760548591614,0.11454270780086517,0.32873535,0.9684827996411386,1.3979125022888184,0.19407238066196442,0.24608631,0.9531358054942413,1.8989231586456299,0.12840092182159424,0.37654456,0.9436551423016565,1.471044659614563,0.23290325701236725,0.28352454,0.9627077209577196,1.9014134407043457,0.14058999717235565,0.26114464,0.9514157008389243,1.3813437223434448,0.298026978969574,0.18207417,0.9674194331206136,1.58864426612854,0.08767721056938171,0.43552306,0.9972772133820311,1.7991541624069214,0.17165769636631012,0.29521367,0.9828284778653429,1.649134874343872,0.09807688742876053,0.50029117,1.0152114654179065,2.1204471588134766,0.19924552738666534,0.22386031,0.9794623285328695,2.3718950748443604,0.11702796071767807,0.34717438,0.9920056914693627,2.2485411167144775,0.2106882631778717,0.26561677,0.9788133614577649,2.124462366104126,0.19606934487819672,0.28301886,0.9801068339954586,1.9952081441879272,0.1129305437207222,0.38446724,1.0102058740414623,2.433007001876831,0.16444693505764008,0.43013903,0.9413511940766094,2.058603525161743,0.15767575800418854,0.44326958,0.9249434671119672,2.0478124618530273,0.19719719886779785,0.3183968,0.9450619042208245,1.7949215173721313,0.27625206112861633,0.45355988,0.8816324812567207,2.391538619995117,0.5918171405792236,0.4618786,0.4586940176904578,1.9864686727523804,0.2394401729106903,0.21389377,0.3708254029551152,2.2714967727661133,0.1579648107290268,0.19998871,0.6473434002600765,3.225980281829834
0,0.05405528098344803,0.2771044,0.7264758853152026,2.7916572093963623,0.015097135677933693,0.1555017,0.527831462677392,1.9601608514785767,0.00023634654644411057,0.13567443,0.31141389054970436,1.225890040397644,0.11615297943353653,0.35061023,0.9689178246207231,1.704405665397644,0.19072474539279938,0.3069433,0.9535577200517288,2.0075016021728516,0.11431523412466049,0.41947556,0.947195701439018,1.7892320156097412,0.22751450538635254,0.32532898,0.9633291090787255,1.7368147373199463,0.12515763938426971,0.26222003,0.9555039248606483,2.055974245071411,0.27110755443573,0.20635833,0.969623324921014,1.5589874982833862,0.09275518357753754,0.44695455,0.9954244644777597,2.114888906478882,0.1697774976491928,0.3124716,0.9813073758146662,1.5742332935333252,0.09225363284349442,0.5476751,1.016764431429893,2.1653409004211426,0.18131302297115326,0.28479952,0.9826348792426359,2.1857993602752686,0.08704984188079834,0.37336272,0.9890006806198389,2.3562941551208496,0.1894795000553131,0.2388164,0.9768094483504589,2.00373911857605,0.1836971491575241,0.29036492,0.9872107869788108,2.1887686252593994,0.11823373287916183,0.39963743,1.0133329553982502,2.6345608234405518,0.14666980504989624,0.4755282,0.9508726051322021,1.9268310070037842,0.13655149936676025,0.47281578,0.9441299339004597,1.6397314071655273,0.166720449924469,0.35970125,0.9703337004935183,1.7768915891647339,0.25379323959350586,0.47816986,0.9129482580437853,2.4156088829040527,0.6101884841918945,0.41428447,0.4731014972798124,1.8988828659057617,0.247270867228508,0.20230709,0.3849338788714365,2.1914761066436768,0.14747126400470734,0.19169609,0.6767533961971018,3.421684503555298
0,0.04064870998263359,0.26898712,0.7307169369822254,2.5081770420074463,0.010479697026312351,0.15934396,0.531577821864354,1.7278823852539062,0.0001712172816041857,0.13393296,0.31973854239656585,1.0434852838516235,0.12718746066093445,0.3483855,0.9685087886123566,1.5347583293914795,0.19568346440792084,0.240578,0.9538835101838047,1.9591002464294434,0.13058188557624817,0.37624383,0.9441999884124791,1.5120670795440674,0.2486683875322342,0.2763964,0.9681623801037355,1.7679202556610107,0.1670854538679123,0.21903309,0.9549350840634443,1.6820476055145264,0.2793899178504944,0.16565439,0.9713640352595738,1.6007848978042603,0.10384774208068848,0.42745,1.0002198338425776,2.088428497314453,0.17048779129981995,0.28372252,0.9890844141431485,1.9543468952178955,0.12076640874147415,0.48619476,1.0251706073357667,2.12143611907959,0.21249236166477203,0.239364,0.9868899506646494,2.129019260406494,0.12141832709312439,0.36444017,0.9962848041833373,2.319197654724121,0.19224600493907928,0.29659274,0.9806077021689712,2.230931520462036,0.2055296152830124,0.32860625,0.9893131753335929,2.044375419616699,0.18411795794963837,0.39124507,1.0221429356236407,2.207608461380005,0.19208094477653503,0.4755312,0.9602643677302258,2.114152193069458,0.17278490960597992,0.4895968,0.9550708677448881,2.1158854961395264,0.20673687756061554,0.36841065,0.9829593467628701,1.7873769998550415,0.26850277185440063,0.51247907,0.9095863025014722,2.4269399642944336,0.6044045686721802,0.50459766,0.47860703482927075,1.9471139907836914,0.25562313199043274,0.22437045,0.4090503927832695,2.2526142597198486,0.15458866953849792,0.2091759,0.6885302004847084,3.39741587638855
0,0.04004098102450371,0.23817043,0.7456194164374017,2.5754921436309814,0.010824819095432758,0.113763645,0.548374951464233,1.7919257879257202,0.0002038517704932019,0.09899032,0.322304553281164,1.0203629732131958,0.12719185650348663,0.31394488,0.9675235466892292,1.8240182399749756,0.19314607977867126,0.23801477,0.9513940139236838,1.8435933589935303,0.10180579870939255,0.35644758,0.9323070789210335,1.7768988609313965,0.2661473751068115,0.236459,0.966166219851656,1.6744742393493652,0.12944048643112183,0.25176385,0.9443107827517304,1.6641706228256226,0.2934918999671936,0.17463756,0.9728923865188415,1.4986631870269775,0.11313983052968979,0.41142714,1.0003571284581392,1.887540340423584,0.19218364357948303,0.2612165,0.9836795992018369,1.9811640977859497,0.12166285514831543,0.43178597,1.0130399693652559,1.8262770175933838,0.23308326303958893,0.21973597,0.9806933379071179,2.1579973697662354,0.11122862994670868,0.28219238,0.9874542084293679,2.402611494064331,0.21819746494293213,0.21908598,0.977408360740783,2.1105728149414062,0.2048003077507019,0.2829066,0.9874343098430316,2.0089058876037598,0.1730344146490097,0.39211518,1.0107131605781043,2.3876047134399414,0.16878439486026764,0.40452006,0.9372594811518237,2.0931801795959473,0.18818293511867523,0.43765697,0.9203553290547232,2.0305252075195312,0.22251231968402863,0.30084145,0.9548733252214344,1.7960588932037354,0.28186967968940735,0.4376702,0.8781397400488223,2.438979148864746,0.5737913846969604,0.45495662,0.486543026758846,1.9348258972167969,0.2312793880701065,0.23092714,0.40775912871750347,2.144010305404663,0.13594210147857666,0.22669697,0.6595312948689153,3.1961894035339355
0,0.025488704442977905,0.24332573,0.7331779570392152,2.7378644943237305,0.007913511246442795,0.14192466,0.5533450267085308,1.9815384149551392,0.0003063904296141118,0.12216107,0.32004678759949867,0.7924289107322693,0.10028015822172165,0.3460767,0.9696262776051005,2.091320037841797,0.18438036739826202,0.25658756,0.9533130646170115,1.7850414514541626,0.12160427868366241,0.37009907,0.9487463908129313,1.60948646068573,0.21170033514499664,0.28083488,0.963828117931529,1.8611961603164673,0.12654171884059906,0.25572696,0.9524600230451071,1.8450361490249634,0.30387651920318604,0.18378288,0.9660293998390588,1.4232832193374634,0.09738555550575256,0.41840446,0.9908329312313234,1.9039736986160278,0.180307075381279,0.273303,0.9810233048976045,1.6703448295593262,0.09975630044937134,0.4712441,1.0048903021993063,1.936097502708435,0.1893894076347351,0.21524255,0.9741291390101189,2.083151340484619,0.1020684540271759,0.27312112,0.9849528146391067,2.3193917274475098,0.19227334856987,0.22221927,0.9748219793463209,2.3049545288085938,0.1852007657289505,0.23403479,0.9769278653473571,2.024857521057129,0.11099673807621002,0.41409963,1.0008492043179515,2.3188915252685547,0.1571553349494934,0.38483232,0.9395451534851628,2.12260365486145,0.1303129941225052,0.44833377,0.9233062388744718,2.113570213317871,0.1708984225988388,0.3150252,0.9553598745656431,1.729744791984558,0.23394246399402618,0.47298497,0.8949333522232165,2.3404650688171387,0.5370198488235474,0.4651048,0.46879428610645885,2.1004812717437744,0.2169884592294693,0.20534474,0.38388483040722543,2.217552900314331,0.1420585662126541,0.19473119,0.6396311551526066,3.18719482421875
0,0.0522368885576725,0.2668781,0.7447189262593362,3.5597431659698486,0.03892376646399498,0.22977035,0.5735021892770957,2.885061264038086,0.0004959088983014226,0.17044616,0.3051602514980728,1.7632112503051758,0.09417328983545303,0.43023723,0.9530559110258433,1.8652818202972412,0.15615737438201904,0.39321193,0.9340901543317278,2.153156280517578,0.11602117866277695,0.47676152,0.9447978371546208,2.1045334339141846,0.168674498796463,0.3637914,0.935543662555026,2.2122745513916016,0.0774339810013771,0.39247546,0.9475649935674261,1.9555760622024536,0.2245970368385315,0.23840885,0.9406603621926167,1.7317593097686768,0.04113040119409561,0.5408438,0.9653199140162377,2.307582139968872,0.13236963748931885,0.37537572,0.9506894953622002,1.867752194404602,0.0703573003411293,0.514187,0.9682130895052066,2.4507319927215576,0.13837574422359467,0.3770618,0.949330919008268,2.349639654159546,0.09715666621923447,0.41369766,0.963102040931738,2.118032932281494,0.14038339257240295,0.34661588,0.9493404711132444,2.0468590259552,0.12849703431129456,0.34925032,0.9502125721500086,2.2854669094085693,0.030298111960291862,0.4074746,0.9776484108554749,1.400009274482727,0.07728640735149384,0.5010812,0.9408359367874197,2.1951940059661865,0.09930190443992615,0.44410434,0.9304775986684464,1.9831782579421997,0.12935693562030792,0.33360818,0.9233792117531477,2.0853376388549805,0.09840021282434464,0.54980195,0.9046274515632228,2.4701855182647705,0.5426298379898071,0.5052669,0.44440024928415695,1.9815601110458374,0.23062707483768463,0.1532632,0.2795321128060626,2.310234546661377,0.17891672253608704,0.11029692,0.5024574971304985,2.9789328575134277
0,0.04154602065682411,0.2511924,0.7372461175250987,3.238041877746582,0.026881463825702667,0.1769807,0.5472839098427908,2.468485116958618,0.0005286168889142573,0.13412024,0.31313574951296597,1.5644285678863525,0.10808289796113968,0.37668794,0.9645118467359303,2.06953501701355,0.20366638898849487,0.31244498,0.94956586733246,1.7078462839126587,0.09617728739976883,0.41332793,0.9529726788917291,1.9179363250732422,0.21529164910316467,0.37123314,0.9554300036144693,2.014127016067505,0.11201930046081543,0.29072663,0.9552464260001573,1.9636563062667847,0.27444103360176086,0.2109536,0.9593793306668054,1.5414707660675049,0.05741008743643761,0.52197444,0.9812092133406826,1.890508770942688,0.16282282769680023,0.33296284,0.9695691031620653,1.661768913269043,0.07202216982841492,0.56005394,0.9947663696314586,2.065516948699951,0.16739028692245483,0.30144715,0.9700250418550909,2.0150232315063477,0.077447809278965,0.43768543,0.9851147757955275,2.361318588256836,0.13937175273895264,0.3204228,0.9692106887817967,2.3349297046661377,0.14853936433792114,0.3383542,0.9747261866038499,2.2155606746673584,0.051168281584978104,0.40199953,1.0158431548986593,1.9521201848983765,0.09167096018791199,0.47456458,0.9680293071376153,1.810525894165039,0.09021198749542236,0.45355406,0.956859250603027,1.5982273817062378,0.14501474797725677,0.35029456,0.9724096971688159,2.0551254749298096,0.1567080020904541,0.55456907,0.9282429765829394,2.370431423187256,0.4986415207386017,0.4890855,0.4801459524253169,2.3196935653686523,0.22955326735973358,0.17307407,0.3963056308637773,2.4896068572998047,0.13254424929618835,0.13693856,0.6773268103745548,3.4223320484161377
0,0.06819692254066467,0.2253927,0.733124336891782,3.2860469818115234,0.021686874330043793,0.18096815,0.5397961420549766,2.495063543319702,0.0006852353690192103,0.14979075,0.3138317759100591,1.5935453176498413,0.10579778999090195,0.37207845,0.9623340395388688,1.9841437339782715,0.18917594850063324,0.31360567,0.9437190306822022,2.0474960803985596,0.10168606042861938,0.42151755,0.9474776997383384,1.8947724103927612,0.19317209720611572,0.36320937,0.9502777110700852,1.9658766984939575,0.11818476766347885,0.28409177,0.9526465653851508,1.8541117906570435,0.2757582366466522,0.22147682,0.9543879265756215,1.5554174184799194,0.053499966859817505,0.5175951,0.9779247180487637,2.0174572467803955,0.17247477173805237,0.33328676,0.9657244897511068,1.7251781225204468,0.07947222888469696,0.596458,0.9907186639354706,2.3109593391418457,0.13179872930049896,0.3037214,0.9640853671482941,2.348695993423462,0.06341516971588135,0.42762148,0.9801464992404549,2.529550075531006,0.13023115694522858,0.30728143,0.9623856398070759,2.226160764694214,0.12443578243255615,0.35828626,0.9701503603483301,2.3859589099884033,0.04079323261976242,0.40820572,1.0019974497145039,2.1231372356414795,0.07547864317893982,0.47864625,0.9613347778801729,2.2354679107666016,0.0672227218747139,0.5197153,0.9554051055953051,2.299206256866455,0.10105451196432114,0.38231835,0.9725508750353012,1.9637597799301147,0.1246335357427597,0.5512704,0.9284748622815581,2.7523300647735596,0.48932576179504395,0.4904896,0.49211153967871624,2.366401195526123,0.21196885406970978,0.1604785,0.4046149688078467,2.4439470767974854,0.127931609749794,0.14350142,0.6955846524472535,3.5282113552093506
0,0.028723737224936485,0.2793566,0.767191423708124,2.7137041091918945,0.01938493736088276,0.20137812,0.6115396744872117,1.848143458366394,0.00029331096448004246,0.12604445,0.3284243829082149,1.0344204902648926,0.12744545936584473,0.3633155,0.9663824248572659,1.6653789281845093,0.18874533474445343,0.31974423,0.9531777763012651,1.7067241668701172,0.1400158703327179,0.45018822,0.9496345754323511,2.009082317352295,0.28202375769615173,0.3298076,0.9582982816527365,1.6657143831253052,0.12371787428855896,0.3323421,0.9386792815320597,1.5450888872146606,0.35155436396598816,0.15707143,0.967705828041832,1.395514726638794,0.11641900986433029,0.40256482,1.003185671103454,2.014061212539673,0.2515994608402252,0.3007476,0.9796526957502023,1.738664150238037,0.13331732153892517,0.50571054,1.0001286297490284,1.9218134880065918,0.26741600036621094,0.2340693,0.9782860776855798,1.87003755569458,0.12280888855457306,0.25231028,0.991174173538311,1.7104167938232422,0.250880628824234,0.25108564,0.9760257282930127,2.1060047149658203,0.23784556984901428,0.2553648,0.9677746559414001,2.22822642326355,0.1770087629556656,0.3997273,1.0116348455760367,2.1428942680358887,0.256602019071579,0.45903683,0.9303959557060387,1.7691569328308105,0.28181973099708557,0.37192783,0.8912392919374836,1.8268537521362305,0.30486544966697693,0.2802478,0.880257870599208,1.693246841430664,0.3331933915615082,0.47951528,0.8155106088955879,2.1676604747772217,0.5473825931549072,0.4771757,0.413727560836291,1.8405768871307373,0.1557658612728119,0.1961986,0.3068987313791812,1.9329379796981812,0.13690319657325745,0.14929304,0.42909440873622723,2.307075023651123
0,0.03909936174750328,0.27809742,0.7266018340388859,2.9646897315979004,0.017231713980436325,0.15493181,0.5315711476136395,2.1783559322357178,0.0005833147442899644,0.13133313,0.3136585354012858,1.171148657798767,0.1177542507648468,0.34897202,0.9673602059074717,1.81367027759552,0.2069801539182663,0.28649127,0.9519517540884805,1.8949366807937622,0.10769009590148926,0.39922303,0.9484392423769628,1.9676921367645264,0.2167132943868637,0.32302862,0.9587727912245235,1.7074495553970337,0.11412351578474045,0.24669911,0.9534978933145651,1.7887855768203735,0.28892087936401367,0.1965043,0.9638724028818088,1.5345871448516846,0.07859097421169281,0.4564936,0.9875720628253749,2.0641965866088867,0.17889703810214996,0.31005883,0.9757127183309551,1.7450976371765137,0.08355410397052765,0.5340996,1.002871958323166,2.031684398651123,0.18184711039066315,0.25925308,0.9743294506417637,2.281667947769165,0.08393990993499756,0.36491773,0.9846025138746501,2.383530616760254,0.1654493361711502,0.26605082,0.9704886862806777,2.2700257301330566,0.1653991937637329,0.2934382,0.9783315583272971,1.974284052848816,0.10396154224872589,0.3984704,1.0067623765374483,2.099053382873535,0.10790202021598816,0.47192588,0.9535806642699026,2.025249719619751,0.11449456214904785,0.4730493,0.9469995190806446,2.003787040710449,0.1436387449502945,0.34305564,0.9696433339462944,1.8102788925170898,0.2069658637046814,0.4909112,0.9178548094011504,2.4467341899871826,0.5703799724578857,0.4663296,0.4773221297223705,2.0243403911590576,0.26147887110710144,0.20167717,0.39231743198555147,2.3338685035705566,0.1344222128391266,0.16734357,0.6744484509908225,3.4074645042419434
1,0.049049317836761475,0.23948693,0.7520925621606174,3.200453996658325,0.025230932980775833,0.17984368,0.5735456924648024,2.3689558506011963,0.0006765573052689433,0.14073423,0.3110128528408976,1.2229703664779663,0.10912057012319565,0.42753127,0.9649554769165982,1.7956058979034424,0.16199101507663727,0.348124,0.9524389308075003,1.8492847681045532,0.09432141482830048,0.4555646,0.9515968456210682,1.996899127960205,0.22555576264858246,0.33291644,0.950445045018062,1.8381290435791016,0.09238315373659134,0.3497156,0.9502570752793538,1.6495108604431152,0.27023521065711975,0.20752878,0.9607052742502226,1.5318413972854614,0.06918013095855713,0.49586037,0.983508926925036,2.1188387870788574,0.16075311601161957,0.35156825,0.9711701923201725,1.9137884378433228,0.08646156638860703,0.5385749,0.9854497599528902,2.1595988273620605,0.1866002082824707,0.30084008,0.9710030572083437,1.8755912780761719,0.08773944526910782,0.3719316,0.9816973026287021,2.1031296253204346,0.17256103456020355,0.27073926,0.9632661506516877,2.161426067352295,0.17076365649700165,0.30722207,0.9629485889952474,2.0787601470947266,0.058163635432720184,0.41776696,0.9962106765032875,1.9016194343566895,0.1505269557237625,0.49772072,0.9353159602103815,1.8400685787200928,0.16444936394691467,0.46310085,0.9166449764010899,1.821007251739502,0.21604245901107788,0.3097811,0.920113733410246,1.7656137943267822,0.22740814089775085,0.4885163,0.8755126380184626,2.3090336322784424,0.5710532665252686,0.47043765,0.42023440316264027,1.8545724153518677,0.19419771432876587,0.16233763,0.30630021965549115,2.022305727005005,0.14041651785373688,0.12810177,0.5953192558712204,3.0838098526000977
1,0.04091441258788109,0.2500037,0.7698872562318219,3.0027201175689697,0.013760392554104328,0.13094865,0.6052583954439814,2.1136982440948486,0.00014165884931571782,0.11790587,0.3269720816562396,1.3434011936187744,0.13216149806976318,0.34829772,0.9670528608874776,1.497709035873413,0.18964102864265442,0.2857128,0.9517099019405745,1.5206992626190186,0.12966570258140564,0.38843924,0.9445186924637496,1.4371212720870972,0.2742765247821808,0.28404528,0.9561926742674236,1.7426108121871948,0.1133115217089653,0.31579408,0.9418526419779976,1.3365387916564941,0.2927481234073639,0.19762395,0.9690400151079264,1.4146182537078857,0.08383067697286606,0.47197637,0.9966881260639877,1.812593936920166,0.20820073783397675,0.30015388,0.9850751817849737,1.7539079189300537,0.09512744843959808,0.51475024,1.0050049564254848,1.8542920351028442,0.20907452702522278,0.22312133,0.9817358055168179,1.894594430923462,0.11835615336894989,0.30361688,1.0010572575063934,2.0396413803100586,0.24891799688339233,0.2104051,0.9808899144223662,2.1384904384613037,0.25801312923431396,0.23794867,0.974002521492028,1.8644206523895264,0.08239500969648361,0.42693216,1.0338570965751173,2.0375137329101562,0.22248440980911255,0.45370278,0.9452209696879481,2.006223201751709,0.23112042248249054,0.39592853,0.9132160592571466,1.8777542114257812,0.2570100724697113,0.287937,0.9044388544392115,1.7547495365142822,0.3043118715286255,0.4266451,0.8310031929327554,2.2320141792297363,0.5469831824302673,0.49205798,0.4206592600841839,1.8597506284713745,0.2020665854215622,0.20002456,0.3111914921644352,2.1264803409576416,0.16947519779205322,0.15409084,0.5148349221049494,2.8315906524658203
0,0.040546856820583344,0.2690852,0.7394197588394015,3.070099115371704,0.01725046895444393,0.15915862,0.5534096332325816,2.2453882694244385,0.0005992993246763945,0.14482605,0.31738671616338027,1.4234609603881836,0.10999268293380737,0.34938154,0.9662049469096126,1.747812032699585,0.18348857760429382,0.27081037,0.9511738696795087,1.8783388137817383,0.10263537615537643,0.3907223,0.9506853609992877,1.6916148662567139,0.21744374930858612,0.33074462,0.9595707302295026,1.7660412788391113,0.11183498799800873,0.27667832,0.955980078281791,1.6345763206481934,0.2917734980583191,0.19943511,0.9632233228486925,1.5417506694793701,0.06417415291070938,0.47859892,0.9846782010999885,2.1427416801452637,0.16699306666851044,0.32336324,0.9742489086058844,1.458982229232788,0.07210513949394226,0.524625,0.9982674287138381,2.2553927898406982,0.16192792356014252,0.2653265,0.9713746297539345,2.112157106399536,0.09067891538143158,0.40443212,0.9838191312063974,2.322634696960449,0.16858525574207306,0.28992343,0.9689793788991304,2.079193115234375,0.15643982589244843,0.3305465,0.9760358108080385,2.157357692718506,0.061285972595214844,0.40370673,1.004984266487023,2.2215325832366943,0.13216231763362885,0.46973917,0.9473048994437993,2.03627347946167,0.10688687115907669,0.45325315,0.9400948322804679,2.001654624938965,0.14724303781986237,0.34666315,0.9627016173189178,1.960493803024292,0.18571965396404266,0.533371,0.9112962322799878,2.5811963081359863,0.5493623614311218,0.480249,0.4836287778814189,2.128675937652588,0.22309210896492004,0.18766277,0.386447625590044,2.298051118850708,0.14615894854068756,0.15702914,0.6720057117577379,3.3957529067993164
1,0.04771392047405243,0.23914522,0.7466897737801357,3.5392634868621826,0.04110825061798096,0.20452555,0.576439741653107,2.8322818279266357,0.0008779136114753783,0.1456497,0.31440191726137046,1.7793530225753784,0.08586641401052475,0.4141513,0.9577375587477228,1.8951430320739746,0.17349879443645477,0.35128665,0.9388699596587181,2.0905983448028564,0.07737372815608978,0.44759932,0.9480920150227965,2.104288339614868,0.1856899857521057,0.3234937,0.9403321454970726,2.213503122329712,0.08577559888362885,0.33186686,0.9505494293665616,2.182028293609619,0.23270663619041443,0.23919806,0.9477067989758112,1.7079353332519531,0.04683686047792435,0.5435253,0.9701063539819711,2.1484625339508057,0.1232091411948204,0.3875932,0.9599746421021722,2.0151143074035645,0.04793284460902214,0.6244508,0.9769324166618086,2.1500067710876465,0.14641988277435303,0.30049562,0.9555386950281571,2.345233201980591,0.07703147083520889,0.4417574,0.9674004985412779,1.992905855178833,0.10960432142019272,0.31567383,0.9604230840525563,2.2355077266693115,0.12440824508666992,0.33283675,0.9600011364647634,2.2373037338256836,0.03043670766055584,0.3927634,0.9866253489230662,1.9596526622772217,0.08195033669471741,0.5156716,0.9490092790395648,2.127601146697998,0.06816335767507553,0.42213613,0.9404612438475343,2.08256196975708,0.118165984749794,0.31666297,0.9470703836094219,2.1229565143585205,0.09807305783033371,0.4900191,0.9219794895612861,2.4694693088531494,0.4631401300430298,0.5343206,0.5067107614551118,2.4739797115325928,0.21771545708179474,0.15462948,0.3904233260197402,2.571169137954712,0.15263617038726807,0.1187333,0.665506538325266,3.491056203842163
1,0.029811101034283638,0.25340793,0.7704889618708657,2.7915635108947754,0.012211986817419529,0.11208551,0.600663882181964,1.9821858406066895,0.0006337359081953764,0.09819848,0.32504814411126726,1.0148060321807861,0.12291224300861359,0.35422808,0.9669388954733485,1.5957783460617065,0.16524381935596466,0.27403328,0.9451256232716754,1.7614247798919678,0.12186244130134583,0.39590773,0.9384697479905468,1.7288334369659424,0.2469579130411148,0.29196674,0.9542700540516516,1.8910620212554932,0.11035539954900742,0.31302467,0.9352798457119476,1.6557284593582153,0.2968360185623169,0.18596043,0.9689271198988714,1.347696304321289,0.10624779760837555,0.43489414,1.0030711554777492,2.0173256397247314,0.20795303583145142,0.2807468,0.9862028374553496,1.6947382688522339,0.11379950493574142,0.44474465,1.0081401998126887,2.134868621826172,0.23017464578151703,0.22527519,0.9851146133237748,1.8239312171936035,0.13008296489715576,0.28036004,1.0076609022918972,2.3828349113464355,0.22158388793468475,0.26168436,0.9857669242117443,1.9205355644226074,0.2601979076862335,0.2662355,0.9755100844273243,2.0664403438568115,0.10881547629833221,0.41823363,1.0424658833074083,2.0485422611236572,0.2531028687953949,0.43282047,0.9320217380508733,2.08449125289917,0.24252283573150635,0.4091121,0.9001772869238541,2.059887647628784,0.2532466650009155,0.303681,0.8964521102202115,1.908237338066101,0.3133837878704071,0.43499124,0.8169377311463049,2.2771575450897217,0.5066494345664978,0.4950722,0.4160452859735612,1.9403023719787598,0.1861315220594406,0.18193954,0.3120388376917136,1.9818865060806274,0.14290237426757812,0.15233546,0.5070998514711822,2.7543179988861084
0,0.04562722519040108,0.26385576,0.7231379119522958,2.9940285682678223,0.014886908233165741,0.17516929,0.5316704028633361,2.1743175983428955,0.00047272388474084437,0.15309983,0.31644316644740716,1.439992070198059,0.09661227464675903,0.36156365,0.9657524057259663,1.793218970298767,0.16919389367103577,0.2919219,0.9488430322775365,2.1808388233184814,0.10789065808057785,0.40311363,0.9472918766669096,1.948682427406311,0.17478212714195251,0.3427103,0.9571944025163847,2.13495135307312,0.11255943030118942,0.28170988,0.9523097033874396,2.2336678504943848,0.2989177703857422,0.2101797,0.9589097682902157,1.5733869075775146,0.06453762948513031,0.47139883,0.9817283085868969,1.8715202808380127,0.158133864402771,0.3302132,0.9738211169329489,1.8643938302993774,0.07353636622428894,0.56326514,1.0021486221924043,2.461346387863159,0.1805480569601059,0.2777561,0.9700641612211238,2.2945613861083984,0.08957657963037491,0.41302973,0.984474904798282,2.310539722442627,0.12490323185920715,0.3242441,0.9713559408768125,2.5479679107666016,0.14890317618846893,0.34029686,0.9801925403975131,2.267944574356079,0.054457854479551315,0.4043446,1.004678455878548,2.0343637466430664,0.09472206234931946,0.48509982,0.9627386871879128,2.476022720336914,0.0937260091304779,0.5225757,0.9594080246651642,1.8939428329467773,0.1175536960363388,0.365768,0.9761223514154889,2.0025575160980225,0.15809904038906097,0.5330575,0.9276960215962828,2.6170706748962402,0.537326991558075,0.48511255,0.4866590586425839,2.2383148670196533,0.24870645999908447,0.19451942,0.40497658262074393,2.384580373764038,0.15370813012123108,0.18775822,0.68523901565895,3.4498605728149414
0,0.026071330532431602,0.22891653,0.737751725893918,2.44604229927063,0.010447045788168907,0.114078954,0.5526487418293595,1.6925355195999146,0.0005160091095604002,0.09199712,0.32355080383889884,1.2851686477661133,0.1258721798658371,0.31287134,0.9663681552880287,1.7483197450637817,0.20024943351745605,0.24142483,0.9519977062502596,1.676568865776062,0.1200777068734169,0.34489352,0.9312718567450127,1.6995725631713867,0.27818140387535095,0.23683274,0.966403249061285,1.553548812866211,0.14210782945156097,0.23529586,0.9464906453221658,1.7856296300888062,0.2925718426704407,0.17069086,0.975176759349712,1.5412168502807617,0.11633575707674026,0.40999508,1.0085844135023565,1.9393861293792725,0.21684305369853973,0.2781378,0.9908080971974184,1.7292369604110718,0.14094935357570648,0.42105612,1.021156411989546,2.0762977600097656,0.2419588565826416,0.22289926,0.984489922273022,1.963975429534912,0.14085753262043,0.2828272,0.9922685286353047,2.1963577270507812,0.2138892412185669,0.22913477,0.9810482708508437,2.157386302947998,0.2257140725851059,0.27701867,0.9896951712404511,1.9417632818222046,0.20766547322273254,0.37967244,1.001618826514239,2.3246641159057617,0.23616339266300201,0.41184554,0.9193372371323453,2.2446129322052,0.20531250536441803,0.45213747,0.9003791671931525,2.2142932415008545,0.22721751034259796,0.27783313,0.9452922038072888,1.8915760517120361,0.3233602046966553,0.46646827,0.8771316677946773,2.2826919555664062,0.5976603627204895,0.492172,0.4794392859140513,1.8707815408706665,0.22932739555835724,0.21794096,0.3866082507284565,2.0635783672332764,0.14108821749687195,0.21069084,0.6365482432849529,3.0689826011657715
0,0.05767340958118439,0.26800466,0.7411816353500387,3.0777602195739746,0.01875392533838749,0.15525308,0.5550174940929644,2.189871072769165,0.0004003194335382432,0.14253409,0.32144236126268577,1.391065001487732,0.11141462624073029,0.33138958,0.9674941266491495,1.5780019760131836,0.1958022117614746,0.24211606,0.9509559632553892,1.9360761642456055,0.10185831040143967,0.38543844,0.9472840393489361,1.625817060470581,0.20572054386138916,0.2985332,0.9592394494390444,1.9845006465911865,0.13173775374889374,0.2575354,0.9535831449512292,1.668642282485962,0.28062427043914795,0.18153654,0.9638035850691575,1.6544721126556396,0.0678240954875946,0.4484173,0.9867771320586309,1.9206796884536743,0.16371369361877441,0.2884379,0.9771653799975857,1.679397702217102,0.08293120563030243,0.5360341,1.0059179439763812,1.828148365020752,0.18076832592487335,0.2455426,0.9745917405753313,2.1789374351501465,0.10663829743862152,0.36860937,0.9881598513806453,2.324418544769287,0.13319672644138336,0.26035336,0.9732310094883789,2.529304265975952,0.17657440900802612,0.28545278,0.9808996238892538,2.121819257736206,0.05558394268155098,0.3811844,1.0108217708431497,2.5991172790527344,0.11277597397565842,0.4774303,0.9483342201631731,1.9486947059631348,0.12587545812129974,0.45510465,0.9397628866513008,2.0799617767333984,0.1401815265417099,0.33274597,0.9594936787569113,1.9507710933685303,0.19341716170310974,0.47737074,0.9077127224636999,2.5305285453796387,0.5599601864814758,0.5000241,0.4805642386127627,2.0736076831817627,0.23177286982536316,0.18824625,0.3898262903387883,2.366422176361084,0.13417208194732666,0.17627972,0.6723775709949472,3.3207321166992188
0,0.04689667001366615,0.2587893,0.7412025351160697,3.072702169418335,0.018936410546302795,0.15696473,0.559029826884087,2.2799460887908936,0.0005692390841431916,0.14287764,0.315038311647545,1.3357254266738892,0.10145972669124603,0.35191122,0.967510479128421,1.8164621591567993,0.19170506298542023,0.2625867,0.9513800405950552,1.8434516191482544,0.12760761380195618,0.37663305,0.9499794832637793,1.9518773555755615,0.21043260395526886,0.31231192,0.9590207071097173,1.7104936838150024,0.11710825562477112,0.27380592,0.9567238337094662,1.6921299695968628,0.28776636719703674,0.19410904,0.9647530778353408,1.5842833518981934,0.05885756015777588,0.47107962,0.9872470662674955,2.1876163482666016,0.16873779892921448,0.31274852,0.9756932714625495,1.6776740550994873,0.08337735384702682,0.5362815,1.0017698522811758,2.317871570587158,0.17061129212379456,0.2639592,0.9731942691153068,1.994186282157898,0.08920937776565552,0.4082872,0.9831747608497904,1.8564077615737915,0.14749012887477875,0.28381443,0.9724478136956346,2.4356343746185303,0.15193654596805573,0.30377,0.9773262961503998,2.3255884647369385,0.051292844116687775,0.41064766,1.0093771271751022,1.8721815347671509,0.12217557430267334,0.46165442,0.9510305006078019,1.921924114227295,0.10999748110771179,0.47184512,0.9431556080635977,2.169584035873413,0.15885911881923676,0.34863222,0.967322042701482,1.7962275743484497,0.21344053745269775,0.48912624,0.9080012783631624,2.5274033546447754,0.5446001887321472,0.472747,0.4859157193091282,2.0984792709350586,0.22506052255630493,0.1862199,0.3882874515344514,2.294965982437134,0.14136038720607758,0.16406809,0.672152435372002,3.413841724395752
1,0.042895492166280746,0.27515242,0.7439586059897624,2.969747543334961,0.018709322437644005,0.14003763,0.5526915461734281,2.1423988342285156,0.0004825374926440418,0.13403004,0.31782721598736813,1.2320892810821533,0.12879103422164917,0.3323553,0.9675857722834944,1.392183542251587,0.20312221348285675,0.25812432,0.9537527289637814,1.81017005443573,0.1145850270986557,0.39379182,0.9485848547053948,1.770713210105896,0.2576453685760498,0.27872878,0.959462292461873,1.8694208860397339,0.13448040187358856,0.2596684,0.9551885197976014,1.9587453603744507,0.2767752707004547,0.1876258,0.9684859400215043,1.5500781536102295,0.07694226503372192,0.44918078,0.9934304122048252,2.216932773590088,0.1908377856016159,0.26806954,0.9787565039277706,1.610550045967102,0.10107804089784622,0.5103041,1.0111020970238354,2.2731781005859375,0.19669689238071442,0.22626679,0.9757018743970609,1.8462203741073608,0.09915252029895782,0.33269042,0.9870344206011317,2.5149917602539062,0.19645380973815918,0.21010737,0.972865974273316,2.150181531906128,0.19394317269325256,0.27501804,0.9831340385291472,1.913400650024414,0.07278460264205933,0.40397453,1.01931455313398,1.835894227027893,0.177557110786438,0.46943313,0.947255952914508,1.879123568534851,0.1393328607082367,0.40867677,0.9350784397763545,1.9498867988586426,0.1580822616815567,0.3130441,0.954115727599848,1.8811771869659424,0.2381642758846283,0.4336301,0.8958480414697811,2.199655055999756,0.5939433574676514,0.46233714,0.48004984970324815,1.9771666526794434,0.23693245649337769,0.19370875,0.3814137058894936,2.2309534549713135,0.1320866197347641,0.16291317,0.6636867318190064,3.3461287021636963
0,0.03401239961385727,0.25037593,0.7284824344372015,2.9363555908203125,0.010979881510138512,0.15517272,0.5334642086474798,2.160036087036133,0.0003140652261208743,0.13905145,0.3185353395728449,1.245257019996643,0.10538696497678757,0.35549042,0.9670715450568645,1.9337891340255737,0.22663724422454834,0.27988335,0.9511593356497579,2.044193744659424,0.11887669563293457,0.40048313,0.9497245088811211,1.6694457530975342,0.21300145983695984,0.3402707,0.9612681701895968,1.944518804550171,0.13422340154647827,0.2746147,0.9557275204837239,1.7798466682434082,0.2935195565223694,0.19859879,0.9624607104433541,1.552059292793274,0.07749491184949875,0.45496055,0.9845738309944162,2.008366823196411,0.15715248882770538,0.3204672,0.9760595869418142,1.750732183456421,0.08691181242465973,0.538669,1.004186607302834,1.6266565322875977,0.21039611101150513,0.25552887,0.9723313602534533,2.0823862552642822,0.11905653029680252,0.37305605,0.9849138549950981,2.287693500518799,0.143609419465065,0.2699579,0.9726152365613865,2.3443169593811035,0.16788217425346375,0.30616918,0.9809624766882534,1.8842198848724365,0.08185165375471115,0.39566162,1.011768565640171,2.2062385082244873,0.11645739525556564,0.47331473,0.9624424175304179,1.993915319442749,0.10022404044866562,0.4249701,0.9557753957163768,2.111873149871826,0.1500740796327591,0.31555414,0.9821880984824554,1.885054349899292,0.1942424774169922,0.48144236,0.9249392640746723,2.5529510974884033,0.5571364760398865,0.45743757,0.4908873747453818,2.165351390838623,0.22970885038375854,0.19692285,0.40702355368942655,2.403794050216675,0.16201671957969666,0.18199664,0.6868647300596414,3.4426181316375732
0,0.046047355979681015,0.23503083,0.732751780660613,3.0747907161712646,0.01794397085905075,0.18394274,0.5413290319773113,2.324782371520996,0.0005597654962912202,0.14810427,0.31784275491577735,1.4610141515731812,0.10972744226455688,0.3551948,0.9659770841109366,1.78529953956604,0.16602717339992523,0.2758223,0.9483966969774017,1.9841099977493286,0.11395623534917831,0.41300902,0.9491657085917123,1.8565280437469482,0.19569618999958038,0.31862924,0.9555652753501187,1.882087230682373,0.1169762909412384,0.2707017,0.9530573784534708,1.9565098285675049,0.3209451138973236,0.19327253,0.9582721201166269,1.5829381942749023,0.06336195021867752,0.48797807,0.9837258876626599,1.8217930793762207,0.16007614135742188,0.29344648,0.9705816411304264,1.8676130771636963,0.0837574377655983,0.5332612,0.9998135935878697,2.046995162963867,0.16232547163963318,0.26885667,0.9681332574993912,2.140937089920044,0.07201773673295975,0.4001545,0.9815558936945545,2.258387565612793,0.1408250480890274,0.2775543,0.9680489550933634,2.2342138290405273,0.15458208322525024,0.29216674,0.9753536632013011,2.1230669021606445,0.04547950252890587,0.41194764,0.9977783436433283,2.471323251724243,0.10843414813280106,0.48683688,0.9488713940152215,1.832383632659912,0.08566475659608841,0.46297002,0.9427555506648592,1.8260297775268555,0.13611383736133575,0.33505213,0.9618321287404281,1.8539434671401978,0.16387811303138733,0.52059007,0.9239426047821834,2.497546672821045,0.5409547686576843,0.49652913,0.48859568856611396,2.1740963459014893,0.25726237893104553,0.17809142,0.40144223008069707,2.3887128829956055,0.13456788659095764,0.15144756,0.6875972879873004,3.4524996280670166
1,0.031192874535918236,0.2518434,0.7592071352276956,2.943737506866455,0.030792497098445892,0.13074417,0.5906612985208152,2.251523017883301,0.0005383654497563839,0.13880266,0.31753664438437534,1.080530047416687,0.11553893983364105,0.39356926,0.9659773498991718,1.6993964910507202,0.17515815794467926,0.30421776,0.9490991762427073,1.8232166767120361,0.09527137130498886,0.4347728,0.9420931611307433,1.6818974018096924,0.24151292443275452,0.32316795,0.9507854788466686,1.7446684837341309,0.11042148619890213,0.34296438,0.9415272642647776,1.5010950565338135,0.2844822406768799,0.18870868,0.9624782548805366,1.6174509525299072,0.08182825148105621,0.46748498,0.9875972771544733,1.6542141437530518,0.17953720688819885,0.32812914,0.9760266921259363,2.0558505058288574,0.07919159531593323,0.5468488,0.9952010874810228,1.780794382095337,0.19760900735855103,0.2606744,0.9737607919623361,2.2081222534179688,0.11456234753131866,0.31714678,0.9895559731071589,2.177110195159912,0.2033216953277588,0.25671285,0.9742729109066774,2.0959181785583496,0.22979891300201416,0.28394568,0.9677209199781118,1.9663358926773071,0.07415180653333664,0.41378403,1.01855738144313,2.2592501640319824,0.19189226627349854,0.45065397,0.9407013281163508,2.0060184001922607,0.18220116198062897,0.4115097,0.9057405088321302,1.8328624963760376,0.2398766726255417,0.31818527,0.8948681332283142,1.860429048538208,0.29492825269699097,0.4965755,0.8480115854942508,2.1977782249450684,0.5908371806144714,0.49625692,0.40643858711626835,1.7838126420974731,0.20824575424194336,0.18398663,0.2932077745531955,1.9177290201187134,0.16764949262142181,0.13035625,0.4786649094174195,2.6946542263031006
0,0.04500468075275421,0.26100937,0.7253994102196831,3.0375454425811768,0.01702951267361641,0.18504766,0.5383028118714713,2.3094003200531006,0.00033266967511735857,0.14338076,0.31345897902245684,1.398702621459961,0.10746569186449051,0.37082905,0.9651506461035275,1.6361217498779297,0.20327909290790558,0.2890159,0.9488964776083121,1.6626198291778564,0.11395569890737534,0.4018216,0.9509116087666599,1.758589744567871,0.19690483808517456,0.34782904,0.9574293888086406,2.119948387145996,0.10555920004844666,0.28518802,0.9544366469830192,2.0103280544281006,0.28919321298599243,0.22029513,0.9600820254358776,1.5431627035140991,0.060574088245630264,0.474497,0.9809953724295277,2.1812570095062256,0.1775268167257309,0.32558265,0.9706519741935241,1.6964781284332275,0.06923218071460724,0.5830393,1.0008099392592482,2.358241081237793,0.19587549567222595,0.28931165,0.9695328021245019,2.2557785511016846,0.09122300148010254,0.3962629,0.9832601171199128,2.2646706104278564,0.13479992747306824,0.31890944,0.9686521478425523,2.5725879669189453,0.1816578209400177,0.34346274,0.9780975349347039,1.7727084159851074,0.049078576266765594,0.39624834,1.0069456030734207,2.4394209384918213,0.09633207321166992,0.48402238,0.9645581240293938,2.0363588333129883,0.11882130801677704,0.515146,0.9563631742326711,1.9543503522872925,0.14018791913986206,0.37228167,0.9823281767982777,1.7192232608795166,0.17040853202342987,0.53083,0.9327439783591439,2.5014452934265137,0.5316064953804016,0.4630982,0.48973311210966863,2.201401948928833,0.23461878299713135,0.17018956,0.41337837789958154,2.4987566471099854,0.1555292010307312,0.16772792,0.6884552931206762,3.493474245071411
0,0.03528393432497978,0.27133176,0.723090133530206,2.8809847831726074,0.013458172790706158,0.16607083,0.5302920328644736,2.1368370056152344,0.0002351856674067676,0.14537714,0.3140269410117471,1.3147401809692383,0.11276517808437347,0.36159453,0.9670370736907197,1.8479903936386108,0.1902713030576706,0.2942254,0.9516012077711931,2.129289150238037,0.12169314920902252,0.40988064,0.9507277437392305,1.7180026769638062,0.21559685468673706,0.33371276,0.9612882871819194,1.8679838180541992,0.12823715806007385,0.27804357,0.9567528609285038,1.9689452648162842,0.26697057485580444,0.21622871,0.9621529722349625,1.602616548538208,0.0713670551776886,0.48491547,0.9856487298915289,2.164829730987549,0.18158042430877686,0.33110976,0.9753113497798362,1.6849056482315063,0.08089931309223175,0.5485645,1.0047317639074522,2.2399377822875977,0.2375522255897522,0.2749224,0.971066245314884,2.362549066543579,0.09260322153568268,0.38647914,0.9830198352911169,2.36159610748291,0.15340982377529144,0.31292713,0.9704231814848654,2.3472142219543457,0.18170243501663208,0.310316,0.9790605072637669,2.167116165161133,0.07379835844039917,0.39720643,1.0094787243195409,2.513162612915039,0.11567633599042892,0.48249462,0.9624356697180854,2.1446828842163086,0.10837094485759735,0.47698355,0.9579210866931505,2.0506742000579834,0.14965465664863586,0.34936118,0.9844227200691016,1.7996991872787476,0.18908600509166718,0.5199548,0.93373870889353,2.4429032802581787,0.5482587814331055,0.47255775,0.4962331339714027,2.1692774295806885,0.2310744822025299,0.18918489,0.41813993826147977,2.306246042251587,0.1633494645357132,0.1791952,0.695864480233396,3.50311541557312
1,0.04254870489239693,0.24397986,0.7480883976211445,2.6675186157226562,0.010338020510971546,0.11706101,0.5463994513407759,1.7875444889068604,0.00037047674413770437,0.09722018,0.3192008645034952,1.1072585582733154,0.1293930560350418,0.3154196,0.968217905861274,1.5432597398757935,0.18163235485553741,0.23767543,0.9520626514725242,1.9308196306228638,0.11073222011327744,0.35494408,0.9344309169344366,1.5976450443267822,0.2603805661201477,0.24695069,0.9674188423681634,1.6319102048873901,0.1339007318019867,0.23831917,0.9466784538748145,1.363444209098816,0.2686575651168823,0.18422167,0.9739239491336698,1.4051988124847412,0.09283414483070374,0.42497906,1.002000526959768,1.9184738397598267,0.1825108826160431,0.26550835,0.9868184216404804,1.9373959302902222,0.11318618059158325,0.46347028,1.018776796636929,1.9350627660751343,0.20775076746940613,0.22022606,0.9827818320803373,2.256685495376587,0.11283520609140396,0.29547593,0.9904055592823635,2.3798089027404785,0.23433107137680054,0.2211789,0.9798043876149898,2.1107606887817383,0.21781016886234283,0.28359333,0.9870020409283957,2.0302090644836426,0.17136520147323608,0.39503172,1.0192732478021191,2.3297102451324463,0.2022096812725067,0.41164553,0.9338044399158064,2.283249616622925,0.20050546526908875,0.42796093,0.9147611403658117,2.029130697250366,0.22339603304862976,0.3038113,0.9518109330181972,1.8452396392822266,0.28982818126678467,0.4239467,0.8750875485196752,2.4679300785064697,0.5659494996070862,0.48436418,0.47299079191567756,1.9883172512054443,0.23620234429836273,0.22835085,0.4022632052016604,2.25917649269104,0.13440819084644318,0.2203321,0.6534284677286825,3.1794583797454834
0,0.047494661062955856,0.22900447,0.7265662031802127,3.087728977203369,0.012807064689695835,0.17004503,0.5348019790388514,2.244940757751465,0.0006487276987172663,0.15820429,0.3175684409747087,1.6216304302215576,0.10829292237758636,0.3613203,0.9668502658994074,1.7683353424072266,0.21114420890808105,0.27614138,0.9497848776587409,2.0213003158569336,0.11614420264959335,0.37953752,0.950574628819739,1.769563913345337,0.17887090146541595,0.29581264,0.9562310813411671,1.7825485467910767,0.13502274453639984,0.26431775,0.9536828664873481,1.8812897205352783,0.29090216755867004,0.17355938,0.958345219347282,1.6199967861175537,0.07271657884120941,0.43812692,0.9869883741717697,2.07037091255188,0.16390842199325562,0.30504036,0.9751161728222175,1.6292169094085693,0.08534039556980133,0.4388168,1.0015613168621986,2.1575608253479004,0.1817004680633545,0.23761216,0.9672022683498055,2.4691033363342285,0.08877281844615936,0.24299611,0.9805252537361144,2.3966193199157715,0.14241433143615723,0.24352762,0.9687035940824463,2.152231454849243,0.1522502601146698,0.22702068,0.9752742282009021,2.2372031211853027,0.10855010896921158,0.39879182,1.0039036875263077,2.434539318084717,0.09857366234064102,0.4571328,0.9589456463862931,1.8552318811416626,0.09159623086452484,0.43528837,0.9562201392718209,2.0101089477539062,0.13305409252643585,0.31727326,0.968941604556386,1.8269284963607788,0.17520542442798615,0.4545019,0.922680009870861,2.685741662979126,0.5316563844680786,0.48215845,0.4770634601728938,2.1802895069122314,0.2282305806875229,0.19154313,0.391295162565583,2.4828925132751465,0.12513552606105804,0.1628453,0.657090901631961,3.392892599105835
0,0.0507390983402729,0.21967344,0.7344809887790856,3.158006191253662,0.039250146597623825,0.18138447,0.5525278292118161,2.4006900787353516,0.000299888284644112,0.15221892,0.3133919065376166,1.3521877527236938,0.11368418484926224,0.3769831,0.9662376198052696,1.628892421722412,0.18979527056217194,0.29051122,0.9486886086995164,1.9183779954910278,0.12925595045089722,0.40777504,0.9489487078027162,1.7517857551574707,0.20848461985588074,0.3286206,0.9562345207530544,2.0064687728881836,0.11042127013206482,0.27969024,0.9545057322756944,2.0143227577209473,0.2894308865070343,0.20354499,0.9598209493380372,1.7237192392349243,0.06180194392800331,0.48793876,0.984944281366472,2.1273820400238037,0.16169790923595428,0.32031026,0.9728222289431946,1.8873496055603027,0.06212398782372475,0.55029595,1.000712377072519,2.4772768020629883,0.19460684061050415,0.27777827,0.96915882577185,2.2770135402679443,0.08537749201059341,0.3987835,0.9868914841688814,2.051305055618286,0.1550857573747635,0.29209167,0.9706212246964636,2.401820182800293,0.15951606631278992,0.31149942,0.9782216167963846,2.1225504875183105,0.06803596019744873,0.41240358,1.006538629053253,2.1819632053375244,0.09508933871984482,0.4749204,0.9622504781462665,1.8924281597137451,0.0961901843547821,0.49401414,0.9584700176748128,1.835453748703003,0.14227372407913208,0.35138774,0.9738419198328878,1.7112927436828613,0.1564609706401825,0.49138606,0.9273793351396452,2.4504806995391846,0.5167550444602966,0.4969985,0.4880744494461215,2.265529155731201,0.22550879418849945,0.1949814,0.4027452125556489,2.4447972774505615,0.14310257136821747,0.16829273,0.6921022350703506,3.4994781017303467
0,0.03891095519065857,0.2695048,0.7271516365279557,2.6107869148254395,0.012048071250319481,0.14596157,0.5244169857817966,1.7690703868865967,0.00014827972336206585,0.13266817,0.31696357514735785,1.2553131580352783,0.12189941108226776,0.34774208,0.969216082729227,1.7595293521881104,0.2037082463502884,0.29518473,0.9541116933590714,1.9409356117248535,0.12749795615673065,0.41059187,0.9454839346715178,1.5635825395584106,0.21461400389671326,0.30949843,0.9656889266880209,1.7490787506103516,0.1438768059015274,0.24861082,0.9547968247539375,1.767484188079834,0.2951015830039978,0.19584885,0.970364425939222,1.5960981845855713,0.113533154129982,0.41293126,0.9978661816876805,2.058039903640747,0.20633354783058167,0.31123653,0.9845447227482532,1.9589289426803589,0.11044590175151825,0.5041029,1.0236631007118195,1.950774073600769,0.2288769781589508,0.30117422,0.9853727696433546,2.166597843170166,0.10393480211496353,0.32363147,0.9942211883980494,2.367009401321411,0.19526435434818268,0.21999235,0.9776394175397698,2.044149160385132,0.21717162430286407,0.26921436,0.9886545196958924,2.0405476093292236,0.11644904315471649,0.3880448,1.0193069818067033,2.331171989440918,0.17746859788894653,0.467995,0.9592638694753651,2.039228916168213,0.1503128856420517,0.45519018,0.9522744869735835,2.1252894401550293,0.19626681506633759,0.33969724,0.9810793710929028,1.8569071292877197,0.270973265171051,0.46225512,0.910683191137561,2.3436689376831055,0.6157239675521851,0.4272339,0.4684586491519872,1.8861973285675049,0.21374808251857758,0.21185885,0.39234645413952735,2.226957321166992,0.15528929233551025,0.19403943,0.67867867455381,3.363124132156372
0,0.0507526621222496,0.2645307,0.7391487583516726,3.1796696186065674,0.019227443262934685,0.17259268,0.5473004201245029,2.225389242172241,0.0005694901337847114,0.15130036,0.3201021935596365,1.356571078300476,0.10626083612442017,0.3565226,0.9664493961942741,1.8463689088821411,0.18957535922527313,0.2834934,0.950333355387112,1.7253400087356567,0.1051364615559578,0.39497465,0.9507924397417331,1.5100888013839722,0.2191857099533081,0.3268387,0.9573181165056999,1.9035751819610596,0.11742675304412842,0.27870017,0.9537050786265328,2.0112531185150146,0.2986072301864624,0.20769262,0.9604845106931905,1.6275949478149414,0.06806249916553497,0.48327813,0.9835007765159665,2.054621934890747,0.17392753064632416,0.31912228,0.9713781899317455,1.8111934661865234,0.07517801970243454,0.5564818,0.9978592915684106,2.22613525390625,0.18983866274356842,0.27065432,0.9706309374509805,1.8332762718200684,0.08882490545511246,0.4079235,0.9858085619664095,2.137810468673706,0.16224628686904907,0.30064043,0.9694715001389212,2.25258469581604,0.16196957230567932,0.32516807,0.9763271368544743,2.251990795135498,0.057617899030447006,0.402335,1.0142997518557777,1.9952014684677124,0.11179041117429733,0.47022897,0.9608980242770077,1.8690294027328491,0.1100844144821167,0.48611817,0.9521358790218544,1.6891106367111206,0.1402653455734253,0.34500095,0.9692257187970477,1.8033524751663208,0.1827409565448761,0.5207329,0.9205047470171069,2.504246234893799,0.49926525354385376,0.48441035,0.4722361351124206,2.19747257232666,0.22789351642131805,0.17173228,0.3981630754031316,2.3619205951690674,0.1183726117014885,0.14538625,0.6686701406251027,3.3639588356018066
0,0.036927126348018646,0.24896307,0.7463890955940335,2.6950254440307617,0.011225001886487007,0.13697556,0.5499663320961331,1.8498996496200562,0.0003466321504674852,0.11657078,0.31670291079442536,1.07231867313385,0.12472475320100784,0.3244344,0.9691842471230974,1.6468969583511353,0.1746310293674469,0.23579344,0.9536782788046145,2.043691396713257,0.1075909212231636,0.36711246,0.9403478261005366,1.7730317115783691,0.2598217725753784,0.25838208,0.9636774055556833,1.5827049016952515,0.13595227897167206,0.24414507,0.9476065285351086,1.5072112083435059,0.26344284415245056,0.18450941,0.97113377224458,1.639538049697876,0.09585805982351303,0.43280426,1.000763090118499,1.9427086114883423,0.18598493933677673,0.2609528,0.98549414945174,1.8475444316864014,0.11118210852146149,0.48823753,1.0233445438435451,2.187521457672119,0.23306791484355927,0.2172811,0.9843540726985539,2.198185920715332,0.11412778496742249,0.3128346,0.9963849873270695,2.3067827224731445,0.2036866694688797,0.19889282,0.9795473212293673,2.264280319213867,0.21341527998447418,0.2471907,0.9891512976907884,2.0791618824005127,0.14176227152347565,0.3729727,1.0319662126542695,2.1746814250946045,0.18727341294288635,0.4429287,0.9451696430602301,2.0060813426971436,0.1796259731054306,0.379352,0.932585908246481,2.0415916442871094,0.20845864713191986,0.29516116,0.954904314822172,1.705010175704956,0.27605190873146057,0.42379278,0.8807606226164822,2.3803703784942627,0.5687798857688904,0.4494862,0.46576810511964306,2.006342649459839,0.23741227388381958,0.21202792,0.3941275142196719,2.2106947898864746,0.11201726645231247,0.18979606,0.6506552341865455,3.1558287143707275
1,0.04390420392155647,0.25998035,0.7321566064839498,3.527894973754883,0.037107065320014954,0.20137827,0.5644818028483193,2.882789134979248,0.0009450953803025186,0.15148842,0.30993548916489216,1.9223312139511108,0.08766602724790573,0.4211741,0.9534061632789717,1.938490390777588,0.17514406144618988,0.34725258,0.9338161236275613,2.0886104106903076,0.10117602348327637,0.46952528,0.9441452743703769,1.984297752380371,0.16088594496250153,0.39092815,0.933981023142941,2.4159493446350098,0.08927014470100403,0.3651085,0.9477863849417654,2.122044324874878,0.20689013600349426,0.24099356,0.9419951709098697,1.9487534761428833,0.0540059432387352,0.5354585,0.9647459939058717,2.1183524131774902,0.12227806448936462,0.39381242,0.9534315713421593,2.160281181335449,0.038990702480077744,0.63127327,0.9712963021957549,2.0994532108306885,0.1263938844203949,0.32348746,0.94896529010589,2.1788485050201416,0.08995892107486725,0.45561638,0.9625764054513208,2.372905969619751,0.1184932217001915,0.32371044,0.9510882238174236,2.347456216812134,0.11308696120977402,0.33378622,0.9543158818334473,2.326131820678711,0.027424735948443413,0.40747812,0.9913270549200963,1.6715917587280273,0.07357218116521835,0.52698994,0.9559694488695557,1.8849369287490845,0.06686368584632874,0.452793,0.946699792351053,1.8716155290603638,0.12182449549436569,0.33614928,0.9520567610865314,2.1345365047454834,0.08838313817977905,0.50913006,0.9254797153523123,2.3760669231414795,0.44899410009384155,0.54487896,0.5071075801313538,2.529799699783325,0.1900371015071869,0.1433163,0.38721642003708584,2.663231611251831,0.13945312798023224,0.11241847,0.6749036298361922,3.5360631942749023
1,0.04736173897981644,0.2505647,0.7557627135010291,3.082138776779175,0.028215602040290833,0.16041312,0.5829865430692571,2.2990989685058594,0.0005525646265596151,0.1301005,0.31593710840421596,1.1962411403656006,0.11734702438116074,0.37108403,0.9667870519285657,1.5159457921981812,0.18668816983699799,0.28967416,0.9532449975226318,1.5781373977661133,0.12218604981899261,0.41432747,0.9486165543133287,1.6800196170806885,0.24550580978393555,0.30158263,0.9546601052858187,1.774355411529541,0.11816287785768509,0.29287577,0.9507088019304473,1.5872410535812378,0.26553231477737427,0.19709454,0.9657476437493836,1.5807342529296875,0.0662703663110733,0.4306973,0.988211272714508,1.8968796730041504,0.2002316266298294,0.29750532,0.9753940647352422,2.0370595455169678,0.08692491054534912,0.52431744,0.9917738124269461,2.398505210876465,0.15877588093280792,0.274205,0.9794364596197767,2.1971516609191895,0.09406691789627075,0.349631,0.9953694871992678,2.3961715698242188,0.1652216762304306,0.2764354,0.9798317676465651,2.156251907348633,0.22311268746852875,0.28732452,0.9726050089922836,2.0631470680236816,0.07084855437278748,0.41863415,1.0176830376435422,1.7675507068634033,0.18127058446407318,0.4489134,0.9488968718481827,2.0507965087890625,0.16273783147335052,0.45214805,0.9262503085888849,1.720352053642273,0.2046719342470169,0.29701808,0.9246293356448694,1.7009270191192627,0.25823625922203064,0.4387628,0.872087656188883,2.2777178287506104,0.5539711713790894,0.47883287,0.4145091794438637,1.8516972064971924,0.2098298817873001,0.18047757,0.3009766545053802,2.017324209213257,0.13621214032173157,0.14122008,0.5599340537760914,3.0125999450683594
1,0.054328471422195435,0.20562352,0.7464321463315764,3.332165241241455,0.034733228385448456,0.18141392,0.5575024207809907,2.600083827972412,0.0005979246343486011,0.14481597,0.31336883484094885,1.6666226387023926,0.10876758396625519,0.37948507,0.9628793680712183,1.977705955505371,0.16586990654468536,0.2841744,0.9447633101074135,2.028820514678955,0.10689664632081985,0.4050509,0.9502173522574652,1.8715959787368774,0.20662136375904083,0.35224593,0.9506180778282262,1.8502228260040283,0.09568300098180771,0.30046055,0.9532063200421016,1.7826025485992432,0.2534070611000061,0.23171444,0.9566103819657775,1.57155442237854,0.06391773372888565,0.43298957,0.9792003234980233,2.0839388370513916,0.1767284870147705,0.30751973,0.9683106597705969,1.5846118927001953,0.052950624376535416,0.5355176,0.9885222787719432,2.459498643875122,0.16249851882457733,0.2741646,0.9631659688883722,2.1999335289001465,0.0689837858080864,0.35230857,0.977665622184982,1.8779895305633545,0.12448836863040924,0.2548919,0.9642295801204641,2.3119137287139893,0.1300792545080185,0.31974417,0.969562374821307,2.215358257293701,0.038433678448200226,0.41135594,0.9959284030289298,1.7765114307403564,0.09098326414823532,0.47517473,0.9513037607757893,1.94842529296875,0.08941974490880966,0.47953334,0.9411809634817127,2.0208377838134766,0.1242518201470375,0.34069586,0.954803277819364,1.8944270610809326,0.1236814484000206,0.4290311,0.9184853266207447,2.605896472930908,0.47033268213272095,0.48733738,0.48180660748116044,2.4108431339263916,0.21214188635349274,0.17771263,0.3885187478448686,2.3998215198516846,0.14677879214286804,0.15020697,0.6713781611404817,3.4046308994293213
0,0.045930471271276474,0.21700603,0.7430298410168809,3.2869606018066406,0.020420804619789124,0.1831724,0.5542226550585457,2.4627697467803955,0.0006376479868777096,0.14646605,0.3119228318826713,1.5235434770584106,0.10852519422769547,0.3752668,0.9636556762014797,1.8169052600860596,0.18893316388130188,0.28993112,0.9461252502005971,1.7214561700820923,0.11773115396499634,0.41674837,0.948063554200741,1.4586100578308105,0.17493009567260742,0.3554143,0.9535384182990836,1.9142957925796509,0.11178990453481674,0.2823059,0.9540586657157843,1.647723913192749,0.24233540892601013,0.21633197,0.9585719278288839,1.3724277019500732,0.05114845186471939,0.50608814,0.9789549396224945,1.8670508861541748,0.1598827838897705,0.31772974,0.9700406885013828,1.7166811227798462,0.06484857946634293,0.54957795,0.992861949929968,2.2256875038146973,0.17841318249702454,0.28420022,0.96683831799637,2.0987935066223145,0.0780242383480072,0.41222262,0.9812617513257255,2.440279960632324,0.13853591680526733,0.28554636,0.966696975778235,2.3353664875030518,0.1387370228767395,0.33597815,0.9738953393860463,2.3116629123687744,0.04091833531856537,0.40311345,1.0052171158730312,2.312486171722412,0.09395864605903625,0.4866959,0.9573724763188496,1.9489024877548218,0.07880308479070663,0.48706922,0.9516068280515095,2.0072596073150635,0.12622353434562683,0.36467582,0.9675971879415322,1.8797377347946167,0.13762076199054718,0.5082959,0.9268885791717185,2.347548007965088,0.5120624303817749,0.48159084,0.47850747620347356,2.2376365661621094,0.23271803557872772,0.1705375,0.38833667428767327,2.413130044937134,0.15896305441856384,0.14289919,0.6832801086404489,3.4753074645996094
1,0.024976098909974098,0.21042965,0.7417327312421648,2.412566661834717,0.007345694582909346,0.11375894,0.5495724224581922,1.6795958280563354,0.00023733872512821108,0.09563435,0.32157160862661577,1.4413121938705444,0.13722269237041473,0.31691572,0.9678607558172672,1.6855534315109253,0.2059132158756256,0.24345997,0.9552215290175593,1.875425100326538,0.12301713228225708,0.37348524,0.9357413459395948,1.6205196380615234,0.276119202375412,0.27185234,0.9692845202187849,1.5506210327148438,0.15803663432598114,0.23103897,0.9443465866593178,1.558074712753296,0.29967957735061646,0.17806438,0.9762867265623701,1.4850938320159912,0.12111581116914749,0.4135091,1.0090393655165666,1.8875200748443604,0.215554878115654,0.26495823,0.9921792472104922,1.7115163803100586,0.13370421528816223,0.47230497,1.0317498576674844,1.7573940753936768,0.25214630365371704,0.22428112,0.9914660539801866,2.1922571659088135,0.14103963971138,0.29408598,1.0010022842722268,2.400153636932373,0.25468048453330994,0.19345607,0.9831700587104238,1.9558688402175903,0.2271391898393631,0.2393126,0.9915707555687244,1.8853461742401123,0.19428062438964844,0.40385687,1.032318133556529,2.1239798069000244,0.2214280068874359,0.4450878,0.9331158239346732,2.1366586685180664,0.2165510356426239,0.41295066,0.9174274801420483,2.1661717891693115,0.2538897693157196,0.3044437,0.9556355544767516,1.8476053476333618,0.3309478759765625,0.4248269,0.8668362154804644,2.3398356437683105,0.6091475486755371,0.48353013,0.4564448401793703,1.8424198627471924,0.24454399943351746,0.22978698,0.3850809719342114,2.028998613357544,0.14454282820224762,0.21885101,0.6566184144767436,3.2716891765594482
1,0.030100222676992416,0.28035575,0.768338752619379,3.032705307006836,0.02528896927833557,0.18699881,0.6039931082587998,2.259207010269165,0.0003469797084107995,0.14079864,0.3152430045126037,1.1336288452148438,0.12649443745613098,0.38801196,0.9670712610167584,1.3263580799102783,0.19089064002037048,0.28661984,0.9513854489531601,1.6069841384887695,0.10448065400123596,0.4039386,0.9473532141966596,1.8227119445800781,0.2855800986289978,0.29020718,0.9605317779235242,1.7669990062713623,0.1068962812423706,0.30429217,0.9512082102809061,1.6166887283325195,0.3012601435184479,0.17127992,0.9683884593710241,1.5483956336975098,0.08829481899738312,0.44252318,0.9969037415320819,1.8987971544265747,0.20146512985229492,0.28669527,0.9792226663459327,1.625623345375061,0.10715460032224655,0.43231165,0.9971335038686991,1.9450950622558594,0.18867652118206024,0.2336755,0.9771213950680351,2.053086280822754,0.11361430585384369,0.3081454,0.9975560269761562,2.0474610328674316,0.24762864410877228,0.25621784,0.9787211355292728,1.9548488855361938,0.23188556730747223,0.25725558,0.9665523160670414,2.002568244934082,0.16008827090263367,0.40545702,1.0022424191929005,2.2620697021484375,0.18828552961349487,0.44107357,0.9315879081687588,2.10013747215271,0.20736734569072723,0.37631977,0.9115942268848364,2.0080549716949463,0.2561170160770416,0.26114076,0.9065904831693568,1.7930585145950317,0.2604151964187622,0.42434126,0.847870644202574,2.437793731689453,0.5254023671150208,0.45556659,0.41140010301764324,1.9766420125961304,0.14687764644622803,0.179768,0.3179982796508792,1.9976043701171875,0.14010629057884216,0.14710245,0.48657415097339635,2.7766242027282715
0,0.03673882409930229,0.24526867,0.7340770024121402,2.93194842338562,0.018712462857365608,0.14258923,0.5436637587726797,2.1198127269744873,0.0004001640481874347,0.13181967,0.3185702165284582,0.9174827933311462,0.12243255227804184,0.32962877,0.9674890670677494,1.5177242755889893,0.2192971259355545,0.2428698,0.9518704364115147,1.7865850925445557,0.12185114622116089,0.378334,0.9475192716232917,1.6282466650009155,0.21780934929847717,0.2966282,0.9627392811890654,1.84075129032135,0.12166358530521393,0.24286099,0.954483798617364,1.6847257614135742,0.2844385504722595,0.18442945,0.9653386242247197,1.4797080755233765,0.07674823701381683,0.43851098,0.988593892587546,1.7351528406143188,0.18104901909828186,0.2975274,0.9793888178392555,1.6924540996551514,0.09160592406988144,0.50325507,1.0074637944347393,2.087127685546875,0.17052744328975677,0.23036154,0.9748561509011596,2.1852457523345947,0.10119187086820602,0.3457574,0.988138527339107,2.4643595218658447,0.1692376434803009,0.25620627,0.9737958374014938,2.2099783420562744,0.20893459022045135,0.2786927,0.9801787757135263,2.0842645168304443,0.09047622233629227,0.3895051,1.0104281046631947,1.991563320159912,0.13487407565116882,0.45128942,0.9515927328099661,2.0778543949127197,0.12754404544830322,0.40992665,0.9405572740871602,2.027519464492798,0.1500502973794937,0.3185801,0.9720898246845798,1.8486108779907227,0.23318582773208618,0.46610355,0.9105213865106214,2.4275803565979004,0.5681554675102234,0.45188898,0.49011483867879285,2.1169841289520264,0.23531347513198853,0.20863666,0.4038735949599408,2.3184657096862793,0.16265800595283508,0.19001952,0.671692646142104,3.3370354175567627
0,0.02340432070195675,0.23562576,0.7408402650109088,2.7910172939300537,0.013603050261735916,0.13311002,0.551061168390198,1.9503589868545532,0.00045813657925464213,0.12575717,0.3221208501718256,1.0234909057617188,0.12620411813259125,0.32524016,0.9681127035744476,1.7558330297470093,0.20244361460208893,0.24323083,0.9512060269670436,1.7290831804275513,0.12898607552051544,0.36705166,0.943547704993903,1.5386227369308472,0.25177446007728577,0.27169713,0.9636771247923875,1.761993408203125,0.13769260048866272,0.24969977,0.9522384005456999,1.5228227376937866,0.2885793149471283,0.18162735,0.967138274046816,1.5134189128875732,0.08367647975683212,0.4207829,0.991732130451356,1.890031099319458,0.18666473031044006,0.26774704,0.9816985800380148,1.6286022663116455,0.09616600722074509,0.4573467,1.0101330957390582,1.9539119005203247,0.2339426577091217,0.22222161,0.9763551051525049,2.2722327709198,0.11470487713813782,0.32805058,0.9900422938864548,2.206173896789551,0.21631476283073425,0.23046884,0.975737600324653,2.151334762573242,0.19029024243354797,0.27731377,0.9806533159906512,2.051943302154541,0.11210799962282181,0.3915622,1.0109200334444317,1.9443069696426392,0.16768570244312286,0.44713044,0.9465131645207838,2.0872883796691895,0.14239920675754547,0.44981784,0.9362659831701685,2.0775551795959473,0.18153691291809082,0.30006364,0.9699200139724199,1.8133965730667114,0.24608103930950165,0.44393817,0.8990243745970147,2.5626888275146484,0.5459108352661133,0.48171294,0.4758729702400646,2.042839527130127,0.2054976522922516,0.22151485,0.3996518931514265,2.236771583557129,0.15347079932689667,0.21141872,0.6592832185061989,3.255925416946411
0,0.03191884234547615,0.2761278,0.7375159091991554,3.0239779949188232,0.01586078479886055,0.15332945,0.5567944238799082,2.262187957763672,0.0006223829695954919,0.1435005,0.3176533103485669,1.3534729480743408,0.09852194041013718,0.34966734,0.9677436432971925,2.049320936203003,0.19168655574321747,0.26664186,0.9518378728610443,2.061481475830078,0.10023576021194458,0.3794694,0.950707509385889,1.8015234470367432,0.20256158709526062,0.31616816,0.9595062030190062,1.789724588394165,0.10988118499517441,0.27347967,0.9578091594098371,1.9037196636199951,0.29755112528800964,0.19663166,0.9653172488057956,1.4589563608169556,0.06332840770483017,0.47222707,0.9880450473081119,2.157273054122925,0.16453225910663605,0.31726575,0.9765062665015481,1.5728950500488281,0.08756949007511139,0.5390733,1.0027013183185538,2.245976686477661,0.1728419065475464,0.25844887,0.9738598158895727,2.059305429458618,0.0991472601890564,0.41255695,0.9851949557679079,1.8872181177139282,0.18687763810157776,0.28301063,0.9728402269700231,2.4138057231903076,0.14998462796211243,0.3041085,0.9779356441206379,2.1469759941101074,0.042945463210344315,0.41174322,1.0108400258319679,2.157439947128296,0.10970965027809143,0.47469422,0.9524439812685714,1.9010947942733765,0.12152498215436935,0.48123634,0.944485174372212,2.18808650970459,0.15445220470428467,0.35536566,0.9669965512800519,1.896410584449768,0.2095777541399002,0.48638564,0.9085357452449624,2.3920319080352783,0.5475187301635742,0.4730238,0.48521422173696516,2.1167619228363037,0.22563129663467407,0.18494833,0.38573426048013887,2.3254823684692383,0.15605869889259338,0.166839,0.670059554606644,3.402306079864502
0,0.04722115769982338,0.25787875,0.7317079656271281,2.9378299713134766,0.013205703347921371,0.16807033,0.5429597439269797,2.102342367172241,0.00023571222845930606,0.14669862,0.3190011698404454,1.232652187347412,0.11648295819759369,0.36387464,0.9666109479211201,1.706174612045288,0.21327488124370575,0.2795602,0.9503765488862082,1.727609634399414,0.10703574866056442,0.40267333,0.9497327695023239,1.708145022392273,0.2217147797346115,0.32612753,0.9598583680162718,1.9632048606872559,0.11698215454816818,0.26855,0.9554052567521913,1.8507342338562012,0.3120569884777069,0.21333161,0.9633960227991846,1.5590112209320068,0.06077995523810387,0.4442146,0.985976191899806,2.1195998191833496,0.18060460686683655,0.30739713,0.9740603402593857,1.9170918464660645,0.09924351423978806,0.5455357,1.0057457459800927,2.2866363525390625,0.20311351120471954,0.27869403,0.975060233225043,2.2981138229370117,0.0922725573182106,0.35721824,0.9876227770864902,2.2690985202789307,0.15726467967033386,0.30660796,0.9738190899910988,2.3248794078826904,0.175189808011055,0.3532717,0.9808147977641684,1.968978762626648,0.07455262541770935,0.40103978,1.0106182461465814,2.206862449645996,0.11216805875301361,0.47863242,0.9599242940387375,2.067396640777588,0.12922748923301697,0.4864691,0.9503252740231759,1.643736481666565,0.1451374888420105,0.3637373,0.9695185766804683,1.8519315719604492,0.1943749487400055,0.5071688,0.9210214192679411,2.46102237701416,0.5496750473976135,0.46026507,0.47554233577927785,2.0966901779174805,0.24383573234081268,0.18467027,0.39859850410038866,2.273454427719116,0.1571238487958908,0.17547876,0.6751503516410547,3.3851356506347656
1,0.01969308964908123,0.22325765,0.745167122944018,2.34789776802063,0.008509615436196327,0.0894654,0.5468053836050242,1.5241131782531738,0.0002615791163407266,0.09094899,0.32372955159910694,1.0344778299331665,0.14967694878578186,0.30632842,0.9659217984706835,1.829361915588379,0.18951576948165894,0.22819202,0.9485149770016975,1.7994205951690674,0.11989093571901321,0.35569787,0.9155274090959795,1.546738624572754,0.27565985918045044,0.24681887,0.9673121639829002,1.5257315635681152,0.15146295726299286,0.22699009,0.9353039604435697,1.5371464490890503,0.3389596939086914,0.15755439,0.9758433824644626,1.5990478992462158,0.15017321705818176,0.39275905,1.0140709531028436,2.1619081497192383,0.21246293187141418,0.26575777,0.9949010142135745,1.7918986082077026,0.1701372116804123,0.4469927,1.0522241980544866,1.9405968189239502,0.26659128069877625,0.20964168,0.9981110433050064,2.1490113735198975,0.16105477511882782,0.2653979,1.0073147973476435,2.3123834133148193,0.23351886868476868,0.21341074,0.9888561583239052,2.0406503677368164,0.26910480856895447,0.2551206,0.9952157848003371,1.8157907724380493,0.23745203018188477,0.36915138,1.028556467901898,2.47822642326355,0.25770169496536255,0.40832612,0.9181860305946937,2.342714548110962,0.28390318155288696,0.41802797,0.9024996063822122,2.1443145275115967,0.2934567630290985,0.3051158,0.9410875090211372,1.93712317943573,0.3810872733592987,0.42919737,0.8560257307785816,2.3010218143463135,0.6371192932128906,0.46516362,0.4835715567161166,1.750363826751709,0.28049975633621216,0.2663748,0.40740296917842495,2.1972815990448,0.16331849992275238,0.24726854,0.6701942591883627,3.361689329147339
0,0.049388736486434937,0.26649836,0.7283685036006412,2.9465203285217285,0.016368182376027107,0.14971207,0.5340929692808085,2.1179192066192627,0.00028471226687543094,0.1439717,0.31479217273249244,1.1926547288894653,0.11952122300863266,0.34819457,0.9670652732529331,1.7760231494903564,0.18099702894687653,0.28311673,0.9519703388684667,2.037457227706909,0.10552482306957245,0.3950087,0.9495788441442806,1.86441171169281,0.20543678104877472,0.3232481,0.9612058454596573,1.953386664390564,0.13393306732177734,0.25703678,0.9561292788981474,1.789090871810913,0.28905460238456726,0.19964069,0.9632183942186187,1.6411880254745483,0.0773174837231636,0.45367745,0.9864513566801899,1.811226487159729,0.17087331414222717,0.3188055,0.9767227842667271,1.5712045431137085,0.08043313771486282,0.5452993,1.0056505094717818,1.9995571374893188,0.20884384214878082,0.26004446,0.9729248077440407,2.1091835498809814,0.08942276984453201,0.37711722,0.9843753842820359,2.3325271606445312,0.1524309664964676,0.28286043,0.9723498388946832,2.286909341812134,0.17086607217788696,0.31558937,0.9812144338709504,2.127354860305786,0.08446647226810455,0.39450735,1.0114833844539823,2.328507900238037,0.12039966136217117,0.47371456,0.9610567885210891,1.9874237775802612,0.11057376861572266,0.4511034,0.9547349361765314,1.940015196800232,0.15156574547290802,0.33680752,0.9827560764834569,1.8565274477005005,0.19464214146137238,0.50435984,0.9284488572449359,2.4757511615753174,0.542470395565033,0.47910926,0.4942278772477373,2.152217388153076,0.23279358446598053,0.18185511,0.4159899172535793,2.3335001468658447,0.15729406476020813,0.17459187,0.6918024570136596,3.4692139625549316
0,0.0282609760761261,0.23634815,0.7276603507403799,2.554448127746582,0.0052456981502473354,0.12330744,0.5408292486371132,1.6468034982681274,0.00022133017773739994,0.09588666,0.3184312473452962,1.0327976942062378,0.12211979180574417,0.30990574,0.9675282022703151,1.7322109937667847,0.20779107511043549,0.22090505,0.9538807478232197,1.5919878482818604,0.12260696291923523,0.3389319,0.9368436115032567,1.7721283435821533,0.23898056149482727,0.23091549,0.9668211562639958,1.7098422050476074,0.15419229865074158,0.23668998,0.9502311299801898,1.5045242309570312,0.310738205909729,0.15776138,0.9702788119931742,1.683958649635315,0.1036447063088417,0.38700557,1.000733296698197,1.990309476852417,0.17983515560626984,0.25412777,0.9835594209851982,1.8671739101409912,0.11149849742650986,0.46554664,1.0240442061420292,2.0528054237365723,0.2034350484609604,0.20194377,0.9818278013182402,2.0560922622680664,0.12879501283168793,0.27229273,0.9957100718215642,2.3519513607025146,0.20344562828540802,0.20680603,0.9792683701450984,2.163543462753296,0.20454397797584534,0.22881141,0.9807554107993086,1.8697466850280762,0.15672464668750763,0.37956312,1.0104525863522922,2.189242124557495,0.23361456394195557,0.37662378,0.9371156964121972,2.251450777053833,0.1854257881641388,0.4151494,0.9316719075317446,2.1557512283325195,0.2069757878780365,0.26779258,0.9531680372559272,1.9911359548568726,0.29289019107818604,0.4195693,0.8853569245885945,2.3840293884277344,0.5892507433891296,0.45158124,0.46153174517493967,1.9956855773925781,0.22845956683158875,0.24185702,0.3887829694990542,2.2144336700439453,0.14378316700458527,0.23477033,0.6526475511025475,3.208434581756592
0,0.03990292176604271,0.26379988,0.7332246076601798,2.6672799587249756,0.01091272197663784,0.15183172,0.5316766976151841,1.8393199443817139,0.0004581148095894605,0.12809144,0.3169746763507142,1.0747718811035156,0.12691903114318848,0.3508044,0.9693825358998867,1.9955286979675293,0.2129981815814972,0.28440148,0.9541758213274254,1.919222354888916,0.10980909317731857,0.40846345,0.943223558558259,1.7767804861068726,0.2476641684770584,0.31614918,0.9662001679457887,1.6460860967636108,0.1443886011838913,0.2535323,0.9548681740411809,1.8425867557525635,0.27062588930130005,0.19905758,0.9710822845072327,1.4867857694625854,0.10162822902202606,0.4283106,0.9973649565514209,1.96173095703125,0.17949965596199036,0.32164517,0.9868952666536521,1.5308339595794678,0.10726483911275864,0.5511874,1.023410956144916,1.8479194641113281,0.19490648806095123,0.28318265,0.9845656307354533,2.228959321975708,0.0922948569059372,0.3629974,0.9940527873149648,2.3720524311065674,0.1847863346338272,0.23537298,0.9810175022186839,2.122189998626709,0.2023731768131256,0.2718201,0.9908823322115266,1.9792759418487549,0.1349187046289444,0.38495213,1.0251134584165684,2.4901347160339355,0.16588938236236572,0.47351083,0.9564530720848595,1.9010379314422607,0.1489081233739853,0.41954324,0.9523087931977944,2.0020110607147217,0.20709362626075745,0.35535946,0.9785199397775747,1.692072868347168,0.23730874061584473,0.47658324,0.9075808697695931,2.456775426864624,0.6250401139259338,0.46984696,0.46698040834460913,1.8751463890075684,0.25107330083847046,0.22183241,0.38326652562464414,2.1575348377227783,0.1497126817703247,0.19571376,0.6706700601847092,3.358694076538086
0,0.049013249576091766,0.26202303,0.7279704731025121,2.955805778503418,0.02223052643239498,0.1847761,0.5415790734455991,2.1554906368255615,0.0002668328525032848,0.14613532,0.31936795532872886,1.45335853099823,0.13861192762851715,0.35010454,0.9685430238783042,1.5404694080352783,0.21722276508808136,0.28162968,0.9516197923140375,1.93071711063385,0.13337121903896332,0.40554315,0.9462393559738953,1.9830803871154785,0.21946021914482117,0.33301273,0.9595532911553091,2.064459800720215,0.13150380551815033,0.26334387,0.9539931287128015,1.5850327014923096,0.28296390175819397,0.19649518,0.9620937684290992,1.7822020053863525,0.0710950419306755,0.46325776,0.9877530795385917,1.8212946653366089,0.15454760193824768,0.33409676,0.9779780235039526,1.8691734075546265,0.08688469976186752,0.5278298,1.0049231860815975,2.1178817749023438,0.1818975955247879,0.26221186,0.9709566736772169,2.3295814990997314,0.09457213431596756,0.3814045,0.9853634539754694,2.1283297538757324,0.1604440063238144,0.31106198,0.9752297551338716,2.376018762588501,0.1765226125717163,0.33414057,0.9812732726264397,1.8347210884094238,0.09696726500988007,0.38529915,1.0039121933510864,2.5242714881896973,0.1415509581565857,0.47104958,0.9518406199824064,2.1362452507019043,0.1159454956650734,0.47480923,0.9455113096175765,2.0410871505737305,0.1526903212070465,0.3287152,0.9680090672094482,1.7955169677734375,0.19265291094779968,0.52827656,0.9137116355109435,2.5903797149658203,0.5711875557899475,0.5077764,0.4767165021476803,2.062563896179199,0.23244576156139374,0.19276556,0.38642718402760495,2.235173463821411,0.14349517226219177,0.18038487,0.6691883751853227,3.3394367694854736
1,0.05107105150818825,0.3018482,0.7307723837913257,3.543107032775879,0.03951975330710411,0.21373504,0.5521622919497046,2.868896722793579,0.00042448233580216765,0.15218922,0.31127841189450134,1.8722556829452515,0.08881400525569916,0.44512826,0.9522385383259394,2.0222156047821045,0.15251892805099487,0.379607,0.9320065818652327,2.102998733520508,0.09245184063911438,0.48131812,0.9427195362336396,2.220580577850342,0.13344529271125793,0.41851234,0.9356805153352743,2.4711270332336426,0.07218336313962936,0.37887684,0.9470018847983395,2.1731743812561035,0.19432522356510162,0.26246157,0.9412689410945546,1.8681691884994507,0.05242502689361572,0.5659696,0.9632318355130933,2.120600938796997,0.12477711588144302,0.41453835,0.9515730822163373,2.0548582077026367,0.05162719637155533,0.6046133,0.9698477647853039,2.0694844722747803,0.11143352836370468,0.35025024,0.9466912131937767,2.246234655380249,0.08984789997339249,0.46441308,0.9622509152755137,2.2223424911499023,0.10944334417581558,0.36028978,0.9524460716516506,2.3408961296081543,0.10964035242795944,0.37971094,0.9534382058865346,2.2291483879089355,0.035122811794281006,0.39707336,0.9860479486607269,2.124854564666748,0.07090338319540024,0.52236414,0.9555909249956427,2.2016260623931885,0.05766097083687782,0.55565125,0.950094773135311,2.136475086212158,0.10881277173757553,0.39429545,0.9571412253644555,1.8474011421203613,0.07127970457077026,0.55896086,0.9316615062111661,2.4214491844177246,0.38745957612991333,0.53265893,0.5075571029672503,2.614471673965454,0.19516487419605255,0.14781687,0.39547628188647804,2.69895601272583,0.13827715814113617,0.12010251,0.6714809389415776,3.5361199378967285
1,0.05706382542848587,0.23496039,0.7583807299057073,3.166142225265503,0.02927306480705738,0.18123895,0.5853358025760989,2.3488383293151855,0.001074238563887775,0.14832301,0.31396356518461327,1.241978645324707,0.10672289878129959,0.4056276,0.9651910881120978,1.6372978687286377,0.18619652092456818,0.34158322,0.949150828969001,1.7135612964630127,0.11102982610464096,0.4465762,0.9436080518569938,1.8421558141708374,0.2258685827255249,0.36415592,0.9528484425801853,1.83692467212677,0.09416472911834717,0.33837965,0.9483566154872204,1.2701213359832764,0.27327200770378113,0.21970662,0.9613788162254211,1.5709819793701172,0.07740312814712524,0.46335968,0.9847662491624143,1.9902262687683105,0.16139830648899078,0.35448688,0.9777854837294119,1.782571792602539,0.0840425044298172,0.48042303,0.993105900073441,2.0539207458496094,0.16526062786579132,0.27260715,0.9744892874007303,2.0018692016601562,0.08781203627586365,0.33277276,0.9872353439974259,2.0152974128723145,0.14095214009284973,0.30687204,0.9716698065235813,2.124680519104004,0.16598598659038544,0.2963725,0.9636676210971526,2.0730478763580322,0.05838553607463837,0.4058068,0.9881215451539225,2.1844944953918457,0.161820188164711,0.46478164,0.936776136300331,2.0959930419921875,0.14644651114940643,0.4759188,0.9219227495470385,2.064964771270752,0.17740625143051147,0.33393764,0.9189248231843562,1.661147117614746,0.22437545657157898,0.48777872,0.8702693572686917,2.431478261947632,0.552940309047699,0.46415073,0.41433114404587124,1.873052716255188,0.20014871656894684,0.15408234,0.30284206964854954,2.089585304260254,0.1705818474292755,0.11874353,0.5678814510613147,3.052145481109619
0,0.03191870450973511,0.25714082,0.7348867336452812,3.0693931579589844,0.018501020967960358,0.16882464,0.550597829851908,2.3113744258880615,0.000304755027173087,0.15614259,0.31550779960126474,1.3178400993347168,0.10669881850481033,0.36317748,0.9662796337921187,1.6967830657958984,0.1742197573184967,0.28381515,0.9501176237641672,2.02484130859375,0.10894991457462311,0.3928616,0.9500525056638454,1.9345054626464844,0.1960713267326355,0.32377097,0.9584808995107263,1.889247179031372,0.11268042027950287,0.28039378,0.9554502281335681,1.838969349861145,0.3061942756175995,0.19849855,0.9629209328440012,1.5135012865066528,0.06917877495288849,0.47520742,0.983591527399588,2.0023534297943115,0.1665288358926773,0.315254,0.9734980345312738,1.6794562339782715,0.08220605552196503,0.54422426,0.9989425311804164,2.0990397930145264,0.20047633349895477,0.25630173,0.9700090797919766,2.032663345336914,0.07660672068595886,0.41724175,0.9818631722098818,2.161929130554199,0.1600087434053421,0.28991354,0.9693298208621017,2.4309141635894775,0.15710094571113586,0.320363,0.975586960664765,2.2976443767547607,0.052649203687906265,0.389781,1.0012863755717747,2.357733726501465,0.10681825876235962,0.47727272,0.950694509279928,2.018476963043213,0.10670844465494156,0.44320977,0.9442888885843318,1.932726502418518,0.14508071541786194,0.34737757,0.9663728327924451,1.9402341842651367,0.18508148193359375,0.5251579,0.9154548700032051,2.5060291290283203,0.5380615592002869,0.48000276,0.4916427493695461,2.1132025718688965,0.24332188069820404,0.18265718,0.39007139118317224,2.303145170211792,0.13811638951301575,0.16152981,0.6806044286271857,3.463465929031372
0,0.03352078050374985,0.2543319,0.7524680347380913,2.858107089996338,0.014730026014149189,0.13366508,0.5559686493569471,2.0431125164031982,0.0003291322791483253,0.11972413,0.3208098732938042,0.8997907042503357,0.1224013939499855,0.3376935,0.9682669678770713,1.6050986051559448,0.16851946711540222,0.24323845,0.9521156186220794,1.6419556140899658,0.0976945236325264,0.36524937,0.9412963160043455,1.865702748298645,0.22467996180057526,0.26519287,0.9641207660521741,1.7996070384979248,0.11484108120203018,0.26006788,0.9504939201378516,1.7300984859466553,0.29881784319877625,0.18687524,0.9696529857170924,1.3643192052841187,0.07681174576282501,0.45178756,0.9941611557110175,1.7975356578826904,0.1780509650707245,0.28467506,0.979231559392925,1.7976160049438477,0.09828900545835495,0.506833,1.0023864789568007,2.0822408199310303,0.20328353345394135,0.23212904,0.973825854488008,2.0641088485717773,0.10692627727985382,0.3542065,0.9832307798060469,2.3839573860168457,0.20141887664794922,0.24378352,0.9753657500104987,2.2572214603424072,0.18249168992042542,0.2868071,0.9802319802936201,2.2391107082366943,0.10976976901292801,0.41640165,1.0131972375440153,2.10373854637146,0.21519680321216583,0.42189816,0.9466419760761796,2.2143125534057617,0.1592063158750534,0.45185307,0.9321017848335876,1.9643685817718506,0.1920512467622757,0.3250478,0.9570397321188602,1.7795425653457642,0.23363900184631348,0.44642884,0.8961083786235838,2.569957733154297,0.5306270718574524,0.49772727,0.4915911402815076,2.156761884689331,0.20010632276535034,0.20446992,0.4173409393549552,2.268425941467285,0.12137873470783234,0.19807479,0.6653796446477414,3.2660346031188965
0,0.03651435673236847,0.2271995,0.7486217542488339,2.58170485496521,0.005801010876893997,0.11084951,0.5495083192028052,1.7474902868270874,0.00019046249508392066,0.11066485,0.31955280703387284,0.9943448901176453,0.1285942792892456,0.3067155,0.9665278579246406,1.8593813180923462,0.20141378045082092,0.2345577,0.9541513542975446,1.9004628658294678,0.12043649703264236,0.35080257,0.9392455542381198,1.7221636772155762,0.22763404250144958,0.2686729,0.9665186994217342,1.7973729372024536,0.13862259685993195,0.24815725,0.9442662073935811,1.8051860332489014,0.29354625940322876,0.17379142,0.9736153885778965,1.5799579620361328,0.10789166390895844,0.39700562,0.9991181939846555,2.03227162361145,0.20419083535671234,0.24803229,0.9881628176313428,1.7299447059631348,0.13137011229991913,0.44663355,1.0309713453839398,2.319192409515381,0.19928233325481415,0.18422075,0.9847123601989767,2.196317434310913,0.11908354610204697,0.27930346,0.9955062819366503,2.2843832969665527,0.23164530098438263,0.1778639,0.980686899823182,2.24992299079895,0.2076105773448944,0.22479768,0.9878894967446206,1.9869227409362793,0.16041356325149536,0.39463195,1.0272321922153778,2.267369270324707,0.22899587452411652,0.43460426,0.9390351617146677,2.0312039852142334,0.20752468705177307,0.40358704,0.9182895180746881,2.154296398162842,0.22334024310112,0.27146932,0.9476511327109731,1.874450922012329,0.3101324737071991,0.37136936,0.8658383630236703,2.379990816116333,0.5707099437713623,0.4495526,0.47313462942637485,1.9929215908050537,0.2231590747833252,0.2309354,0.40640591097273454,2.296250820159912,0.13637244701385498,0.1731019,0.6579305183059939,3.3054797649383545
0,0.03554655611515045,0.2549093,0.7417534152579597,2.9951748847961426,0.017820967361330986,0.13922748,0.5524583766659426,2.19270396232605,0.00036378426011651754,0.12421867,0.31784092541838377,0.9736114740371704,0.12448333948850632,0.34021637,0.9669342425094009,1.4434781074523926,0.1923520416021347,0.24828424,0.9506831103328399,1.8188780546188354,0.10292670130729675,0.37071043,0.9465595786495389,1.5044898986816406,0.2448432594537735,0.28723863,0.9612154797007658,1.823631763458252,0.11819350719451904,0.256208,0.9521205627446474,1.6795148849487305,0.2878885865211487,0.18411906,0.966220008309197,1.4997713565826416,0.08807602524757385,0.43089432,0.9904645307489995,1.7242873907089233,0.1873878389596939,0.28093582,0.9772952194374082,1.8007560968399048,0.09290121495723724,0.47389618,1.0015839487796399,1.9026076793670654,0.18581189215183258,0.22373933,0.9722186613786975,2.1358137130737305,0.09325714409351349,0.33660665,0.9836878505896999,2.4888110160827637,0.16496646404266357,0.25514266,0.9713497784504289,2.1160056591033936,0.1853736937046051,0.27969167,0.974488732680076,2.084716558456421,0.08560917526483536,0.39395747,1.0031552618049449,2.6390671730041504,0.169793963432312,0.4310626,0.9432231227716339,2.1773293018341064,0.13695120811462402,0.40896493,0.9259869797032245,1.9715828895568848,0.16477549076080322,0.316506,0.9501893431690547,1.8983738422393799,0.22731941938400269,0.45991117,0.8952716942394279,2.5221893787384033,0.5546087622642517,0.5024257,0.4858790011717305,2.0149002075195312,0.21635079383850098,0.19116199,0.3889690776509076,2.245964527130127,0.12112119048833847,0.18280903,0.661766474622511,3.3063392639160156
0,0.058442436158657074,0.21951105,0.7234633729970691,3.281919002532959,0.024956025183200836,0.19448067,0.5376350328759337,2.4801011085510254,0.0006921037565916777,0.15205555,0.31238307229476975,1.7687420845031738,0.10425779968500137,0.39788863,0.9606668270665676,1.7863173484802246,0.16434147953987122,0.30652207,0.9428104060541972,2.1306700706481934,0.11945855617523193,0.41979057,0.9482488551574034,1.9496147632598877,0.184518963098526,0.37061307,0.9499999213271171,1.7235828638076782,0.11225416511297226,0.2909034,0.9537931313699879,2.1279585361480713,0.2464495301246643,0.23103213,0.9538111446889016,1.6351661682128906,0.04541287198662758,0.5291123,0.9784680529307693,1.8392454385757446,0.15308552980422974,0.35368198,0.9648141390408073,2.014726161956787,0.054462410509586334,0.58715785,0.9902530836382482,2.1764800548553467,0.1468624323606491,0.3079662,0.9605940065495386,2.2658135890960693,0.06456269323825836,0.42127088,0.9775332732556964,2.039581298828125,0.12974119186401367,0.30426916,0.9632524236658938,2.404531717300415,0.12643659114837646,0.40740353,0.9710378853953863,2.3578763008117676,0.03987627103924751,0.39484078,0.9987944095900402,2.1950314044952393,0.07434418797492981,0.4707172,0.9586612580192123,2.18585205078125,0.06495878100395203,0.49294418,0.9576161304125168,1.8705803155899048,0.10436315834522247,0.3506351,0.9717765446285155,2.1778385639190674,0.10802112519741058,0.5526232,0.9348538093676602,2.661440372467041,0.4694189131259918,0.4868782,0.5000578028176719,2.4761199951171875,0.2169489711523056,0.16446131,0.40806871473634054,2.5485777854919434,0.12536238133907318,0.14484528,0.6835701338217508,3.524136543273926
0,0.03265827149152756,0.27083886,0.7259467814436127,2.945852518081665,0.012723997235298157,0.15569562,0.5308850849562351,2.142369031906128,0.0002761420328170061,0.14284246,0.31449990073330414,1.2823436260223389,0.10848303884267807,0.35622007,0.9666827611310682,1.9700084924697876,0.20061935484409332,0.28844082,0.9508302489624613,2.0831222534179688,0.11458517611026764,0.40133107,0.9501555730032234,1.595698595046997,0.21889644861221313,0.3295938,0.9609312228671084,1.898775339126587,0.12967336177825928,0.27880445,0.9558809060761182,1.9454212188720703,0.2939264476299286,0.21091062,0.9622140172006243,1.4731401205062866,0.0796344205737114,0.45632076,0.9845536361571624,1.939026951789856,0.16019652783870697,0.34019148,0.9759652980015852,1.6455532312393188,0.08958011865615845,0.5362794,1.0038791911710827,2.073972702026367,0.21169988811016083,0.27294752,0.9719582791818729,1.8307392597198486,0.10039541870355606,0.35932767,0.984201753140889,2.3398983478546143,0.1583539843559265,0.28634742,0.9722440229682457,2.2151596546173096,0.15927812457084656,0.31266814,0.9805207489869919,1.94893217086792,0.07969226688146591,0.38967663,1.008708110659606,2.2629237174987793,0.12488900870084763,0.48053646,0.9596946859124582,1.9526121616363525,0.11585623770952225,0.4933481,0.9542614121868538,2.0701186656951904,0.14741477370262146,0.34940228,0.9816724105958032,1.8748698234558105,0.19615702331066132,0.5076511,0.9275091418399012,2.338811159133911,0.5449576377868652,0.4596415,0.496171629287663,2.162532091140747,0.22696498036384583,0.19996898,0.4139459099538438,2.373161554336548,0.16511502861976624,0.17313862,0.6931546454022705,3.4822616577148438
0,0.06406677514314651,0.25961766,0.7386003727713346,3.0420291423797607,0.019280413165688515,0.16194423,0.554976484459013,2.213043212890625,0.0005200750310905278,0.14589152,0.317129616870118,1.4232536554336548,0.11398530006408691,0.35305768,0.9667250338723812,1.527279257774353,0.199080690741539,0.2765439,0.9517740251164487,1.996216058731079,0.09589894115924835,0.39589006,0.9508247607239143,1.9238661527633667,0.22043034434318542,0.33356294,0.9599589924348112,1.921184778213501,0.11856896430253983,0.27612996,0.9557333068634726,1.8113162517547607,0.29590147733688354,0.2033613,0.9643581346150266,1.5779882669448853,0.05806472525000572,0.47982052,0.9869267099624044,1.6316107511520386,0.16782106459140778,0.32462287,0.9752985488878122,2.0705573558807373,0.09212321043014526,0.5193306,0.9987653738080531,2.3663241863250732,0.18060210347175598,0.2643244,0.9718712274990672,2.349236011505127,0.0801798552274704,0.40560013,0.9846902168052172,2.0962514877319336,0.17779181897640228,0.29522416,0.9699525305063669,2.1801905632019043,0.16205894947052002,0.330796,0.9769204744855525,2.161715507507324,0.06095430254936218,0.39054132,1.0086387083687218,2.2917611598968506,0.10976894199848175,0.46361455,0.9496800331197901,2.123615264892578,0.1019546315073967,0.4575119,0.9405456526695287,2.13570499420166,0.14399637281894684,0.3410462,0.9630402665572384,2.009392023086548,0.19257579743862152,0.526579,0.909278865744098,2.4463422298431396,0.5437352657318115,0.49368232,0.4821384877730519,2.1333837509155273,0.22046148777008057,0.18696792,0.3832580467997635,2.339346170425415,0.1400848776102066,0.15896565,0.6680821350410243,3.358943462371826
0,0.05182657763361931,0.25962445,0.7263574795568395,2.5324883460998535,0.0053756022825837135,0.16186132,0.5273055513605609,1.6180206537246704,0.00015554796846117824,0.12412931,0.3188719810264277,1.030093789100647,0.12588560581207275,0.34404942,0.9686522142080026,1.7710585594177246,0.18748824298381805,0.24003509,0.954460896016947,1.8521404266357422,0.13191361725330353,0.38705117,0.944565985059184,1.5443850755691528,0.24515801668167114,0.27271467,0.968776728143136,1.7419511079788208,0.1647990345954895,0.22158557,0.9553445112270762,1.5677144527435303,0.32979902625083923,0.16740556,0.9714915068552796,1.435171365737915,0.10904919356107712,0.42464802,1.0001355077946879,2.0762009620666504,0.17328821122646332,0.29368743,0.9893835447503158,1.9941184520721436,0.12215959280729294,0.4950238,1.0262416187902785,1.9731204509735107,0.2298605889081955,0.24240273,0.9874800297838028,2.2690281867980957,0.12293072789907455,0.40194938,0.9956288966466941,2.2300076484680176,0.18923133611679077,0.29560897,0.9807078643420313,2.25007700920105,0.2122613787651062,0.32656962,0.9899873835397038,1.9644685983657837,0.2059796303510666,0.39196867,1.0208826598893366,2.1130545139312744,0.17243413627147675,0.47609353,0.961320256539359,2.1174697875976562,0.1745327264070511,0.47895834,0.9586911893335175,2.1453397274017334,0.212513267993927,0.3721087,0.9847650230291294,1.7913745641708374,0.2869705855846405,0.5073589,0.9113210830931993,2.316875457763672,0.6119227409362793,0.50964165,0.4731131562030259,1.876172423362732,0.23777735233306885,0.2025657,0.4038196454131687,2.2848074436187744,0.1732141673564911,0.2075024,0.6844584946816384,3.360600471496582
0,0.036872632801532745,0.24560127,0.643869834655258,2.457663059234619,0.00655006617307663,0.16240351,0.500567374624184,1.9093526601791382,7.732035737717524e-05,0.109205045,0.31781400228680445,0.8599532246589661,0.13605386018753052,0.26525602,0.963975201143868,1.6410675048828125,0.17087054252624512,0.2565131,0.9421547087479412,1.810308575630188,0.10051900148391724,0.36242974,0.9195237965301074,1.960136890411377,0.1748686283826828,0.29250312,0.9511517438249738,1.8553123474121094,0.1378299742937088,0.22721303,0.9410334278268728,1.7705821990966797,0.29818451404571533,0.16429183,0.9650723505315482,1.8209670782089233,0.0890108048915863,0.31199634,0.9935757576229004,2.0321261882781982,0.1483938992023468,0.30024725,0.983898557800888,1.7081258296966553,0.10245683789253235,0.41816306,1.0195109141643042,1.9742884635925293,0.14974533021450043,0.23765802,0.9881268368121723,2.2809646129608154,0.10131490230560303,0.26039577,0.9957465578064605,2.080965757369995,0.18147508800029755,0.19990163,0.9740069227588299,2.34812068939209,0.22241166234016418,0.25629032,0.9743756157588257,1.8995063304901123,0.14302851259708405,0.2976112,0.9937780560744608,2.5127484798431396,0.18249759078025818,0.39785472,0.9327017099005493,2.2706005573272705,0.15197071433067322,0.33776522,0.9218130020964007,2.0875706672668457,0.1698131114244461,0.19722274,0.9288196830396271,1.9111859798431396,0.22959138453006744,0.28743616,0.8814284964081212,2.5238215923309326,0.5234715342521667,0.44472685,0.41221279809587985,2.0273325443267822,0.26742011308670044,0.26046926,0.3507761591633821,2.1082143783569336,0.22174935042858124,0.2582043,0.5734134000885973,2.875382423400879
0,0.04803517088294029,0.290192,0.7420487163867683,3.0212032794952393,0.019412318244576454,0.14661546,0.5538624889878261,2.1911075115203857,0.0004748312057927251,0.14614005,0.31760245051023106,1.0070255994796753,0.11595939099788666,0.34295186,0.9676655953914538,1.689099907875061,0.19272059202194214,0.24112827,0.9510012040229175,1.9338414669036865,0.11491672694683075,0.38726664,0.9478152779575015,1.5332822799682617,0.210289865732193,0.28667837,0.9588479867320592,2.0793650150299072,0.11137856543064117,0.25328735,0.9535432435260995,1.6547234058380127,0.29312407970428467,0.18302095,0.9644349738086683,1.6551244258880615,0.06778870522975922,0.4437625,0.9906986545196022,2.078547716140747,0.17346197366714478,0.2840158,0.9762430626896977,1.647640585899353,0.0783386155962944,0.53601086,1.005793654413063,2.172374725341797,0.18446536362171173,0.26538172,0.974155118513408,2.058338165283203,0.10448388010263443,0.37373683,0.9888739984034681,1.9244215488433838,0.16460448503494263,0.26273954,0.9733888342000104,2.3921666145324707,0.17155887186527252,0.3359477,0.9831359662047949,2.059896945953369,0.06430760025978088,0.3824876,1.0158288274051248,1.857601523399353,0.12100487947463989,0.4682829,0.9537941600916715,1.9502313137054443,0.1355961561203003,0.46633083,0.9470109899685158,2.0920262336730957,0.15731623768806458,0.34508446,0.9705725562973591,1.965105414390564,0.21088121831417084,0.505087,0.9206213987650271,2.5246713161468506,0.5543330907821655,0.49972698,0.4811078683713165,2.113603115081787,0.26060590147972107,0.18236989,0.4072541404430509,2.267594337463379,0.14895455539226532,0.16262913,0.674175610412038,3.4173707962036133
0,0.052650924772024155,0.24391115,0.7455423731126606,3.167325496673584,0.0183967687189579,0.15480798,0.5635763220536657,2.337178945541382,0.0006227591657079756,0.14590399,0.32302425103655885,1.4698041677474976,0.1303146779537201,0.35798275,0.9658357422328102,1.85768723487854,0.19332745671272278,0.27612886,0.9495210748928942,1.7766268253326416,0.10743238031864166,0.4006482,0.947193099227183,1.5754082202911377,0.2321508377790451,0.3337704,0.9569140396978694,1.7885024547576904,0.10856512933969498,0.2659237,0.9539338258412137,1.5230741500854492,0.2811145484447479,0.20837842,0.9632784857258542,1.377524971961975,0.049340177327394485,0.49845055,0.9833549475927534,2.087411642074585,0.17148233950138092,0.29374877,0.9744355060991654,1.762381672859192,0.06199260056018829,0.5600274,0.9999287535122292,2.339367389678955,0.19989177584648132,0.24992922,0.971370117623655,2.1259958744049072,0.07700930535793304,0.3877205,0.985570818864038,2.342482328414917,0.161376953125,0.25797257,0.9713360446564895,2.1924796104431152,0.15209433436393738,0.31641272,0.9775159647111845,2.179579734802246,0.04263151064515114,0.39683524,1.015174732768552,1.8960822820663452,0.11565445363521576,0.47376126,0.9552895547517017,1.846269130706787,0.10133185237646103,0.4779282,0.9469770930107618,2.077564001083374,0.1490384191274643,0.35225198,0.9657112344992358,1.8727738857269287,0.16777263581752777,0.48596144,0.9175366808871638,2.557792901992798,0.5337026715278625,0.4893628,0.47628836654541395,2.1702795028686523,0.23290085792541504,0.18049195,0.3863490931230522,2.2929067611694336,0.14623239636421204,0.15080573,0.6684580516940283,3.383150577545166
0,0.037052299827337265,0.263147,0.7282158100548496,2.9446091651916504,0.01684212125837803,0.17239684,0.5358346134066138,2.0837273597717285,0.00045708491234108806,0.15083204,0.31412381260054756,1.4439252614974976,0.10232652723789215,0.35740846,0.9672131266769123,2.1795310974121094,0.20927274227142334,0.27838406,0.9503555529986619,2.035033702850342,0.09559411555528641,0.40008602,0.9446890243098894,1.8783912658691406,0.20857082307338715,0.3347962,0.9592245622202021,1.9718064069747925,0.13016586005687714,0.26769894,0.9537456141778312,1.9344773292541504,0.27880793809890747,0.18715072,0.9628497582610521,1.5050709247589111,0.07778949290513992,0.4644151,0.9884553197701234,2.1149728298187256,0.16643314063549042,0.338677,0.9785687650561055,1.6777124404907227,0.07514731585979462,0.54836166,1.0086778240621754,1.8182450532913208,0.17223715782165527,0.25807717,0.9732298931042315,1.9858312606811523,0.09218744188547134,0.4008174,0.9861017241767154,2.3927502632141113,0.16006237268447876,0.30321187,0.973242046254814,2.2768959999084473,0.1582227647304535,0.34132457,0.9820045911105928,2.1956868171691895,0.1147458553314209,0.39245194,1.0072660718560225,2.26812744140625,0.11656232178211212,0.45502716,0.9569418837517893,1.957503080368042,0.1271674484014511,0.50546706,0.950440633634651,1.8897689580917358,0.1501719206571579,0.34424645,0.9703655759068931,1.9646821022033691,0.19320550560951233,0.5294996,0.911209638462083,2.387993812561035,0.5614919066429138,0.50095516,0.48559474400096597,2.1106643676757812,0.26212865114212036,0.20430294,0.4043725943091694,2.351402759552002,0.15990786254405975,0.18523124,0.6755663310857277,3.4013829231262207
0,0.05612734705209732,0.24126488,0.7323257391015159,3.240281105041504,0.020813798531889915,0.1713672,0.5417286296860215,2.3981873989105225,0.0004256569081917405,0.14301525,0.3150981593950819,1.6063979864120483,0.11309811472892761,0.37336376,0.9636335945898985,1.7260475158691406,0.1908184438943863,0.28638765,0.946454428521453,1.8146684169769287,0.09828107804059982,0.41038576,0.9485584051695667,2.0863828659057617,0.193235844373703,0.34788126,0.9546188841134272,1.951947569847107,0.10187869518995285,0.27197754,0.9543012014395864,2.044132709503174,0.25008174777030945,0.21781108,0.9588375030661819,1.3372318744659424,0.04711626097559929,0.5168854,0.9792496803454785,2.175435781478882,0.17005695402622223,0.33069256,0.9694381080864112,1.4834667444229126,0.06794089823961258,0.5805051,0.9943059742902244,2.549072027206421,0.2044280618429184,0.28228793,0.9669406667354131,2.1455235481262207,0.07104499638080597,0.41111463,0.9817733886532546,2.3925349712371826,0.12230470031499863,0.29430318,0.9674252417409597,2.537970542907715,0.12555299699306488,0.34632084,0.9739897784080807,2.156862735748291,0.04144588112831116,0.39332956,1.0073858475820079,1.8083691596984863,0.08616264164447784,0.48292097,0.960552972511923,2.0152246952056885,0.07860718667507172,0.52707756,0.9550710189070654,2.0833427906036377,0.11524014919996262,0.38703012,0.971229082686778,2.039053440093994,0.13567517697811127,0.5207809,0.9302210849897607,2.5647807121276855,0.5182617902755737,0.47204292,0.4850488933271528,2.2214927673339844,0.22773109376430511,0.16928273,0.39281719859083297,2.415550470352173,0.13122950494289398,0.13677256,0.6798979487820717,3.4618465900421143
0,0.04469524323940277,0.24515568,0.7557299315862109,3.2557895183563232,0.03423457592725754,0.23000303,0.581412802352742,2.492938280105591,0.0013755792751908302,0.16169228,0.3081509422226702,1.1720263957977295,0.09536220133304596,0.44461274,0.9639121893149937,1.9886525869369507,0.18010243773460388,0.37309182,0.9473772623212785,1.8677866458892822,0.10448025166988373,0.4680098,0.9475548575035878,1.8841590881347656,0.22510437667369843,0.3562357,0.9476294142596395,1.832503318786621,0.08548809587955475,0.3801125,0.9464654120222443,1.7977190017700195,0.3041461110115051,0.21843663,0.9542044222155811,1.6049443483352661,0.0629715844988823,0.5066584,0.9753660273960169,1.998842716217041,0.13746823370456696,0.38546285,0.9669254666761209,1.8061203956604004,0.06395165622234344,0.57846165,0.9795810806375227,1.7795929908752441,0.16445089876651764,0.32072765,0.9642449433472102,1.9281339645385742,0.08001835644245148,0.39808914,0.9741934372365566,1.699715495109558,0.16916993260383606,0.31140307,0.9620888149073005,2.0898373126983643,0.15180683135986328,0.34595963,0.9558525168610621,2.205911159515381,0.059097420424222946,0.4024882,0.9718542838691006,2.149275302886963,0.1537017971277237,0.4826891,0.9223892052919201,1.7907042503356934,0.14244946837425232,0.42575186,0.9078071562152209,1.7930006980895996,0.18322713673114777,0.31977403,0.9040434146539047,1.950268268585205,0.2139616310596466,0.53482676,0.8743485440294284,2.259563446044922,0.6609457731246948,0.4859574,0.4490112534174431,1.6664457321166992,0.282206267118454,0.14432512,0.28579720870967756,2.1427998542785645,0.21603427827358246,0.118281,0.5401279997780677,2.8869235515594482
0,0.04375321790575981,0.23257785,0.7266549738588199,3.0977683067321777,0.023328572511672974,0.1627212,0.5424735192642122,2.3627877235412598,0.0010840807808563113,0.13920371,0.314651952576473,1.2760168313980103,0.10652384161949158,0.34543222,0.9653432674474678,1.9394383430480957,0.1866445541381836,0.270142,0.9487441211338099,1.9790154695510864,0.10963242501020432,0.40440282,0.9499248327299276,1.891863226890564,0.207805335521698,0.31433645,0.9540584541802631,2.097330093383789,0.11619855463504791,0.2694091,0.9546843267468402,1.8982325792312622,0.28065741062164307,0.19459769,0.9573516814973868,1.5464739799499512,0.06593593955039978,0.47929215,0.9812167940493433,1.828997015953064,0.15869486331939697,0.3093981,0.9706328532919299,1.7148243188858032,0.06940056383609772,0.57151276,0.9978917548904259,2.424419403076172,0.22021053731441498,0.2542361,0.965620236421995,2.201045036315918,0.08011836558580399,0.37567365,0.9805644451374863,2.4410929679870605,0.15927964448928833,0.27616057,0.9666843622798158,2.321737051010132,0.15538018941879272,0.2973066,0.9739054526766014,2.2044365406036377,0.07157392799854279,0.38558802,1.0058926339683403,1.9452178478240967,0.0956636443734169,0.46037665,0.9579072175247436,2.1710479259490967,0.09712328761816025,0.4657769,0.9556707635648585,1.9027224779129028,0.12230710685253143,0.31578863,0.9679906299223039,1.9140760898590088,0.1726660430431366,0.4850135,0.9241762234841303,2.5233492851257324,0.516459584236145,0.5055451,0.47951852305608517,2.2797529697418213,0.22040165960788727,0.18083017,0.3925931467106771,2.440127372741699,0.13558921217918396,0.1577064,0.6644096534151563,3.3796966075897217
1,0.03140851482748985,0.24904779,0.7356852604562589,2.715064525604248,0.011015224270522594,0.14272064,0.561141062350786,1.997750997543335,0.00029389766859821975,0.11313985,0.31916987399783464,0.9771097302436829,0.11657341569662094,0.3457785,0.9678146799307499,1.6934359073638916,0.19247043132781982,0.25729164,0.9509138437496782,1.7739970684051514,0.1233324408531189,0.3782707,0.9445346284813748,1.7165910005569458,0.2497968226671219,0.27616388,0.9632889070420927,1.7628004550933838,0.13057276606559753,0.25657427,0.9503886690755438,1.2029489278793335,0.3026036024093628,0.18064098,0.9701511981317579,1.3833492994308472,0.08671694248914719,0.44940448,0.9967932494567013,2.104921817779541,0.17827731370925903,0.2768915,0.9843839527875108,1.9171557426452637,0.10558175295591354,0.50602,1.0077029279296739,2.1651551723480225,0.20632997155189514,0.22533071,0.9779102518014691,1.9905012845993042,0.11016252636909485,0.34710285,0.9867761139591777,2.323680877685547,0.20209525525569916,0.24740559,0.9780707770386119,2.248673677444458,0.1978665292263031,0.27250305,0.9796351146497706,2.0709638595581055,0.11304689198732376,0.39506504,1.0143119812962016,2.3352582454681396,0.2252236157655716,0.45041367,0.9390587977346779,2.0355477333068848,0.1704580932855606,0.45992482,0.9203796544752618,2.1295278072357178,0.2009907364845276,0.33229318,0.9523529650692483,1.877923607826233,0.28780609369277954,0.46829233,0.8769930779759137,2.3734347820281982,0.544039249420166,0.5017665,0.45261347396384377,1.8802883625030518,0.2044336497783661,0.197269,0.3750453633880006,2.185110330581665,0.13570277392864227,0.1772423,0.655716893425781,3.310518980026245
1,0.0457756407558918,0.23728488,0.7534396046142355,3.188664436340332,0.027915433049201965,0.1253712,0.5773386662448979,2.4172861576080322,0.0007786930073052645,0.12465644,0.3171471184220007,1.0969902276992798,0.08951613306999207,0.38979107,0.9616645955829374,1.7202646732330322,0.16909803450107574,0.2953324,0.945763963272793,1.7981868982315063,0.07678267359733582,0.42047372,0.9429322088030265,1.7672446966171265,0.15825045108795166,0.33432126,0.951474640505119,2.08327317237854,0.09069287776947021,0.33368397,0.9501523933154873,1.5140081644058228,0.2770508825778961,0.20061593,0.9604583965033606,1.5497047901153564,0.06614101678133011,0.5142351,0.977748647448199,1.6747970581054688,0.17061077058315277,0.30635273,0.9741595581609869,1.5883383750915527,0.07109937071800232,0.5234004,0.9858330222230955,2.0185861587524414,0.16971039772033691,0.26430145,0.9726484655202353,1.7727768421173096,0.07292133569717407,0.36118785,0.9882563980485735,2.0866665840148926,0.16390280425548553,0.24637456,0.9717525930351959,2.143747329711914,0.1858462393283844,0.2759558,0.9642746280741316,2.1449060440063477,0.05516769364476204,0.42246294,0.9944932251620994,2.309199094772339,0.1265658587217331,0.44853923,0.9270169504192057,1.7285361289978027,0.11390370875597,0.44382408,0.9077065998631209,1.46347975730896,0.15056999027729034,0.31857377,0.9127883501281556,2.1745548248291016,0.2091199904680252,0.43300715,0.866493117822438,2.330780267715454,0.5153510570526123,0.47442836,0.4409241594819736,2.031831741333008,0.17631487548351288,0.1452978,0.32418590478416237,2.0903830528259277,0.1501748114824295,0.111130364,0.5493168071637881,3.047457695007324
0,0.04325619712471962,0.23268226,0.7304935208921155,3.2352137565612793,0.017741601914167404,0.19718264,0.5428451518434045,2.435854911804199,0.0007493765442632139,0.15347417,0.31045083943804785,1.6811845302581787,0.10141857713460922,0.35441762,0.9623246446885391,1.8024773597717285,0.1685975044965744,0.29793918,0.9453738396900354,2.1439788341522217,0.10704995691776276,0.41465184,0.9490428040037139,1.6009000539779663,0.17737242579460144,0.35347706,0.949017431784397,2.0439324378967285,0.11757327616214752,0.27788484,0.9497504594133976,2.0636770725250244,0.2628612816333771,0.18791237,0.9523082173791478,1.636202335357666,0.07195254415273666,0.5078232,0.9764663957024637,2.1024169921875,0.1587216705083847,0.3158515,0.9646477086331194,1.8676261901855469,0.0647701695561409,0.54342395,0.9896365722448126,1.9970510005950928,0.1551073044538498,0.27612296,0.9629986075717398,2.1635141372680664,0.07129977643489838,0.4249115,0.9798256795165446,2.400547981262207,0.11854017525911331,0.31586725,0.9640159227282309,2.413630962371826,0.13935932517051697,0.321308,0.9696586722539415,2.3258142471313477,0.06114077940583229,0.4046665,1.0023777684694073,1.9050068855285645,0.07351505756378174,0.47927874,0.9586746890854331,2.3038384914398193,0.07982921600341797,0.5097996,0.9531058330054212,1.9129196405410767,0.10370064526796341,0.36367872,0.9706294641879546,2.0266225337982178,0.12787894904613495,0.54745054,0.9315298158177506,2.632167339324951,0.5080864429473877,0.4452263,0.4955800040996693,2.328338146209717,0.2103213220834732,0.18099323,0.40535173500331567,2.472944974899292,0.12153119593858719,0.15161575,0.6958310686396308,3.5040969848632812
0,0.049995943903923035,0.22334194,0.7320175035531756,3.28892183303833,0.020738229155540466,0.1952538,0.5420032638979924,2.4456894397735596,0.0006119570462033153,0.14796875,0.31276270832667175,1.7077391147613525,0.10904065519571304,0.37995663,0.9622558260604864,1.8452060222625732,0.18673978745937347,0.30074146,0.9449540244991186,2.1779794692993164,0.10910575091838837,0.41915572,0.9490168292418445,1.6980891227722168,0.1921715885400772,0.36457953,0.9510904138984808,1.9207524061203003,0.10595402121543884,0.2868288,0.9545881710024406,1.897986888885498,0.25093263387680054,0.21830492,0.9555383163297271,1.7826159000396729,0.05239070579409599,0.52223295,0.9801564767493217,1.7848247289657593,0.16186437010765076,0.3371293,0.9667758378197949,1.5762214660644531,0.05108717456459999,0.55469304,0.9913992126718899,2.345721483230591,0.14347149431705475,0.29650858,0.962419868643876,2.1868038177490234,0.07130614668130875,0.4187764,0.9787390957550305,2.4327127933502197,0.1320057511329651,0.29255635,0.9647278970332884,2.268035888671875,0.13886074721813202,0.3804403,0.9719122165295855,2.211763858795166,0.04524720087647438,0.3967463,0.9995390635499071,1.8651576042175293,0.07859458029270172,0.47956264,0.9579063754860859,2.0112268924713135,0.07045651227235794,0.491304,0.9552514748194465,1.7152098417282104,0.12098187953233719,0.3109182,0.9723362212760095,2.054426670074463,0.12029208987951279,0.5296857,0.93247732741239,2.727665901184082,0.4811406135559082,0.48901623,0.5077722459526622,2.441913604736328,0.22187095880508423,0.17604853,0.4129102092264018,2.536156415939331,0.14102713763713837,0.14509903,0.6893327118883811,3.5127298831939697
0,0.03093569353222847,0.25646487,0.7393598143045471,3.035928249359131,0.020391322672367096,0.1534773,0.5533390324137883,2.2260971069335938,0.0004631736082956195,0.14425492,0.3177604296516553,1.250980019569397,0.10961789637804031,0.33599082,0.9676844423902363,1.72135591506958,0.1891137808561325,0.25811163,0.9512023268833426,2.13573956489563,0.11898123472929001,0.38398078,0.9486250990421351,1.7149450778961182,0.21668493747711182,0.31173366,0.9572214111651499,1.9230146408081055,0.1247507631778717,0.24399483,0.9528279043312706,1.7241020202636719,0.28315067291259766,0.18525808,0.9633440706974691,1.618484616279602,0.06954244524240494,0.4660006,0.9899950871067918,1.9504364728927612,0.17399927973747253,0.28728446,0.9765881247755608,1.662089467048645,0.07597540318965912,0.534081,1.006057447817049,2.141630172729492,0.18942995369434357,0.24373202,0.9743564246803634,2.037135362625122,0.08419609814882278,0.37810582,0.9884180556255714,2.428332805633545,0.1734614074230194,0.27427998,0.9744527829990738,2.4304497241973877,0.18071329593658447,0.28672647,0.9764296257978257,2.2799103260040283,0.06314960867166519,0.36978176,1.0063928370037014,2.0190086364746094,0.1122126504778862,0.46260023,0.9472819284631575,2.0266034603118896,0.11570269614458084,0.46480232,0.9340797048073068,1.7749117612838745,0.15967319905757904,0.32900435,0.9486401170355336,2.014284133911133,0.21079224348068237,0.47958153,0.8973947757935904,2.3854892253875732,0.5662538409233093,0.5018054,0.4728881619565434,1.9547433853149414,0.2391514927148819,0.17873183,0.37987313438959563,2.312229633331299,0.13132831454277039,0.16655104,0.6571026845315499,3.3886656761169434
0,0.03849386051297188,0.26548,0.7333215549132374,2.772171974182129,0.021071625873446465,0.15147375,0.542325842946862,1.9170366525650024,0.0001780903694452718,0.12885109,0.3206369765537987,1.3340293169021606,0.11626722663640976,0.37760225,0.9688157452356246,1.4679778814315796,0.18772298097610474,0.29918647,0.9538728949435499,2.153024673461914,0.1089162677526474,0.4256931,0.9445947941988639,1.8553431034088135,0.237359419465065,0.319986,0.9658340443542698,1.6883519887924194,0.12728939950466156,0.25444314,0.9543635216869388,1.592057704925537,0.3013675808906555,0.19992019,0.9710763457738499,1.5997711420059204,0.08742552995681763,0.4235807,1.0008098516547814,2.1227738857269287,0.1726977378129959,0.31662002,0.9848200816170731,1.8923988342285156,0.11074281483888626,0.5014427,1.0226924081921918,2.0864744186401367,0.21151579916477203,0.2723074,0.9824348600576954,2.185422420501709,0.09866733849048615,0.35035372,0.9917641610552715,2.6038477420806885,0.19488117098808289,0.23191544,0.9790074390720982,2.2444024085998535,0.21009530127048492,0.27269128,0.9887185037162044,1.996264100074768,0.15365348756313324,0.38492176,1.013501475499081,2.061682939529419,0.16496700048446655,0.46076944,0.949048049314776,1.8763412237167358,0.15422655642032623,0.4531163,0.9426666202684716,1.9856090545654297,0.20155611634254456,0.34393913,0.9648116865334398,1.5162562131881714,0.28321754932403564,0.46339813,0.9015302530135786,2.304621934890747,0.6194049715995789,0.44566503,0.47300865195857966,1.8854849338531494,0.23100584745407104,0.20823103,0.38478115502212257,2.1396689414978027,0.15453565120697021,0.19011123,0.6708296774559506,3.333024024963379
0,0.05851781740784645,0.21354125,0.731490527771039,3.257685899734497,0.020258717238903046,0.18493693,0.5443720283173185,2.476027250289917,0.0005628905491903424,0.14831893,0.31240246020581325,1.631966471672058,0.1097445860505104,0.381832,0.9628409293286588,1.857255458831787,0.19736486673355103,0.29707852,0.944664788787085,2.1821229457855225,0.1118195429444313,0.41802478,0.9487449905415131,1.8806277513504028,0.18044206500053406,0.35996616,0.9523197041111205,2.006563901901245,0.08938384056091309,0.2808634,0.9532836181184222,1.9789868593215942,0.26989251375198364,0.20594652,0.9561554985420324,1.6519092321395874,0.05035886541008949,0.5166944,0.9797332084451699,2.206064462661743,0.17351031303405762,0.31742382,0.9674034670018439,1.512014389038086,0.0897437259554863,0.5133353,0.9922242346957968,2.1551997661590576,0.1669277399778366,0.2805186,0.9639136340564423,2.091150999069214,0.08005193620920181,0.41644204,0.9800225250201697,2.3999903202056885,0.13457371294498444,0.2913407,0.965414850437243,2.4422175884246826,0.12825123965740204,0.3362291,0.9727312239587028,2.4070537090301514,0.044467613101005554,0.4032705,0.9987911085959841,2.256976842880249,0.08805392682552338,0.47942972,0.9569206459909567,1.8693886995315552,0.08190135657787323,0.48486894,0.9501034593245407,1.980182409286499,0.11679229885339737,0.3362101,0.968751005963069,2.114882707595825,0.14761292934417725,0.5409128,0.9258936540053497,2.3861923217773438,0.503930926322937,0.5025191,0.49447734819657785,2.288300037384033,0.22943082451820374,0.17034474,0.3948406090268027,2.4761264324188232,0.14257702231407166,0.14804624,0.6826855609515629,3.510728120803833
0,0.05613459646701813,0.22845021,0.7149458966623846,3.0909221172332764,0.019258012995123863,0.21859008,0.5269521510954264,2.392859935760498,0.00029029641882516444,0.14417335,0.3149527378588688,1.6872353553771973,0.10602512955665588,0.3851687,0.9628015192136342,1.647797703742981,0.1854594647884369,0.31471208,0.9468789197011385,2.220747232437134,0.09681745618581772,0.42081338,0.9501655609471114,1.8720474243164062,0.1698593646287918,0.35080063,0.9541131574022939,2.1424317359924316,0.11336781084537506,0.27509084,0.9536233344928481,2.0260298252105713,0.27122819423675537,0.20235306,0.9556199599917753,1.624868392944336,0.07217186689376831,0.48131883,0.9796805303918141,1.7306135892868042,0.14894118905067444,0.34365785,0.9684238258523874,1.8997881412506104,0.07863598316907883,0.55997056,0.9963220681162512,2.2430713176727295,0.1711619794368744,0.30934685,0.9662340488317284,2.2933130264282227,0.07265668362379074,0.37728384,0.9810575299304355,2.460129976272583,0.13929133117198944,0.29578984,0.9659822869331283,2.558957576751709,0.11293823271989822,0.3788226,0.97754288465498,2.229173183441162,0.0898091197013855,0.40329692,1.0072190664103486,2.206843614578247,0.09959018975496292,0.470278,0.9658671528697194,2.2234480381011963,0.08184235543012619,0.50506514,0.965533797070965,1.670394778251648,0.12505052983760834,0.3143762,0.9817328607871272,1.8693606853485107,0.1263478696346283,0.5390916,0.9364737163594553,2.553457021713257,0.544045090675354,0.48499534,0.5021391718153184,2.2327709197998047,0.21584303677082062,0.18568721,0.4093531366465922,2.4412198066711426,0.14032424986362457,0.15335825,0.6881198863012281,3.4869372844696045
0,0.02941407822072506,0.2582177,0.7277108650790495,2.907771348953247,0.018689589574933052,0.15468527,0.5284334625350074,2.1553101539611816,0.0003010299988090992,0.14637798,0.31904485627050927,1.3296806812286377,0.11193197965621948,0.36070988,0.967075522843397,1.8923677206039429,0.2056094855070114,0.28811377,0.9519144977991364,1.8892512321472168,0.1211879774928093,0.4062294,0.9499024643219387,1.6543604135513306,0.2167833149433136,0.3302679,0.9612095928033205,2.0260674953460693,0.12442821264266968,0.27815488,0.9559743510702927,1.952977180480957,0.29170846939086914,0.20847759,0.9628517510033052,1.630105972290039,0.07782916724681854,0.45418245,0.9860865893103123,1.9109907150268555,0.16157928109169006,0.3174871,0.9767448901236224,1.7162635326385498,0.08215434849262238,0.49963158,1.0059746269710639,1.9017611742019653,0.22716689109802246,0.2754673,0.9732854363875117,2.387721061706543,0.09348518401384354,0.37230608,0.9857054430346537,2.4782683849334717,0.15596967935562134,0.30738556,0.9734338878934569,2.2966740131378174,0.18489214777946472,0.31681535,0.9808053770595305,2.104480743408203,0.07376378029584885,0.3908042,1.0134049211347564,2.20544695854187,0.11963403224945068,0.48418885,0.964056615191838,1.7239906787872314,0.11319223791360855,0.48992288,0.9583236030211224,1.938923954963684,0.15103679895401,0.3396601,0.9859763969957162,1.819498062133789,0.19847187399864197,0.5215484,0.9305773763589074,2.371454954147339,0.5302586555480957,0.47713244,0.4993597471757031,2.200496196746826,0.2287188172340393,0.20630074,0.4219848322324869,2.3457717895507812,0.1508737951517105,0.18145414,0.6967619588691667,3.494595766067505
0,0.04860420897603035,0.25479922,0.7390638568170108,3.2989625930786133,0.021015414968132973,0.1794268,0.5479856754128929,2.502692222595215,0.0005590677028521895,0.14612494,0.3139978000040589,1.6891194581985474,0.10809922963380814,0.38506985,0.9633191079863681,1.883788824081421,0.17517976462841034,0.29637018,0.9456951106868942,2.0640289783477783,0.09366201609373093,0.42111596,0.9484022579895751,1.9409070014953613,0.18824806809425354,0.36025652,0.9539076732689022,1.9898756742477417,0.10568321496248245,0.28444225,0.9543585605401228,1.971447229385376,0.27039432525634766,0.2214249,0.9583436937736062,1.3983770608901978,0.047182902693748474,0.51750404,0.9781540795981862,1.9589241743087769,0.16385920345783234,0.33049005,0.9693205279167009,1.6732394695281982,0.04911736771464348,0.57596064,0.99204038946695,1.9432803392410278,0.14406946301460266,0.296158,0.9667416786690567,2.135068893432617,0.07982069253921509,0.41703576,0.9808401072796923,2.3455305099487305,0.12129376083612442,0.30637544,0.9668478922219277,2.3598527908325195,0.1369868963956833,0.35276678,0.9740129852086191,2.2763428688049316,0.04964751750230789,0.39936364,1.0049851573664095,1.5738763809204102,0.09209835529327393,0.4868946,0.9600796322891672,2.325451374053955,0.0801786333322525,0.52946234,0.9543212304412336,1.9045157432556152,0.12551352381706238,0.37273428,0.9715702800249801,2.101654291152954,0.13894404470920563,0.5169175,0.929825684611065,2.5484752655029297,0.5082983374595642,0.48374912,0.47999591514528206,2.3263683319091797,0.21821905672550201,0.1790542,0.38875049778853354,2.389742851257324,0.1348038911819458,0.14197311,0.6815241394255569,3.485507011413574
0,0.061720214784145355,0.2616715,0.7269608496832807,2.762847423553467,0.0162334144115448,0.14636391,0.5277940128917504,1.9346494674682617,0.00024133284750860184,0.1341033,0.30867567928398126,1.1058987379074097,0.13105535507202148,0.340483,0.9690271840959489,1.8843464851379395,0.1825248897075653,0.27255785,0.9552796725300586,2.0940585136413574,0.12857836484909058,0.40147725,0.9476041781901383,1.6913161277770996,0.23582683503627777,0.294493,0.9629228796020884,1.8784476518630981,0.14197801053524017,0.24548118,0.9534408792230186,1.6187670230865479,0.3023170232772827,0.1945498,0.9680477960850145,1.4852501153945923,0.1052422821521759,0.45086086,0.9961471119436801,2.442004680633545,0.1786569207906723,0.27985102,0.9808537179445277,1.7545044422149658,0.10527767986059189,0.50543576,1.0163267360209862,2.0050249099731445,0.21104696393013,0.25550234,0.9824957235211773,2.1690762042999268,0.09446673095226288,0.35013568,0.9939349032338031,2.3628244400024414,0.15907377004623413,0.2293552,0.9772719536283765,2.288426399230957,0.18943078815937042,0.3003968,0.9895894245550589,2.025053024291992,0.09738896787166595,0.40019152,1.0189741222983109,2.397634983062744,0.15133658051490784,0.4732136,0.95531651795956,1.9516804218292236,0.1342514157295227,0.47327513,0.947445072472634,2.012852191925049,0.16372071206569672,0.34909973,0.9758069697206871,1.744130253791809,0.2364673614501953,0.47675207,0.9169092044300674,2.515193223953247,0.6098085641860962,0.44123968,0.4793817334437032,1.9954785108566284,0.24340762197971344,0.21773453,0.39863170679688137,2.2690134048461914,0.14885348081588745,0.18519314,0.6855964229366338,3.424582004547119
1,0.03134870529174805,0.22028613,0.7400953897838373,2.328453540802002,0.005371075123548508,0.11782445,0.5435246463870599,1.605925440788269,0.00031012011459097266,0.09002495,0.31739944909711026,1.3769699335098267,0.15625207126140594,0.3104597,0.9652180151467542,1.706961750984192,0.21643967926502228,0.23757362,0.9516011896998304,1.6541277170181274,0.1477796584367752,0.35637522,0.9308982669858505,1.3658891916275024,0.29652872681617737,0.26994133,0.9693526262559911,1.475083351135254,0.16074766218662262,0.2401982,0.9446439800925593,1.7453033924102783,0.3236728012561798,0.16807367,0.9765551379888655,1.521859884262085,0.1235230565071106,0.4135875,1.016086932500996,2.1431894302368164,0.2204446792602539,0.28966245,0.9962875041390427,1.8111658096313477,0.15463052690029144,0.4884779,1.0383957725043909,2.0617427825927734,0.2611127495765686,0.20902584,0.9917339268569567,1.866692066192627,0.14969785511493683,0.31399098,0.9999421536184969,2.530602216720581,0.26048845052719116,0.22184019,0.9839679243376905,2.16648530960083,0.24342107772827148,0.27192828,0.9934132333761029,1.9979640245437622,0.22846944630146027,0.38780433,1.0270683273918932,2.0561745166778564,0.25236356258392334,0.43206474,0.9328659123178881,2.197937488555908,0.2558649480342865,0.45981485,0.9110931130653519,2.0991051197052,0.26592719554901123,0.31185433,0.9514222284546531,1.8641743659973145,0.35944119095802307,0.4558187,0.8648143384428154,2.2843873500823975,0.6219015717506409,0.47980452,0.46679483183676,1.7306450605392456,0.21975265443325043,0.22963916,0.3807738471418087,2.0250489711761475,0.15090100467205048,0.2309233,0.6429713153705138,3.1975343227386475
0,0.04427536204457283,0.25755012,0.726952677125027,3.018949031829834,0.01768455281853676,0.17768188,0.5355919346383969,2.1497509479522705,0.0003789887414313853,0.14897755,0.314460027656692,1.2655335664749146,0.11810662597417831,0.3800242,0.9658309869863684,1.6177586317062378,0.1979125440120697,0.28403255,0.9502837283276718,1.7670930624008179,0.10529616475105286,0.41145477,0.9489975128381363,1.8278934955596924,0.22584767639636993,0.35117808,0.9581589646327556,2.051072120666504,0.12175579369068146,0.27430472,0.9550192422313168,1.9144940376281738,0.29183298349380493,0.2098968,0.9610359000355542,1.6172293424606323,0.06826143711805344,0.4455236,0.984187002159934,2.034248113632202,0.15977631509304047,0.35940978,0.9730661313375745,1.830143690109253,0.08478419482707977,0.554606,1.0018777318642964,2.033259630203247,0.1701384335756302,0.30372375,0.9684926529842898,2.240976095199585,0.09641407430171967,0.41172355,0.9833593634910914,2.2482352256774902,0.14792673289775848,0.3271701,0.9712422447208535,2.4027791023254395,0.1580912321805954,0.38539106,0.9816656053619505,2.2879254817962646,0.0768968015909195,0.38526115,1.00835405434049,2.0541648864746094,0.10294975340366364,0.47870508,0.9631040011494564,1.9551304578781128,0.1067449077963829,0.45058265,0.9612165541316954,1.7605520486831665,0.14383232593536377,0.33051133,0.9810416115987828,1.7870951890945435,0.16522690653800964,0.56366456,0.9330418568974617,2.647020101547241,0.5293695330619812,0.5001892,0.5001487276059767,2.215169906616211,0.241547629237175,0.19535387,0.4152311480961899,2.417931079864502,0.12674951553344727,0.16894898,0.6866978716914325,3.4216740131378174
0,0.053232885897159576,0.2702336,0.7281316607403564,2.9869747161865234,0.014833941124379635,0.16041553,0.5311186624208252,2.1221468448638916,0.00018187107343692333,0.14173986,0.3177259809381841,1.3817148208618164,0.10658667981624603,0.3468572,0.9670525947047555,1.6329872608184814,0.19831089675426483,0.29092196,0.9514518861760828,1.9205965995788574,0.12987981736660004,0.40469745,0.9502363559241228,1.8280352354049683,0.21589818596839905,0.32937056,0.9614692165440282,1.9573712348937988,0.13135705888271332,0.27095163,0.9563548836387432,1.867623209953308,0.28938043117523193,0.21331373,0.9630160219865012,1.5894842147827148,0.06910823285579681,0.45349172,0.9855753518050651,1.9679934978485107,0.16580617427825928,0.3251254,0.976530163305167,1.9143931865692139,0.08678033947944641,0.53264326,1.0050680769042033,1.9855273962020874,0.22441674768924713,0.26861084,0.972691867824539,2.0091161727905273,0.11174993216991425,0.35111046,0.985180768334498,2.482311725616455,0.15816791355609894,0.2800285,0.9728315902603272,2.219719171524048,0.1978544294834137,0.30116895,0.9803355775927676,1.8278226852416992,0.08091338723897934,0.3924943,1.0097658811603034,2.4823644161224365,0.1289118528366089,0.47143397,0.9599546390653867,1.9359142780303955,0.1082921251654625,0.47528148,0.9530123028533528,2.0500030517578125,0.1488981544971466,0.34055194,0.9797783620625576,1.885332465171814,0.18870070576667786,0.49102172,0.9263590629879166,2.609665632247925,0.549630880355835,0.46522105,0.49151058913851037,2.1000075340270996,0.23151227831840515,0.19488598,0.40686287345705463,2.350916624069214,0.16411477327346802,0.1712066,0.687045352612497,3.4888699054718018
0,0.04540196806192398,0.25290453,0.7383726077814309,2.530784845352173,0.008024058304727077,0.12797263,0.5383074760038865,1.6825231313705444,0.00026570266345515847,0.10732531,0.32022426785044117,1.1991451978683472,0.13360026478767395,0.32985598,0.9691986803124397,1.7994275093078613,0.21376332640647888,0.23733175,0.9548228450003172,1.846343994140625,0.11849585920572281,0.38365313,0.9423894080610401,1.6558877229690552,0.2765258252620697,0.28298247,0.9677607064023162,1.602509617805481,0.15455114841461182,0.2306869,0.94949327676623,1.7622395753860474,0.29589518904685974,0.16843653,0.9726412494785399,1.6894750595092773,0.10668198019266129,0.44784063,1.0009817803932421,1.9388176202774048,0.1929774433374405,0.29020783,0.9856762528293335,1.8561915159225464,0.11434564739465714,0.4972319,1.0248270969619293,2.2260639667510986,0.2188194841146469,0.23103286,0.9869175157225868,2.18826961517334,0.13198071718215942,0.33656883,0.9973380520091849,2.32304310798645,0.22785785794258118,0.19833109,0.9804225535772383,1.9224210977554321,0.2106933444738388,0.24651417,0.9856797731225131,2.0847232341766357,0.16549241542816162,0.39289021,1.0203509979868133,2.2427985668182373,0.24555711448192596,0.45255643,0.9399535838183537,2.2723119258880615,0.190891832113266,0.41545448,0.9324903859848519,2.105199098587036,0.2150665521621704,0.2812953,0.9614541158509378,1.9313404560089111,0.31734704971313477,0.42200416,0.8789767206693531,2.4226417541503906,0.5945773124694824,0.45088717,0.4554958201253813,1.8688030242919922,0.24267593026161194,0.21403112,0.3839108416500338,2.1174354553222656,0.1463693380355835,0.2102723,0.6575938479521201,3.2678589820861816
0,0.026757720857858658,0.2526399,0.7311670890070273,2.8640990257263184,0.010023997165262699,0.13224128,0.5439154553334751,2.044785976409912,0.0004126085841562599,0.12503473,0.32054426977465267,0.9414687752723694,0.11573389917612076,0.33577028,0.9679014799770893,1.810341715812683,0.20529285073280334,0.26614577,0.9519546904579876,1.8911895751953125,0.13335709273815155,0.37572524,0.9470113723883975,1.5561506748199463,0.23977938294410706,0.27906585,0.963528963465337,1.9052355289459229,0.13980184495449066,0.2508549,0.9542392375367256,1.6104826927185059,0.2981814742088318,0.17744729,0.9642722529428401,1.548227310180664,0.07738605886697769,0.4181012,0.9895646485495704,1.6622555255889893,0.17605248093605042,0.2801203,0.9802844075960261,1.7781562805175781,0.09490443021059036,0.44215053,1.0072324527866099,2.241506814956665,0.17573711276054382,0.22856022,0.9741958356174092,2.3661887645721436,0.09929195791482925,0.31185335,0.9862228692142183,2.19366192817688,0.1721145212650299,0.22481504,0.9742790846144034,2.3714354038238525,0.1772822141647339,0.23587026,0.9788687571408087,1.625871181488037,0.1003900021314621,0.38482276,1.0011432955591693,2.0521507263183594,0.16106167435646057,0.45376545,0.9484984825768947,2.1733155250549316,0.11144319176673889,0.43972588,0.9424533498499744,2.151555061340332,0.16990606486797333,0.29309627,0.977888732385958,1.7057502269744873,0.21474279463291168,0.45702106,0.9165160535646634,2.599604845046997,0.5250136256217957,0.46928102,0.4956942490387874,2.204275131225586,0.20065876841545105,0.21238996,0.41848275756686437,2.366589069366455,0.12874779105186462,0.19222979,0.680630342094201,3.3479998111724854
0,0.02574002742767334,0.23103063,0.729184670799521,2.342357635498047,0.007953849621117115,0.12331877,0.5392710829329818,1.547664761543274,0.0002881609252654016,0.089869305,0.31809746664421695,1.3396832942962646,0.14374728500843048,0.3107967,0.9689530606560071,1.9965970516204834,0.20700021088123322,0.23201093,0.955740519951951,1.7705469131469727,0.1175527423620224,0.33867493,0.9289849263232789,1.302966833114624,0.2757837474346161,0.23217858,0.9659054614334437,1.5647064447402954,0.1447834074497223,0.22707798,0.9371962165433102,1.6015472412109375,0.2934545874595642,0.16530949,0.9717661348492506,1.480808138847351,0.13997310400009155,0.40089592,1.0037346088258972,1.9089291095733643,0.21301668882369995,0.25304556,0.9889326198021798,1.7264114618301392,0.16168196499347687,0.42454693,1.0331966592508128,2.066657066345215,0.2333085536956787,0.20650247,0.9919929687560431,1.992620825767517,0.1426447331905365,0.25370124,1.0002129890969285,2.3736424446105957,0.24774442613124847,0.19817269,0.9849403530033073,2.1638145446777344,0.23219186067581177,0.25278926,0.9981752220594574,1.9812349081039429,0.18875029683113098,0.38355723,1.0363146355910804,2.5534796714782715,0.19823186099529266,0.41105562,0.9503193712767971,2.3635313510894775,0.2123241126537323,0.4217565,0.9366117927336387,2.0880513191223145,0.24772951006889343,0.3043443,0.9709840429607312,1.9161248207092285,0.3321039378643036,0.42792997,0.8878707582070029,2.400542974472046,0.5786628127098083,0.49436957,0.4779720157096511,1.8980289697647095,0.24140363931655884,0.2484954,0.40480683016017893,2.0931649208068848,0.15906491875648499,0.26397073,0.661211199468348,3.2582333087921143
0,0.046593353152275085,0.2701172,0.7386247893148302,3.0061376094818115,0.01749330572783947,0.12837408,0.547365755182401,2.1899993419647217,0.000493636995088309,0.13667274,0.3153139395001522,1.0139464139938354,0.10873472690582275,0.33103988,0.9672274636041379,1.8679888248443604,0.18126732110977173,0.27266565,0.951273597454782,2.1539604663848877,0.10397019237279892,0.38118127,0.9465740257613232,1.5794076919555664,0.20014826953411102,0.28511232,0.9578238042305431,1.713148593902588,0.12353868037462234,0.25902703,0.9521140204355087,1.6639537811279297,0.30772510170936584,0.18358636,0.9629341893579253,1.4887195825576782,0.07875571399927139,0.44788828,0.9869407673027569,1.3814719915390015,0.17295700311660767,0.28414938,0.9747240777264031,1.767529010772705,0.07137523591518402,0.5321041,1.0029782814314152,1.999518871307373,0.2074086219072342,0.23827198,0.9742245391113624,2.1259512901306152,0.08847727626562119,0.34589952,0.9859069887547115,2.2934365272521973,0.16379690170288086,0.23890579,0.9700007085444642,2.2686595916748047,0.168663889169693,0.28961447,0.9759519974626224,2.200885057449341,0.07654611021280289,0.40563825,1.0056801675717402,1.8881542682647705,0.13827809691429138,0.46378574,0.9435500604773204,2.1702466011047363,0.12052087485790253,0.45427957,0.9336634747524845,1.9816533327102661,0.14630474150180817,0.32714665,0.9581318013865572,1.9337774515151978,0.20091412961483002,0.45735228,0.90840800313751,2.4388139247894287,0.558254063129425,0.47923216,0.48352991551404023,2.1096038818359375,0.26842015981674194,0.2074493,0.39129196724578513,2.2951767444610596,0.13165095448493958,0.18009603,0.662760928612786,3.3360302448272705
0,0.02932768315076828,0.26271337,0.7336149195717538,2.8090438842773438,0.01334973331540823,0.15104623,0.5377377337964786,1.9042249917984009,0.00025696936063468456,0.13344489,0.31463462871797687,1.119905710220337,0.10436356067657471,0.35082623,0.968939904270862,1.7413283586502075,0.18531525135040283,0.28622252,0.9542123540300973,2.1384878158569336,0.10355885326862335,0.41561702,0.94653095523325,1.656200647354126,0.2518552243709564,0.30995896,0.9641238861674704,1.8000006675720215,0.13780908286571503,0.25542685,0.9554915523910597,1.608890175819397,0.2927281856536865,0.19897744,0.9702328213217941,1.5780911445617676,0.08414043486118317,0.44779304,0.9973476089859868,1.7330360412597656,0.19976678490638733,0.28617898,0.9826249339842482,1.596670389175415,0.10044978559017181,0.50630647,1.020439979267415,2.174867630004883,0.2043650597333908,0.2740816,0.9821413995639456,2.1917054653167725,0.09322717040777206,0.36487383,0.9928621927723011,2.293052911758423,0.20329613983631134,0.24235448,0.97974029707818,2.271864652633667,0.1927276849746704,0.27435192,0.9902062377419456,1.8482162952423096,0.10548024624586105,0.40866217,1.0235775925291113,2.170545816421509,0.14921990036964417,0.46189314,0.9544188840882608,1.8947705030441284,0.14536234736442566,0.4288095,0.9479282749953928,2.0104756355285645,0.1798761934041977,0.31780222,0.9719905487439674,1.6579128503799438,0.24585109949111938,0.4726184,0.9088876212238177,2.4941976070404053,0.6181648373603821,0.44831654,0.4771007325911663,1.9175817966461182,0.2587571442127228,0.19894356,0.38988524060573904,2.191692590713501,0.15415869653224945,0.18980412,0.6767039081051046,3.36362886428833
0,0.030344082042574883,0.24358025,0.7380252847184148,3.0331945419311523,0.019503528252243996,0.15823193,0.5529980490157925,2.2077174186706543,0.00035195169039070606,0.14752916,0.3136448881453297,1.446060061454773,0.10508628189563751,0.35152486,0.9665264561169062,1.9549850225448608,0.18878823518753052,0.27686265,0.9517239246210536,2.0060911178588867,0.10911362618207932,0.39658642,0.9512752717698679,1.729705572128296,0.2342941164970398,0.32988262,0.9599062659773456,1.9611220359802246,0.11040966212749481,0.27742875,0.9560493341091756,1.7300864458084106,0.3064597249031067,0.20068227,0.9638729082413715,1.5998344421386719,0.06396213918924332,0.4870514,0.9855974077523035,1.8865917921066284,0.1718689203262329,0.32394078,0.9744039836864623,1.7534630298614502,0.08701744675636292,0.5302897,0.9988914832436673,2.2737135887145996,0.20081718266010284,0.26161763,0.9710425943275401,2.3070387840270996,0.08444017171859741,0.4101116,0.9844507969609183,2.290175199508667,0.18217428028583527,0.3021748,0.9697870834782999,2.377814292907715,0.16229502856731415,0.31734598,0.9768154374634714,1.9425177574157715,0.06608688086271286,0.40029758,1.0069997074060026,2.314119577407837,0.12002161145210266,0.46292916,0.9484723041862453,2.084804058074951,0.10583548247814178,0.44038624,0.9395640766541707,2.020922899246216,0.1401049792766571,0.33765548,0.9615154110526742,1.8401331901550293,0.1933031529188156,0.52457744,0.9118729839472125,2.5909042358398438,0.537365198135376,0.4825352,0.48408927080752384,2.1425466537475586,0.2224603295326233,0.18261977,0.38673140783289806,2.3089511394500732,0.1509723961353302,0.16755751,0.6691754593551756,3.3581602573394775
0,0.03364776819944382,0.255861,0.7449469865464883,2.9966232776641846,0.012690773233771324,0.1635933,0.5671238514503377,2.160642147064209,0.00029465524130500853,0.13497303,0.3211565131972607,1.2072117328643799,0.12399435043334961,0.3475467,0.9676434928681271,1.6281930208206177,0.1939292848110199,0.26001662,0.9519404083786154,1.8662524223327637,0.12153491377830505,0.37706354,0.9448268409624271,1.6112194061279297,0.24905622005462646,0.2807304,0.9609093890562046,1.7325979471206665,0.12123299390077591,0.2543603,0.9501512485909449,1.7209982872009277,0.2784682810306549,0.19213383,0.967056701066698,1.397070050239563,0.06682778894901276,0.45655587,0.9912064420537428,1.748210072517395,0.19613654911518097,0.27482653,0.9806693073968478,1.5702314376831055,0.12710802257061005,0.48314506,1.002250975005252,2.061814069747925,0.1896112859249115,0.23614664,0.9767629233854723,2.148519992828369,0.10360538214445114,0.3365319,0.9899205841417449,2.104233741760254,0.2066047340631485,0.21918438,0.975657464659874,2.363609790802002,0.1869584619998932,0.27615282,0.9790457585235897,2.043776035308838,0.09169071167707443,0.39389825,1.0140245577583995,1.8717894554138184,0.14818459749221802,0.45950896,0.9486873438995198,1.8023231029510498,0.13928626477718353,0.44837588,0.9368579674531523,1.9509756565093994,0.18796277046203613,0.3127441,0.949839372524294,1.7527357339859009,0.2224336564540863,0.4605017,0.8917144977175486,2.4458372592926025,0.5517855882644653,0.51439714,0.4536379511563489,2.0102014541625977,0.22336852550506592,0.20187424,0.3660988159753116,2.135467052459717,0.14955852925777435,0.1832132,0.6062166146525234,3.031360387802124
0,0.022899210453033447,0.27287892,0.6433906694377598,2.472257375717163,0.005590114276856184,0.16828811,0.5020587864788439,1.9300658702850342,8.379566861549392e-05,0.1146341,0.3208600788013036,0.9109783172607422,0.13630542159080505,0.28825274,0.9623809400181347,1.2815488576889038,0.19500832259655,0.24892658,0.9424473334963744,1.8822617530822754,0.10516363382339478,0.35829884,0.9205543555473611,1.729866623878479,0.19390256702899933,0.28986743,0.9535435112286286,1.7830049991607666,0.14197777211666107,0.21260256,0.9454259379643967,1.7434053421020508,0.29556015133857727,0.16302754,0.9661200297804468,1.7649006843566895,0.09348616749048233,0.34552902,0.9908152754441352,1.7300955057144165,0.17860952019691467,0.276816,0.9797932971388561,1.4009685516357422,0.10084258764982224,0.40130463,1.0084126863285001,1.9781490564346313,0.1986810564994812,0.21928617,0.9792428772590578,2.157029867172241,0.10630184412002563,0.24230644,0.9896204607903473,2.370516538619995,0.18673092126846313,0.16414699,0.974864894985804,2.135314464569092,0.19338782131671906,0.28436667,0.9857155651118011,1.7596756219863892,0.10230599343776703,0.28044766,1.013201444605227,2.728788375854492,0.1493442952632904,0.43163183,0.9665367461191724,2.0599465370178223,0.1620454341173172,0.44974023,0.9507067585370168,1.924291968345642,0.18066857755184174,0.23848137,0.9561703090552124,1.7709473371505737,0.2582390308380127,0.30565354,0.8944018319619996,2.4693357944488525,0.5997533798217773,0.5424294,0.46364250676191915,1.9237806797027588,0.35407117009162903,0.2548812,0.3897396688233647,2.1913340091705322,0.3596735894680023,0.2166041,0.6043607605107488,2.7066404819488525
0,0.03910179063677788,0.23333809,0.723460003690958,2.9493377208709717,0.018099037930369377,0.16502525,0.5314498369681125,2.1808111667633057,0.00019109001732431352,0.13480313,0.31620966936112743,1.3589015007019043,0.10337872803211212,0.3595503,0.9646974985339023,1.6047402620315552,0.18687303364276886,0.2663293,0.9498042759446179,2.034299373626709,0.11218272894620895,0.39752516,0.9486337690251847,1.9371942281723022,0.22978904843330383,0.32958147,0.9560228932437156,1.7510288953781128,0.11754870414733887,0.2680902,0.9511057860707707,1.7403215169906616,0.2915177643299103,0.197852,0.9601766290932333,1.3581057786941528,0.06629131734371185,0.48818356,0.9848112985312567,1.9962432384490967,0.16095861792564392,0.30258623,0.9741326643711345,1.5684704780578613,0.08214044570922852,0.57747155,0.9997546251402798,2.082869529724121,0.17964543402194977,0.28179672,0.9727567130521174,2.0816900730133057,0.08277932554483414,0.3584072,0.9854294230955482,2.3797624111175537,0.17518168687820435,0.2776791,0.9731526608079665,2.130140542984009,0.16768670082092285,0.3460931,0.9814427147656885,1.9992609024047852,0.0653386265039444,0.39054245,1.0227488980380688,2.1211142539978027,0.1384100764989853,0.46075502,0.9745440760036943,2.118588924407959,0.10431385040283203,0.47047964,0.9660045665050611,1.8679145574569702,0.12998388707637787,0.32638174,0.9814241665533006,1.9896230697631836,0.16375745832920074,0.51632494,0.9237266192886743,2.3201935291290283,0.49718257784843445,0.50412947,0.47213998315999606,2.1207714080810547,0.23783275485038757,0.17101425,0.3956001224205961,2.377843141555786,0.1344822198152542,0.16629378,0.6678222332736102,3.3761582374572754
0,0.051888082176446915,0.2747731,0.7495309006746913,3.077277660369873,0.018835749477148056,0.15996256,0.5612769428389922,2.2194905281066895,0.0005913654458709061,0.14772414,0.32117719207122836,1.1627395153045654,0.12008624523878098,0.34493607,0.967567166316605,1.7703660726547241,0.1829717606306076,0.25070286,0.9498582300065921,1.8866041898727417,0.10573893785476685,0.390522,0.9458479788759186,1.9073312282562256,0.2191266268491745,0.29352114,0.9562872596461491,1.8646025657653809,0.13201983273029327,0.24783239,0.9514554461452247,1.7166253328323364,0.30557742714881897,0.18162648,0.9631108002103345,1.495523452758789,0.06818179786205292,0.47011602,0.9880851858321676,1.9844286441802979,0.17231006920337677,0.29801548,0.9756118606332798,1.6281558275222778,0.08565580099821091,0.54917175,1.0041121449592074,2.2726008892059326,0.2052306830883026,0.230772,0.97204825731257,2.2616262435913086,0.09926784038543701,0.3873432,0.9865296535078126,2.221938371658325,0.1412014663219452,0.27031255,0.9708499194228378,2.610419273376465,0.1805477738380432,0.34035572,0.9784720273173518,2.1569530963897705,0.058824725449085236,0.39449373,1.005169949711197,1.7986869812011719,0.11539287865161896,0.45159438,0.940681230322243,1.8945019245147705,0.1319441795349121,0.4617102,0.9297346771650753,2.015174150466919,0.160600945353508,0.34350064,0.9532131224583998,2.0553109645843506,0.19439168274402618,0.5129972,0.8992717737704689,2.5084822177886963,0.5536286234855652,0.5164812,0.4852846331243056,2.097280979156494,0.2529284954071045,0.18797204,0.39546360108458545,2.3129305839538574,0.1455557495355606,0.16050264,0.6654431730864697,3.279395818710327
0,0.035071469843387604,0.25884783,0.7287213637466394,3.0689585208892822,0.01811034232378006,0.1473809,0.5375419210949308,2.2897489070892334,0.00037551700370386243,0.13047887,0.31592276186460033,1.3091700077056885,0.10608111321926117,0.35113555,0.9651250981425252,1.886535406112671,0.18814554810523987,0.2777755,0.948771328205711,1.9209010601043701,0.10194012522697449,0.40321365,0.9461075628202538,1.6557856798171997,0.21928094327449799,0.3260231,0.9565657473428668,1.9541321992874146,0.12017742544412613,0.27263373,0.951902027843525,1.6053248643875122,0.27933645248413086,0.20293655,0.9589348287722118,1.4033684730529785,0.06169195473194122,0.4849743,0.9816896125529563,1.7259565591812134,0.15561750531196594,0.31308493,0.9714423418760828,1.7219537496566772,0.07058171927928925,0.5203337,0.9942573062705871,1.7479337453842163,0.1629648208618164,0.26353467,0.9681133869808995,2.1933517456054688,0.07714761793613434,0.3732355,0.9804687222579271,2.2891364097595215,0.13901826739311218,0.26146534,0.9672542281138419,2.298750162124634,0.12059133499860764,0.32120836,0.9748275798830142,2.012911558151245,0.08112264424562454,0.4041999,0.9999477857741187,2.3460779190063477,0.07032343745231628,0.48087022,0.9556743992686676,2.1034743785858154,0.08708982914686203,0.51615846,0.9487005873423414,2.0199975967407227,0.13072900474071503,0.3703331,0.9724563440764684,1.7959766387939453,0.15564332902431488,0.5097031,0.9299037211439481,2.347386360168457,0.4872971475124359,0.478007,0.5002328602518357,2.3161263465881348,0.23363804817199707,0.17055716,0.4110261073876658,2.4193716049194336,0.14194035530090332,0.16577584,0.6952038527007218,3.512172222137451
0,0.04327996447682381,0.26405212,0.7281760340479438,3.025963544845581,0.0145529480651021,0.16589388,0.5425463087232667,2.253275156021118,0.0004734292160719633,0.14955029,0.31999440181677735,1.4155988693237305,0.11213159561157227,0.3686967,0.9663034157831221,1.8202191591262817,0.17501068115234375,0.2739603,0.9494142959173594,2.2920894622802734,0.10603106021881104,0.40753075,0.9464080599217338,1.6725283861160278,0.21967944502830505,0.33150396,0.9578589279829517,1.9843969345092773,0.12916548550128937,0.26423198,0.9549972534987731,1.7911396026611328,0.28939270973205566,0.19702438,0.9611569689779924,1.4007799625396729,0.07761981338262558,0.48787868,0.9852178211085051,2.0452260971069336,0.15363089740276337,0.33081248,0.975030852507167,1.6999056339263916,0.07083474844694138,0.53143656,1.0003805925153002,2.218519449234009,0.1752033531665802,0.2670525,0.9689692574720847,1.810685157775879,0.08361203223466873,0.40362877,0.9823616172524895,2.096226930618286,0.13785050809383392,0.2860853,0.9704752441478275,2.467552900314331,0.17200970649719238,0.3269882,0.9758168341536877,2.0429670810699463,0.07353164255619049,0.392195,1.000533415388569,1.8647096157073975,0.10664842277765274,0.4763213,0.9520873284047049,1.972969889640808,0.10192816704511642,0.47341824,0.9483195383605884,1.8013945817947388,0.14760564267635345,0.33126527,0.9666890991624998,1.7193617820739746,0.2044755518436432,0.51864696,0.9176644649540068,2.593562126159668,0.5390141010284424,0.49899092,0.48245695872578986,2.1203598976135254,0.21698381006717682,0.19372168,0.3915542896822105,2.350576877593994,0.14115232229232788,0.16739902,0.6692756523606523,3.41231632232666
0,0.051881853491067886,0.28279355,0.7239218336185193,2.9529948234558105,0.010245179757475853,0.14864081,0.5332760992002606,2.120628595352173,0.00022869168606121093,0.14838839,0.31722720181094965,1.349057912826538,0.12242577970027924,0.36340043,0.9667487768349415,1.5578957796096802,0.1835429072380066,0.2796337,0.95010196953822,2.0802078247070312,0.12914636731147766,0.38203064,0.9486321178898408,1.648967981338501,0.20946970582008362,0.30886072,0.9606157424770181,1.7736172676086426,0.16351579129695892,0.2611922,0.9529701335363499,1.9059841632843018,0.2962873876094818,0.18896829,0.9615166799204585,1.5531368255615234,0.07441338896751404,0.44110394,0.9851299097553247,1.7919265031814575,0.15833909809589386,0.30112946,0.9765424296402408,1.8281362056732178,0.09695346653461456,0.4198252,1.006117946399913,2.238738536834717,0.21409839391708374,0.23855858,0.9743303080920969,2.3214759826660156,0.09589612483978271,0.28396323,0.990447854877136,2.00178861618042,0.1517428457736969,0.26672974,0.9749788418089739,2.118293285369873,0.16953811049461365,0.25547472,0.9827523898019414,2.111562967300415,0.08543004840612411,0.38556653,1.0152782326043048,2.277956008911133,0.1280083805322647,0.4701539,0.968953698299046,1.818380355834961,0.12182993441820145,0.45638663,0.965926826826566,2.062654972076416,0.14829231798648834,0.3487699,0.9923017074810765,1.6270264387130737,0.1831827461719513,0.50556254,0.937208155243121,2.586176872253418,0.5313713550567627,0.48114032,0.5002413876021636,2.228421449661255,0.23786170780658722,0.1810128,0.4334874236480763,2.4106738567352295,0.15040795505046844,0.16999067,0.6978546624878633,3.524740695953369
0,0.04431154578924179,0.21804179,0.7225460988237317,3.0990283489227295,0.016810525208711624,0.19195741,0.5259430813848145,2.279480457305908,0.0005407523130998015,0.13877417,0.30946651273504877,1.5941790342330933,0.10240492224693298,0.3843616,0.9645723224634498,1.8847479820251465,0.18862827122211456,0.31749094,0.9469688054889335,2.051278591156006,0.11661569029092789,0.42378694,0.9493649959732219,1.4832391738891602,0.17176243662834167,0.35408202,0.955160706139646,2.1413650512695312,0.13249148428440094,0.27838865,0.9546837249388925,1.9646217823028564,0.3066091537475586,0.21028472,0.95659263413209,1.6390737295150757,0.060056984424591064,0.4929801,0.9822575102128359,2.1927478313446045,0.1483716517686844,0.34144166,0.9699851948841554,2.039889335632324,0.07872402667999268,0.56349903,0.998824205253836,2.34104585647583,0.2192157506942749,0.3088979,0.9653360854685072,2.24267578125,0.07386582344770432,0.3950463,0.9796124769189073,2.2624874114990234,0.1422436237335205,0.3010494,0.9659169505593395,2.4846320152282715,0.13775157928466797,0.36835107,0.974431188654659,1.754861831665039,0.05217090621590614,0.3984847,0.9990366912929797,2.254535436630249,0.1056126207113266,0.4850781,0.9590116285530721,2.0740714073181152,0.07765218615531921,0.50130916,0.954928022265915,1.7352763414382935,0.1167452484369278,0.36010817,0.9753005507920678,2.1068148612976074,0.15414489805698395,0.51996577,0.9310870364205763,2.5175395011901855,0.5443896055221558,0.49517494,0.49122288702631756,2.2236154079437256,0.2333989143371582,0.17081116,0.4008411886008503,2.437135696411133,0.1402924656867981,0.14706811,0.6920128353566812,3.493269681930542
0,0.06477418541908264,0.22954513,0.7260280906872585,3.2966957092285156,0.017345523461699486,0.20780356,0.5371592895125005,2.4728124141693115,0.0006974971620365977,0.15720494,0.31286440301061513,1.6475476026535034,0.1010236144065857,0.39830232,0.9608223601896595,2.066838502883911,0.16567561030387878,0.30903375,0.9428482443877305,2.1429660320281982,0.10547070950269699,0.41995573,0.9485660547739324,1.8711440563201904,0.16527818143367767,0.36514726,0.9499262977658366,2.1469860076904297,0.09996425360441208,0.28133658,0.953778982612987,2.2827038764953613,0.24635928869247437,0.22747457,0.953790704419833,1.8141597509384155,0.0444813035428524,0.52374417,0.9777537173855652,2.1324939727783203,0.15521065890789032,0.3491266,0.9649526814078156,1.9091153144836426,0.06180742010474205,0.5926388,0.9900239692466727,2.447638511657715,0.14524082839488983,0.31444922,0.9604889195044852,2.2056124210357666,0.07412852346897125,0.42943856,0.9776721987880402,1.9352773427963257,0.12394022941589355,0.30948642,0.9629554672346585,2.408656597137451,0.13468149304389954,0.40228817,0.9713080450885628,2.1952807903289795,0.05725286528468132,0.402042,0.9991155343712523,2.0799078941345215,0.0728527382016182,0.47334749,0.9586094440260676,2.12870454788208,0.07121410220861435,0.51447654,0.9565884168649509,1.8406471014022827,0.12093732506036758,0.35255724,0.9717787581619545,2.1217525005340576,0.10264305770397186,0.5508917,0.9353980041867066,2.6129090785980225,0.4697115123271942,0.48625767,0.5060258475788443,2.473590850830078,0.21938632428646088,0.17778474,0.41135622935358934,2.534972906112671,0.13949593901634216,0.13640857,0.68835948630113,3.535787343978882
1,0.04908451437950134,0.2595004,0.7457783317281362,3.457627296447754,0.03218062222003937,0.21019876,0.571098296034396,2.7137441635131836,0.0006537094013765454,0.15165839,0.3101660280813895,1.840562105178833,0.11585862189531326,0.40661165,0.958020030468777,1.691536545753479,0.17757415771484375,0.32986355,0.9397553077450623,2.1581363677978516,0.10744370520114899,0.4563729,0.9479812803560942,2.01050066947937,0.2094789445400238,0.34542322,0.9402621063107452,2.20137095451355,0.10689659416675568,0.35120046,0.9515647272052183,2.15336012840271,0.26747193932533264,0.22652172,0.948903198653662,1.4733445644378662,0.05385108292102814,0.51640975,0.9738511464523493,2.0677599906921387,0.14803987741470337,0.3636683,0.960558738634956,1.8296490907669067,0.059722308069467545,0.6028436,0.9816435969147904,2.4658279418945312,0.14334417879581451,0.30576956,0.9567225690843102,2.185365676879883,0.09244488924741745,0.4459301,0.9704434092458628,2.481701374053955,0.1333427131175995,0.29847366,0.9581309333757713,2.4055182933807373,0.12648190557956696,0.3471479,0.9644212359524664,2.181414842605591,0.027576614171266556,0.40003633,1.0048211388395272,1.9835286140441895,0.08115100115537643,0.5386617,0.9589846769367066,1.6107382774353027,0.07943521440029144,0.45722857,0.9472544944721621,1.9060496091842651,0.15020674467086792,0.3307794,0.9506434927568506,1.9308867454528809,0.11357670277357101,0.51532954,0.9183042347937111,2.55808424949646,0.5174457430839539,0.50742686,0.4915521552102912,2.2347419261932373,0.23875375092029572,0.15260002,0.37761777717962514,2.51385760307312,0.16944482922554016,0.1250721,0.6501991347088721,3.3918662071228027
0,0.056881941854953766,0.25582242,0.7410766730485384,3.186704397201538,0.020949574187397957,0.16526303,0.561311308074187,2.4169490337371826,0.0007788669900037348,0.15731774,0.3159882146488575,1.3277891874313354,0.11558762937784195,0.35503373,0.9655451849583994,1.674261212348938,0.2259124219417572,0.26172572,0.9480020831242147,1.678685188293457,0.09879849851131439,0.4033501,0.9473116230333438,1.9076073169708252,0.21310116350650787,0.30573598,0.9538298801518845,1.98893404006958,0.10876572132110596,0.26698893,0.9537594291582373,1.9634130001068115,0.27999967336654663,0.19577077,0.9617609866540513,1.50700843334198,0.05360766127705574,0.493301,0.9852239649193094,1.764611840248108,0.17834264039993286,0.29410005,0.972317142316256,1.5041875839233398,0.08122097700834274,0.5782506,0.9987599316453939,2.3481597900390625,0.17433902621269226,0.2676904,0.9709221754330363,1.9428353309631348,0.075649194419384,0.4026564,0.9868027540897966,2.27409029006958,0.16632874310016632,0.24661776,0.9694082217452888,2.015998601913452,0.15269427001476288,0.34011537,0.9757873218948035,2.062849521636963,0.0398506224155426,0.4069058,1.0034689489259985,1.7989578247070312,0.10446284711360931,0.4729242,0.9453274852048444,2.0044496059417725,0.10727927833795547,0.44118744,0.9339266964058176,1.9896583557128906,0.14769479632377625,0.35205266,0.9554431442654712,2.045464515686035,0.1645263135433197,0.4949385,0.9106399968387433,2.641141176223755,0.5456864833831787,0.48894244,0.4750694756406785,2.1458945274353027,0.2580869793891907,0.17878263,0.3920472200058488,2.2944984436035156,0.14838652312755585,0.15279129,0.6577023542444674,3.355344533920288
0,0.04131598398089409,0.25056094,0.7287652267511314,3.040933609008789,0.011436398141086102,0.19252338,0.5360495971322141,2.2112936973571777,0.0005645464407280087,0.1532046,0.31610254120558706,1.4831607341766357,0.10836953669786453,0.36044076,0.9670937829491784,1.7915765047073364,0.20526368916034698,0.26386994,0.9496484837122706,2.0925166606903076,0.10951720923185349,0.38335758,0.9490041888246317,1.6749351024627686,0.20978425443172455,0.29111782,0.9558252672888792,1.757258415222168,0.13348743319511414,0.26750043,0.953649183329131,1.9827373027801514,0.30528438091278076,0.17759708,0.9585240368224196,1.5626081228256226,0.08399580419063568,0.39953202,0.986353500068506,2.0153615474700928,0.16393370926380157,0.2991555,0.9752584253168598,1.7318171262741089,0.07867126166820526,0.44805858,1.001855974039025,1.8042396306991577,0.19421187043190002,0.22037327,0.9672280087415293,1.9311541318893433,0.08815639466047287,0.25883096,0.9813536540843805,1.9335861206054688,0.13486461341381073,0.22434999,0.9676728133004653,2.4485883712768555,0.18608051538467407,0.23312208,0.975042552968499,1.9229639768600464,0.09821734577417374,0.38609293,1.0035681837487673,2.4799375534057617,0.10120654851198196,0.46618688,0.9581776090612657,1.8662434816360474,0.10376767814159393,0.4736131,0.9520853148942118,1.8984792232513428,0.1276950091123581,0.31887078,0.9659305283570188,1.9359170198440552,0.1890050619840622,0.47522458,0.9194925412501215,2.478015899658203,0.5425782203674316,0.4828781,0.4665575656496093,2.115638256072998,0.2190122753381729,0.20090905,0.3858868838927529,2.3740322589874268,0.13280028104782104,0.15739577,0.6582185611113748,3.414588212966919
0,0.04507164657115936,0.25320622,0.7323123659646651,3.243633270263672,0.02244507148861885,0.1878334,0.5444152565146189,2.4548733234405518,0.0009459765278734267,0.15292156,0.3101398273902363,1.5931224822998047,0.11026914417743683,0.37154445,0.9638952278377481,1.646763563156128,0.1836995929479599,0.2895853,0.9455504723409708,1.9257417917251587,0.12556464970111847,0.4198899,0.9487748789054068,1.7056047916412354,0.18524141609668732,0.3235294,0.9505476913752695,1.8520082235336304,0.10147640854120255,0.28641728,0.9537438065726046,2.0219268798828125,0.3005497455596924,0.2007493,0.9551984187954176,1.5302749872207642,0.051909033209085464,0.51882386,0.981068671371596,1.9854702949523926,0.1545955389738083,0.31798294,0.9693676807059016,1.4023264646530151,0.0668996125459671,0.5623499,0.9935046541463797,2.3289997577667236,0.16071859002113342,0.26626673,0.9640580004202022,1.9712228775024414,0.07100125402212143,0.41627413,0.9803938551024258,2.0587501525878906,0.12634700536727905,0.2801066,0.9656963895196256,2.3039417266845703,0.12198485434055328,0.32393566,0.97144124462893,2.1262917518615723,0.05916105583310127,0.4043469,1.0026040246591064,2.3826065063476562,0.0838899314403534,0.48111644,0.957449896319245,1.9915916919708252,0.09540928900241852,0.4703735,0.9508968299708326,1.8751630783081055,0.12630054354667664,0.34993103,0.9631320352998385,1.9706485271453857,0.14867766201496124,0.5186175,0.9199663476815845,2.587541103363037,0.4967093765735626,0.50668067,0.46696502839550674,2.2771928310394287,0.21101881563663483,0.16621847,0.38595782771888504,2.419703245162964,0.12739618122577667,0.15241736,0.6635415744313254,3.4019572734832764
0,0.03782353922724724,0.22678055,0.7559193092384734,3.0214099884033203,0.015366618521511555,0.14728177,0.5656092044188664,2.2367618083953857,0.00041321455501019955,0.13503064,0.32295985236796604,0.9704935550689697,0.10928664356470108,0.3424401,0.9664817467716038,1.3547354936599731,0.19059249758720398,0.24290136,0.9523554026723975,1.64338219165802,0.10682555288076401,0.35766774,0.9504338752969719,1.4693113565444946,0.20340023934841156,0.28346154,0.9635665374810642,1.999192237854004,0.10162440687417984,0.23461579,0.953519422838487,2.290090322494507,0.3043377995491028,0.1850846,0.9681730000163549,1.442307949066162,0.07797098159790039,0.43469808,0.988729137264199,1.7688796520233154,0.18930897116661072,0.25806305,0.9829953139096256,1.5855422019958496,0.07905662059783936,0.48267716,1.0111297252743627,2.1958999633789062,0.18699607253074646,0.1970319,0.9740565986553154,2.1472699642181396,0.09232838451862335,0.302639,0.9883522003618815,2.1204347610473633,0.17032648622989655,0.17500925,0.973418066301284,2.2263875007629395,0.1795635223388672,0.24756129,0.9758165162581487,2.150871753692627,0.06726419180631638,0.40367678,1.0185247479688804,2.013375997543335,0.15010493993759155,0.44018248,0.9521568505347489,1.8809783458709717,0.15358226001262665,0.4255046,0.9322490380104778,1.984889030456543,0.157399982213974,0.27773172,0.9519305946981256,2.028888463973999,0.2201855331659317,0.3941402,0.887388868109512,2.3221685886383057,0.4809497892856598,0.49374261,0.48280704665021584,2.2446789741516113,0.21086446940898895,0.18953326,0.41922512672892576,2.4322516918182373,0.12167776376008987,0.17551549,0.6427428095340878,3.263775587081909
0,0.04836432263255119,0.26221249,0.7202258577465865,3.158484935760498,0.017465075477957726,0.22776137,0.5284894475397058,2.3658862113952637,0.0006107929511927068,0.15385245,0.31238889233161976,1.6918753385543823,0.1164676621556282,0.39724338,0.9626539550818745,1.7247750759124756,0.1965746283531189,0.32143673,0.9454751746741393,2.0283522605895996,0.10977984219789505,0.41792026,0.9494461910344894,1.8431129455566406,0.17245127260684967,0.36107856,0.9538208215358698,1.9330084323883057,0.12276612967252731,0.25333983,0.9547291096063084,2.1763558387756348,0.28327640891075134,0.22574814,0.9558351535080507,1.5952354669570923,0.06202550232410431,0.4839307,0.9805061730399744,1.9976294040679932,0.15299171209335327,0.33573768,0.9671228951028373,1.9052951335906982,0.06026072055101395,0.5821626,0.9959644688891914,2.290694236755371,0.17745207250118256,0.313521,0.9628395978723864,2.046712636947632,0.0674467384815216,0.42047957,0.9790126545801525,2.196885585784912,0.14251546561717987,0.3286088,0.9651926011591054,2.2102813720703125,0.14587439596652985,0.3970226,0.9760143387605502,2.186065912246704,0.07863315939903259,0.4028308,1.0035619034658365,2.0191588401794434,0.08811601996421814,0.46925038,0.9662070563916587,2.041414499282837,0.08560270816087723,0.48579478,0.9659078209321466,1.8776586055755615,0.12188678234815598,0.38944107,0.9825555048035524,1.998698115348816,0.12325338274240494,0.54833764,0.9416734993506457,2.496837854385376,0.507866621017456,0.5088074,0.49861316957149443,2.3551812171936035,0.21327535808086395,0.16801974,0.41390873014320906,2.520810127258301,0.14279749989509583,0.15468618,0.7017287312131141,3.549201488494873
0,0.03243599459528923,0.26683915,0.7321815244438811,2.8854970932006836,0.014268934726715088,0.13809365,0.5454283344766222,2.12294864654541,0.0004293228266760707,0.13443299,0.3197835462045942,1.131382703781128,0.10393859446048737,0.35219988,0.9678313045440642,1.8789433240890503,0.19161100685596466,0.27260965,0.9522374403000268,1.9601572751998901,0.11495406925678253,0.38963357,0.9462115849256989,1.7047104835510254,0.24668331444263458,0.2919465,0.9600757787446681,1.6812056303024292,0.12797072529792786,0.2511528,0.9535532269934276,1.6269989013671875,0.29159510135650635,0.19903073,0.9666755476675812,1.404301404953003,0.07138080894947052,0.44491777,0.9876577587701166,2.0294418334960938,0.18451058864593506,0.30627662,0.9792558164615959,1.5570948123931885,0.08681411296129227,0.536537,1.0096158737957077,1.8346080780029297,0.18614335358142853,0.24703346,0.9774728586525885,2.1582741737365723,0.08898402750492096,0.36667565,0.9887224772846852,2.2732717990875244,0.18253359198570251,0.27774727,0.9734408301032087,2.379981279373169,0.17834845185279846,0.28894788,0.9814202041475453,1.8777896165847778,0.08211669325828552,0.3748094,1.0128914055210525,2.0051262378692627,0.13435900211334229,0.46650773,0.9522384632630804,1.8292733430862427,0.11220384389162064,0.44990757,0.9459139058552947,2.042210578918457,0.16667357087135315,0.3353463,0.9649865233107635,1.8601568937301636,0.2017684131860733,0.50025374,0.9141522691406339,2.510789394378662,0.5787741541862488,0.4513155,0.46943314462204666,1.9873316287994385,0.2753788232803345,0.18843108,0.390971990402299,2.2498929500579834,0.14650429785251617,0.1654869,0.6750193628068852,3.3870656490325928
0,0.0579250194132328,0.24269655,0.7398421472842415,3.243546724319458,0.01724710874259472,0.17050967,0.5515552017106921,2.4111921787261963,0.00044249859638512135,0.15413266,0.3138544636205461,1.65250825881958,0.11119528859853745,0.37185356,0.9640953237305285,1.9816672801971436,0.211760014295578,0.2829917,0.9472992658845855,1.9697705507278442,0.09052400290966034,0.41095328,0.9477841692952458,1.7954100370407104,0.18974712491035461,0.3278441,0.9536500347413763,1.9562864303588867,0.15769752860069275,0.28281856,0.9526847224360552,2.019646406173706,0.2943844199180603,0.20073591,0.958819902680514,1.5967557430267334,0.059626299887895584,0.5117675,0.9836869406766151,1.7142688035964966,0.16812139749526978,0.31893,0.9713874317869264,1.770742654800415,0.06281285732984543,0.5732266,0.996558872045599,2.3920464515686035,0.16930419206619263,0.2782424,0.9682393409047431,2.135972023010254,0.08327213674783707,0.43285313,0.9856618157581555,2.2464075088500977,0.15097184479236603,0.2845536,0.9701187405293912,2.1569526195526123,0.15255358815193176,0.322637,0.9754191531022414,2.2482552528381348,0.055152665823698044,0.3988219,1.0110081514071378,2.0788724422454834,0.1203303262591362,0.47603312,0.9582430830862785,2.2235724925994873,0.11178061366081238,0.45085362,0.9476837426341218,1.7004668712615967,0.15281131863594055,0.3304644,0.9620878976059021,2.07928204536438,0.16071410477161407,0.48921406,0.9183274011925185,2.558082103729248,0.501870334148407,0.49994254,0.4768523653111597,2.2263474464416504,0.2031685709953308,0.1825436,0.391396419385921,2.372596263885498,0.11841723322868347,0.1460111,0.6572413075987579,3.3426411151885986
0,0.04073971137404442,0.2573835,0.7406488718125439,2.991014242172241,0.015640849247574806,0.14376266,0.5510238533519737,2.0627763271331787,0.00045240254257805645,0.14131723,0.31720215355541365,1.1571327447891235,0.1268783062696457,0.33312637,0.9681892440150834,1.6741493940353394,0.1885225921869278,0.24909718,0.9519900736174457,1.7672969102859497,0.10599718242883682,0.37284487,0.9461781660567359,1.803404688835144,0.23341216146945953,0.28984064,0.959805351335768,1.7587926387786865,0.1276954710483551,0.25370649,0.953724135263103,1.7911460399627686,0.3238522410392761,0.18283688,0.9654597265757491,1.4650001525878906,0.07493359595537186,0.44966677,0.9903008939022054,1.8656630516052246,0.1757437288761139,0.2838749,0.9782036640941469,1.9567570686340332,0.08029764890670776,0.53606886,1.0117633765666618,2.0287091732025146,0.17868377268314362,0.25209734,0.9759472973164218,2.271430492401123,0.1048462837934494,0.36573717,0.9910758959779464,2.2432808876037598,0.17004269361495972,0.25286797,0.9742319170845092,2.145282506942749,0.1869681477546692,0.3139048,0.9827178206486789,1.8700611591339111,0.059036578983068466,0.38454956,1.00799072047331,2.241103172302246,0.1260979175567627,0.4555815,0.9438716148023928,1.9937405586242676,0.14197947084903717,0.45554164,0.934191131491276,1.9190620183944702,0.16135813295841217,0.34270176,0.9568985689262938,1.9406217336654663,0.22014909982681274,0.48675233,0.9019919779089609,2.4888195991516113,0.5689556002616882,0.49144277,0.4803802116823483,2.029493570327759,0.2477518916130066,0.19733301,0.3878617670026424,2.239403009414673,0.1378040909767151,0.174947,0.6671515003011053,3.3607184886932373
0,0.04254599288105965,0.2678639,0.7385065614065266,3.0104541778564453,0.018029890954494476,0.15759574,0.5523185550858863,2.2330052852630615,0.0006060434971004725,0.1495646,0.31614633514401114,1.595555305480957,0.11627941578626633,0.36723942,0.9664835238580202,1.522533893585205,0.1956385225057602,0.2807196,0.9515179138816058,1.9192157983779907,0.098987877368927,0.40623528,0.9504826480235078,1.8477330207824707,0.22930572926998138,0.32867488,0.9593477877738,1.837712049484253,0.11169476062059402,0.27219433,0.9557227773691325,1.6318697929382324,0.2875328063964844,0.2037491,0.9636918234191018,1.6124693155288696,0.06429708749055862,0.47944093,0.9849131098980315,2.1256895065307617,0.1683705747127533,0.31230554,0.9743192403512788,1.907538652420044,0.10005272179841995,0.53834045,0.998567188835112,2.1995255947113037,0.1857481449842453,0.2599133,0.9711735286641289,2.239225149154663,0.10130096226930618,0.41059637,0.9841976302170229,2.1356379985809326,0.17767547070980072,0.30581948,0.9699073354560929,2.152268886566162,0.1660161167383194,0.32393476,0.9774444664573709,1.9360378980636597,0.06481451541185379,0.39703143,1.0087319103951102,1.8502520322799683,0.11297163367271423,0.4609277,0.9493810917780576,2.016098976135254,0.11250771582126617,0.45000565,0.9402532854867163,2.0782909393310547,0.14059798419475555,0.34583154,0.9616403581267922,2.002678632736206,0.18826518952846527,0.5243256,0.9104136021707092,2.462761163711548,0.5412335395812988,0.48727766,0.48367667675986936,2.108189105987549,0.22295425832271576,0.19280459,0.3864026411753296,2.302459239959717,0.14255277812480927,0.15831994,0.6696454949885116,3.372037887573242
0,0.04192037135362625,0.26985204,0.7372496280008533,2.884716510772705,0.0139206787571311,0.15553069,0.5487258825970911,1.9795963764190674,0.0002833042526617646,0.13400036,0.3177970539211907,0.9276419878005981,0.12870775163173676,0.35123417,0.968243751882267,1.5951899290084839,0.2066967487335205,0.26253372,0.9539116205319591,1.7940223217010498,0.13912753760814667,0.39145753,0.9439779050067139,1.7062559127807617,0.22219280898571014,0.322245,0.9630846195528183,1.8376281261444092,0.11421173810958862,0.272662,0.9520118209730207,1.7015764713287354,0.2702963352203369,0.19902667,0.9671997013904203,1.55723237991333,0.07693269848823547,0.4403224,0.9883943887036745,1.8226815462112427,0.1567864716053009,0.32566413,0.9770729217567348,1.8429267406463623,0.09097815304994583,0.54693156,1.0090022371587106,1.9120371341705322,0.16685883700847626,0.269235,0.9752369721736591,2.313399076461792,0.09111960232257843,0.39118332,0.9860353260976945,2.363206386566162,0.15776945650577545,0.3024175,0.9745971717289059,2.405754566192627,0.18732695281505585,0.3342708,0.9826321057706267,2.1616506576538086,0.0973745808005333,0.4002387,1.016641100489626,2.418607234954834,0.15925222635269165,0.4705525,0.9473108781906069,2.102726936340332,0.12827828526496887,0.46734586,0.9396690756727958,2.045196533203125,0.17160697281360626,0.36196366,0.9707243441349096,1.7266650199890137,0.17440424859523773,0.51034856,0.9133379249024067,2.7139346599578857,0.517605721950531,0.47333908,0.49465683614351785,2.1290109157562256,0.23303836584091187,0.19903195,0.41885943762106154,2.3058559894561768,0.15189681947231293,0.18585433,0.6864627937982994,3.3787918090820312
0,0.05888938903808594,0.22684154,0.732989225338327,3.237492084503174,0.030795536935329437,0.15328625,0.5479391814574488,2.4842066764831543,0.000693493930157274,0.14497323,0.3114476418394097,1.6933871507644653,0.10159573704004288,0.35750765,0.9645639749762579,1.9686275720596313,0.2195894867181778,0.27052513,0.9468849125259637,1.905632495880127,0.11709529906511307,0.4136359,0.9502861076182425,1.7946699857711792,0.21660970151424408,0.3478855,0.9522637756610843,2.0030784606933594,0.12504969537258148,0.2732647,0.9539307046058463,1.8013883829116821,0.29756027460098267,0.19444881,0.9562310908288937,1.6692650318145752,0.05403253063559532,0.50973326,0.9824966630757601,1.937705636024475,0.1609472781419754,0.31861982,0.9691828581146389,1.8455641269683838,0.06514686346054077,0.566412,0.9952382440454163,2.3729734420776367,0.1449146419763565,0.26901317,0.9666316450340013,2.164743661880493,0.07274685800075531,0.42059532,0.984643749486325,2.377812623977661,0.14546522498130798,0.28602433,0.9684311473015809,2.351217031478882,0.12166912108659744,0.339371,0.9734450966620323,2.391094207763672,0.047262467443943024,0.39922857,1.0053317607915986,2.191786766052246,0.08833272010087967,0.47763285,0.9566590117281722,1.9747543334960938,0.08767401427030563,0.44818786,0.9515085306433675,1.7850922346115112,0.12490349262952805,0.36085212,0.966495265772142,1.8404078483581543,0.1463102102279663,0.5150611,0.9259105131500214,2.527865409851074,0.5154008269309998,0.5024308,0.4866760420213036,2.268744945526123,0.23631004989147186,0.16045482,0.39859609655103667,2.4277145862579346,0.1488308161497116,0.14525734,0.6920289457108445,3.4838383197784424
0,0.06741350144147873,0.26239547,0.7286385419429884,2.874425172805786,0.011846840381622314,0.156326,0.5390348701382388,2.0008747577667236,0.00019500977941788733,0.14124358,0.3240292721127352,1.1226919889450073,0.11770963668823242,0.34899557,0.9683678328310995,1.7280561923980713,0.19252991676330566,0.2676761,0.9535833913209267,1.89617121219635,0.12844215333461761,0.38330382,0.9486554460914364,1.888499140739441,0.21288174390792847,0.3071939,0.9639420250556142,1.7707781791687012,0.12749086320400238,0.25256652,0.9563389200378717,2.0164780616760254,0.26980695128440857,0.19761115,0.9666388314778362,1.6353209018707275,0.07800652086734772,0.433092,0.9894539743682823,1.9383972883224487,0.1651596575975418,0.30665484,0.9777436578782182,1.9629987478256226,0.08933304995298386,0.5404099,1.0134424062475689,1.6810163259506226,0.19428884983062744,0.26459864,0.9781393667968468,2.0669989585876465,0.10576436668634415,0.3487741,0.9886467358035262,2.2614126205444336,0.1805891990661621,0.2704839,0.9765978350074658,2.2638416290283203,0.16045700013637543,0.30354878,0.9855527136382417,2.0321877002716064,0.08492324501276016,0.38232967,1.0109040968390284,2.161858320236206,0.12212875485420227,0.47434187,0.9554437935934037,1.8329567909240723,0.13379953801631927,0.46246913,0.9515396263767981,1.6801705360412598,0.14648453891277313,0.33355087,0.9742184647024815,1.9979127645492554,0.2266552895307541,0.49366346,0.9190327400423031,2.3637161254882812,0.5872311592102051,0.4791164,0.48299258790386485,2.040306568145752,0.2536174952983856,0.19589826,0.3978718428988092,2.273446559906006,0.15074974298477173,0.1889263,0.6859360015450855,3.383868932723999
0,0.02924753539264202,0.21592276,0.7405955180976753,2.4811577796936035,0.008034907281398773,0.13113312,0.5542018401021552,1.6039310693740845,0.00030887225875630975,0.097781956,0.32517418037619766,1.3551028966903687,0.14040693640708923,0.31297755,0.964432895281843,1.7365936040878296,0.198367640376091,0.2263921,0.9513071361707741,1.7510993480682373,0.13503742218017578,0.3432164,0.9255910400954331,1.582398533821106,0.24431419372558594,0.24306326,0.9665488264747253,1.5980252027511597,0.13033337891101837,0.23219436,0.9369818224431218,1.887641429901123,0.2945607900619507,0.15157105,0.9730924780770493,1.693838357925415,0.13187573850154877,0.38276237,1.0073190516857864,2.010427713394165,0.20960910618305206,0.25421765,0.9913603588282648,1.6788759231567383,0.13135898113250732,0.42934617,1.029699416111381,2.135953664779663,0.2293313890695572,0.20251332,0.9879733301365506,1.9712262153625488,0.13402031362056732,0.26208493,0.9943759475110827,2.3456780910491943,0.21955139935016632,0.20181304,0.9807431914014896,2.272764205932617,0.21379663050174713,0.23346144,0.9907326316807872,1.9045894145965576,0.2126203179359436,0.37563708,1.0238794649191831,2.543067455291748,0.23311389982700348,0.4086568,0.9283786372189021,2.4495317935943604,0.2107323557138443,0.38904473,0.9200423258880395,2.1638081073760986,0.2272169440984726,0.27893907,0.9627451583692164,2.044548749923706,0.2950842082500458,0.42974317,0.8954860833353437,2.54266619682312,0.5312020778656006,0.46473464,0.48658498538482614,2.07315731048584,0.2301674336194992,0.22730172,0.4128901680589402,2.098430871963501,0.124730683863163,0.24159813,0.6452662053911141,3.1606967449188232
0,0.05313052237033844,0.2191242,0.7371604828350387,3.135983943939209,0.02851114049553871,0.17364247,0.5526686385717773,2.3907992839813232,0.0008963613654486835,0.15053122,0.319040315646182,1.513522982597351,0.10955353826284409,0.35870752,0.9650665827485675,1.6313364505767822,0.18066157400608063,0.26270714,0.9474109655079612,2.0447559356689453,0.12821805477142334,0.4028759,0.9478183652488877,1.9164650440216064,0.19823898375034332,0.33445868,0.9539717295979441,2.0942530632019043,0.11994447559118271,0.25613672,0.9524015577332677,1.8088772296905518,0.2898373007774353,0.19719733,0.9578511577580779,1.6329833269119263,0.0627211481332779,0.49182916,0.9811282607202763,1.9813563823699951,0.16900019347667694,0.31345537,0.9713340095311821,1.593245267868042,0.0752067118883133,0.54159296,0.9982531263898607,2.263591766357422,0.1678510457277298,0.2485796,0.9672554111688074,2.097670555114746,0.09830968827009201,0.4060662,0.9813855421780838,2.431584596633911,0.1341574788093567,0.28088102,0.9664716380602103,2.2449140548706055,0.14481477439403534,0.3147482,0.9727870222373436,1.8459229469299316,0.051748860627412796,0.3916611,0.997101495768844,2.0954644680023193,0.0952136442065239,0.47545806,0.9508718138720988,2.0049211978912354,0.08416354656219482,0.48002502,0.9466871993921391,1.8145968914031982,0.14026837050914764,0.35577095,0.9666365552856121,2.007387638092041,0.159865140914917,0.46660975,0.9240643039422236,2.57169246673584,0.4787978529930115,0.4858624,0.4982953215158406,2.3253915309906006,0.20927207171916962,0.2005248,0.4125132277841702,2.460188865661621,0.13300453126430511,0.14677683,0.6824010697684002,3.4219696521759033
1,0.02349553257226944,0.22661577,0.7372569807038634,2.4675090312957764,0.010689650662243366,0.09917022,0.5448123025522542,1.6046463251113892,0.00022748502669855952,0.095617615,0.32140463535548264,1.4540988206863403,0.1489848792552948,0.30922747,0.9670366636271135,1.7105684280395508,0.21262486279010773,0.2449889,0.9533899898002328,1.7093769311904907,0.11780547350645065,0.34782568,0.9331886585669028,1.892440915107727,0.2774524390697479,0.23457615,0.966118599608624,1.683961272239685,0.14606021344661713,0.24327977,0.9460458490907433,1.5021166801452637,0.30316293239593506,0.18332118,0.9752913660674442,1.4856021404266357,0.12318840622901917,0.4136011,1.0057567194787893,2.005431652069092,0.18955975770950317,0.2594498,0.9910590359000898,1.8116520643234253,0.13821318745613098,0.44220126,1.029953007665551,1.9729679822921753,0.26966333389282227,0.19668113,0.9868512921346935,1.9605169296264648,0.13939955830574036,0.27798724,0.9961146760322868,2.2656168937683105,0.22868330776691437,0.19415085,0.9828272698984847,1.864739179611206,0.23067329823970795,0.23810929,0.9966317304150434,2.0154783725738525,0.178165003657341,0.383643,1.037926335818534,2.202219247817993,0.2523065507411957,0.4405841,0.9428052055444021,2.2624900341033936,0.21486806869506836,0.44559628,0.9247113150453187,2.0323646068573,0.2513088583946228,0.3177656,0.9622797229908979,1.8402342796325684,0.3395824432373047,0.40909618,0.8822837083943318,2.3809146881103516,0.5847532153129578,0.46494228,0.4779246911075609,1.936018705368042,0.23554299771785736,0.22955441,0.3962162988459229,2.131063938140869,0.1471576690673828,0.20767938,0.6698706764958242,3.3972198963165283
1,0.04512394592165947,0.24315956,0.7502710413161106,3.124802589416504,0.02925809845328331,0.16288906,0.5737884144305682,2.443758726119995,0.0010470036650076509,0.14617448,0.31381885991956915,1.2381558418273926,0.09841036051511765,0.4173574,0.9648063546032183,1.6482170820236206,0.19385536015033722,0.33983576,0.9481183719500685,1.8223603963851929,0.09463923424482346,0.45453677,0.9457502806602616,1.8949450254440308,0.23373019695281982,0.3623867,0.9531922896804582,1.6768162250518799,0.08460889011621475,0.38408667,0.94880703453325,1.6925640106201172,0.2922654449939728,0.2354562,0.9624283338505187,1.2324661016464233,0.06654427200555801,0.5016427,0.9803449673457563,1.9161765575408936,0.15760990977287292,0.38344276,0.9761679096967742,1.8381257057189941,0.10476706176996231,0.59914243,0.9900717170110059,2.2198543548583984,0.1575847864151001,0.32926264,0.9732631108208659,1.766645908355713,0.0818977877497673,0.39831895,0.9900427861909715,2.1893210411071777,0.1855984926223755,0.28564402,0.9736524965731895,2.0696747303009033,0.193898543715477,0.3521691,0.96735610052125,1.9864509105682373,0.05066241696476936,0.41922295,1.0060211854973728,2.0253961086273193,0.17038844525814056,0.5152906,0.9528617401468806,2.0343902111053467,0.13698932528495789,0.45097297,0.9292425768629372,1.9826514720916748,0.1846305876970291,0.3363057,0.921238951478573,1.8861467838287354,0.23083028197288513,0.5109093,0.8628319635535607,2.2945375442504883,0.5985937714576721,0.49846596,0.42595952890658684,1.873267412185669,0.24091216921806335,0.15618704,0.31027994655307356,2.1453967094421387,0.1904853880405426,0.12065145,0.5315143494516542,2.96478533744812
0,0.04549982398748398,0.24831787,0.7395345809130431,2.851672410964966,0.017706409096717834,0.15181068,0.5518097618791283,2.034029722213745,0.00033942313166335225,0.12749782,0.32317231297961013,1.041096568107605,0.11235442757606506,0.33746696,0.967619783629158,1.7670313119888306,0.20090004801750183,0.25862497,0.9520823234665642,1.8891088962554932,0.12074838578701019,0.37660164,0.9415481120399722,1.703277826309204,0.2446167916059494,0.2816837,0.9608148383466466,1.6389496326446533,0.13461285829544067,0.25426403,0.9500097995686007,1.67617666721344,0.29331478476524353,0.18664442,0.9666996893520494,1.4820629358291626,0.0786127969622612,0.4440655,0.9923417510799436,2.110489845275879,0.17422674596309662,0.30085704,0.9814193159030944,1.5669126510620117,0.09229414910078049,0.5123405,1.0091192402642075,2.124843120574951,0.20681551098823547,0.24155368,0.9767608789075027,2.2780840396881104,0.10332099348306656,0.35997784,0.9918227489113287,2.1294097900390625,0.20378082990646362,0.29603437,0.9754938355491525,2.3220160007476807,0.1925331950187683,0.3158063,0.980531750073215,1.9302784204483032,0.09926413744688034,0.38216275,1.0087671799001792,2.3352484703063965,0.1547068953514099,0.46424475,0.942152809583619,2.0029420852661133,0.14872968196868896,0.48946562,0.9313168905045194,1.9658019542694092,0.19373083114624023,0.32664055,0.9511421610981103,1.8144069910049438,0.2693406045436859,0.5007001,0.8891651742160395,2.4928054809570312,0.5853543281555176,0.47022235,0.46895576128977606,1.8954130411148071,0.24581357836723328,0.21910435,0.3872417280910274,2.2416882514953613,0.1510370373725891,0.1934581,0.64903126081001,3.3013715744018555
1,0.04048541933298111,0.24910308,0.7685748671188088,3.122291326522827,0.029897069558501244,0.17247675,0.5970980847060435,2.30000376701355,0.0004488693957682699,0.14484374,0.3252599627780568,1.113231897354126,0.10895230621099472,0.41019648,0.9672215770609955,1.5151971578598022,0.1817750334739685,0.31720302,0.9490174206618673,1.4671673774719238,0.09465519338846207,0.40536547,0.9494420950112608,1.6513086557388306,0.24095501005649567,0.3058259,0.9567360731578977,1.7492914199829102,0.0967901423573494,0.3642888,0.9490729011807874,1.4443669319152832,0.289595365524292,0.18499734,0.9636774540069429,1.6387622356414795,0.07660781592130661,0.458493,0.9919483602920006,1.9358162879943848,0.18379364907741547,0.29525372,0.9783647802462709,1.531597375869751,0.08184950798749924,0.48731536,0.9945421860336008,2.118820905685425,0.17491255700588226,0.26159167,0.9751275531489889,1.9685392379760742,0.10803503543138504,0.3280857,0.9912960488406115,2.438269853591919,0.21475166082382202,0.24155937,0.9721978033436849,1.8805413246154785,0.2381083369255066,0.2673748,0.9633116595913923,2.154332399368286,0.07044350355863571,0.41288167,0.9942334507232782,2.3081092834472656,0.17048007249832153,0.48584965,0.9351579172539876,2.021312952041626,0.17381930351257324,0.4083187,0.9151518766094394,1.9140499830245972,0.23402178287506104,0.29620415,0.9124556142265683,1.8527798652648926,0.2698279619216919,0.45680407,0.8594692654543276,2.293227434158325,0.5527884364128113,0.4740704,0.42964457606285356,1.896558403968811,0.1832367479801178,0.15652749,0.31875623272101217,2.0487890243530273,0.16137321293354034,0.12249789,0.5336294789720728,2.924318313598633
0,0.05509205907583237,0.27755338,0.7200124653571615,2.7493984699249268,0.007682273630052805,0.17846857,0.5227965009466304,1.9730485677719116,0.00038511172169819474,0.1405122,0.3143909845287135,1.2617464065551758,0.11481711268424988,0.3922402,0.9686307403461601,1.3624844551086426,0.19116085767745972,0.32158107,0.9536693318679809,2.1828060150146484,0.11559967696666718,0.42967173,0.9491883717454536,1.6280174255371094,0.2273382991552353,0.33392826,0.9640473481549795,1.9262512922286987,0.1421249806880951,0.28501675,0.9576716482693124,2.016512632369995,0.2852756083011627,0.20283887,0.9680448850656725,1.7089418172836304,0.08567861467599869,0.4445831,0.9954236938768549,1.7005658149719238,0.1709047555923462,0.31415904,0.9808034784679629,1.8188021183013916,0.09907295554876328,0.5370876,1.0180511244950667,2.1984260082244873,0.19091887772083282,0.3035746,0.98142883390166,2.391242027282715,0.08449749648571014,0.3739218,0.9903616163419673,1.9750311374664307,0.18647557497024536,0.24844824,0.9772328617292487,2.1305553913116455,0.1833808571100235,0.31215417,0.9888429656681872,2.0233559608459473,0.1279193013906479,0.37839675,1.0168949518065837,2.3992927074432373,0.21241037547588348,0.46708718,0.9582363590708295,1.8543814420700073,0.12454058229923248,0.48450223,0.9554587781455153,1.7184350490570068,0.15386416018009186,0.3592568,0.978627206868718,1.795400619506836,0.2366076409816742,0.49209565,0.9190728589621238,2.4543845653533936,0.6169249415397644,0.46956077,0.47900060666286476,1.9406087398529053,0.24539145827293396,0.20040484,0.38787896635974867,2.281863212585449,0.16586507856845856,0.1847637,0.679726813639003,3.410996437072754
0,0.03493151441216469,0.2567936,0.7334945602359073,3.0347795486450195,0.01729918271303177,0.1570793,0.5471435399215016,2.207205057144165,0.0005960982525721192,0.14806792,0.3123968519763575,1.4252736568450928,0.11040511727333069,0.36019894,0.9661441544834101,1.6933270692825317,0.2033567577600479,0.27820408,0.9509457676103716,1.864974856376648,0.10943000018596649,0.40302107,0.9507850521084251,1.7039927244186401,0.19970838725566864,0.33714467,0.9590380630111242,1.9543918371200562,0.10514265298843384,0.27923754,0.9558235071209307,1.9640332460403442,0.29660600423812866,0.21347642,0.9634122101518626,1.5513851642608643,0.05785821005702019,0.47650167,0.9846118127778768,2.2483925819396973,0.15912136435508728,0.32080948,0.9737079137693455,1.8248300552368164,0.09350746124982834,0.5469556,0.9984664907246869,2.4115991592407227,0.16333827376365662,0.28731027,0.9709469207253695,1.79497492313385,0.09056484699249268,0.40242082,0.983720433866075,2.374403238296509,0.16849197447299957,0.2986755,0.9697396720413284,2.4016122817993164,0.16224302351474762,0.3303064,0.9770481130431385,2.0863819122314453,0.06327692419290543,0.39799538,1.0085112388750055,2.172422409057617,0.11854680627584457,0.46883902,0.9527076724037705,2.055380344390869,0.10008648037910461,0.47666746,0.9438024002008566,2.036836862564087,0.13931424915790558,0.34269395,0.9637874201434514,1.857240080833435,0.18916696310043335,0.5247574,0.9136541347876032,2.3938231468200684,0.5405964255332947,0.4750359,0.48611903381731764,2.168771505355835,0.22054710984230042,0.18319787,0.3872384907898269,2.3566646575927734,0.13772761821746826,0.15351263,0.6710986238783427,3.3932652473449707
0,0.04764830321073532,0.25881496,0.7311058083675522,2.6792120933532715,0.01023841556161642,0.14971977,0.5286850621418194,1.7800794839859009,0.00016995545593090355,0.13274863,0.3139821578953546,1.1766762733459473,0.12374721467494965,0.3538215,0.969278239827929,1.7083234786987305,0.1999606490135193,0.29999572,0.9544194479512973,1.884256362915039,0.1216440498828888,0.4085415,0.944524262246637,1.9256534576416016,0.23731619119644165,0.3168504,0.9660542278628096,1.9534227848052979,0.13402236998081207,0.24385302,0.954220410345519,2.053992986679077,0.28132492303848267,0.1880872,0.9707084579036663,1.6610580682754517,0.09464452415704727,0.44831195,0.9968056369720514,2.22477650642395,0.1736181527376175,0.30340523,0.9834366292684056,1.7315905094146729,0.10065101087093353,0.5274213,1.0214622966746136,2.1100950241088867,0.17535988986492157,0.2748488,0.9837228920371639,2.2935445308685303,0.10967722535133362,0.3559854,0.99193564869854,2.328763961791992,0.20867149531841278,0.23601608,0.9800191696920654,2.0104622840881348,0.18516291677951813,0.31546086,0.9903414678599208,2.0357565879821777,0.12267158925533295,0.39907566,1.0138531178767927,2.2165815830230713,0.16793029010295868,0.4614571,0.9515334257401952,2.1935973167419434,0.1590014100074768,0.5009441,0.9462512916971998,1.9956258535385132,0.18296459317207336,0.37868556,0.9723373135223796,1.6125273704528809,0.27510693669319153,0.48041308,0.9085860511894105,2.311835765838623,0.6027103066444397,0.44352344,0.47494274691039634,1.9615304470062256,0.26955246925354004,0.20982893,0.3971871325276967,2.2789571285247803,0.14977364242076874,0.20316161,0.6791712934691922,3.400421619415283
0,0.04813413694500923,0.256351,0.7276010452282211,2.924809694290161,0.010463871993124485,0.17668317,0.529873494722463,2.185275077819824,0.00031653515179641545,0.13980429,0.31685110123849647,1.3947162628173828,0.10934087634086609,0.3727681,0.9670122975477179,1.770911455154419,0.2102443277835846,0.29136047,0.9514666024990643,1.9276654720306396,0.12422290444374084,0.41809678,0.9500990327828303,1.696120023727417,0.21819478273391724,0.3486293,0.9615290380958034,1.982769250869751,0.12381773442029953,0.27353057,0.956599448158684,1.804328441619873,0.29757821559906006,0.21390638,0.9623716226150665,1.5902855396270752,0.07065390050411224,0.4567822,0.9854576331874856,1.7564096450805664,0.1652880311012268,0.33119538,0.9760938541394588,1.6754298210144043,0.09793610125780106,0.52159035,1.0054696883647494,2.1223771572113037,0.22758087515830994,0.269296,0.9725326730845625,2.4681265354156494,0.10062491148710251,0.36917806,0.9857780903295345,2.149397850036621,0.1521320641040802,0.29246348,0.9730758076037632,2.359251022338867,0.1782238930463791,0.31691906,0.9804781939036313,2.0796658992767334,0.07261478155851364,0.39859664,1.0111748725672762,2.408869743347168,0.1256493330001831,0.48806915,0.9635155048299475,2.005342483520508,0.11023426055908203,0.47899482,0.9578280138183725,1.960161805152893,0.14197342097759247,0.35531712,0.9836035347641018,1.9308316707611084,0.20491448044776917,0.5083534,0.9301938503124011,2.208361864089966,0.5531353950500488,0.47455373,0.4931901294488907,2.1517245769500732,0.23015539348125458,0.19345894,0.41385598935439977,2.3952243328094482,0.15702803432941437,0.1722979,0.6891930434108909,3.4837658405303955
0,0.04794361814856529,0.22988364,0.7314860983649849,3.1195199489593506,0.01633344404399395,0.20507942,0.5443477899480965,2.338918924331665,0.0003988205862697214,0.1509839,0.31453077738553004,1.6556859016418457,0.11034965515136719,0.39405113,0.9656584814591181,1.9307760000228882,0.20764906704425812,0.3156772,0.9479065026850694,1.855526328086853,0.09258046746253967,0.42636043,0.9500260280694374,1.8615188598632812,0.20100824534893036,0.3626319,0.9554144324391187,2.2146196365356445,0.125372514128685,0.2914511,0.9544681343777447,1.8232189416885376,0.2828003168106079,0.21269478,0.958165053107276,1.4844779968261719,0.06226609647274017,0.498946,0.983273965595175,1.9634325504302979,0.17337755858898163,0.3449212,0.9703460599372465,1.893654465675354,0.06201890483498573,0.5655831,0.9971270944585457,2.035095691680908,0.19810950756072998,0.31397298,0.9673518248033661,2.412808895111084,0.10163357108831406,0.42841122,0.9849504341958507,2.410275936126709,0.15515874326229095,0.33433393,0.9680550615165923,2.2189433574676514,0.16654525697231293,0.38412338,0.9750200418712923,2.1318790912628174,0.06307040899991989,0.41113228,1.0055746141645079,2.310703754425049,0.09143728762865067,0.4819672,0.9608805416977814,1.9259272813796997,0.08920396864414215,0.48125923,0.957710198873045,2.1646652221679688,0.12947872281074524,0.35610098,0.9725162519655165,1.8176586627960205,0.1532054990530014,0.5555396,0.9276218095684192,2.32482647895813,0.516956090927124,0.49459335,0.4794250282458856,2.239372730255127,0.20944532752037048,0.18363681,0.3941861626192704,2.3275275230407715,0.12947289645671844,0.15966848,0.6766416927103949,3.4383544921875
1,0.02709553763270378,0.25620475,0.7440376996920544,2.660137176513672,0.018152059987187386,0.1554889,0.5625522106122713,1.9527239799499512,0.00026953761698678136,0.12010676,0.3186992628107963,1.2760616540908813,0.14392338693141937,0.37677613,0.9650128846307369,1.1510560512542725,0.19440628588199615,0.29553747,0.9553412893697619,1.408950686454773,0.10747211426496506,0.45269233,0.9439499644804661,1.7571425437927246,0.267808198928833,0.33240458,0.9613181934815653,1.523058533668518,0.12014835327863693,0.29823238,0.9442565955511701,1.3256525993347168,0.2789430320262909,0.18273067,0.9673128834050556,1.3721871376037598,0.09681162983179092,0.40524334,0.9974003174661634,2.0096287727355957,0.21867623925209045,0.35389987,0.983938075539818,1.4129364490509033,0.12185777723789215,0.46809486,0.9940697279691161,1.8401049375534058,0.24166399240493774,0.26000038,0.981184263460642,1.6909079551696777,0.1096087396144867,0.21546479,0.9892987899424671,2.025240659713745,0.2443482130765915,0.2746797,0.9791171630945311,2.281472682952881,0.2408778965473175,0.2739218,0.9726950496026068,1.8774038553237915,0.12329581379890442,0.29901677,1.0031158213535856,2.1722488403320312,0.29312747716903687,0.4156492,0.9420073406917918,2.021273612976074,0.21836791932582855,0.43806502,0.9285725144107624,2.0043716430664062,0.266011506319046,0.29037082,0.9280680927942188,1.8904131650924683,0.32363957166671753,0.46467772,0.855204637592424,2.156017541885376,0.6233797073364258,0.5016029,0.4029509642180755,1.7554579973220825,0.2307492196559906,0.19460592,0.29502903522814805,1.9567991495132446,0.16415682435035706,0.16482419,0.5382176983808428,2.8985931873321533
0,0.03041120618581772,0.2564275,0.7370716865589396,3.052894353866577,0.018458418548107147,0.15835506,0.551437814592704,2.2586376667022705,0.0005447407020255923,0.14619079,0.3139420632958315,1.453298568725586,0.10741179436445236,0.3612407,0.9660023512070678,1.7994712591171265,0.19227121770381927,0.28315458,0.9512880837472514,1.9027401208877563,0.11294063180685043,0.40592098,0.9509262909875931,1.7639117240905762,0.22592684626579285,0.34301364,0.9595497948693981,1.9360319375991821,0.1197049468755722,0.2839893,0.9555030544959484,1.8589922189712524,0.30730167031288147,0.20483108,0.9632066290723924,1.587825894355774,0.06317736208438873,0.48270044,0.9846881031398049,2.2481329441070557,0.17904043197631836,0.33620164,0.9738469545923667,1.6455012559890747,0.07395713031291962,0.53676146,0.9977766475287021,2.063472032546997,0.15711498260498047,0.27649692,0.9704632253751989,2.2400965690612793,0.0880122184753418,0.41717505,0.9833163804149186,2.207162857055664,0.1633138209581375,0.31022242,0.9691932423746075,2.212245464324951,0.1619967520236969,0.34188882,0.9766810140275007,2.2101588249206543,0.05962560698390007,0.4000418,1.0062663527210267,2.221475601196289,0.11868029832839966,0.46569085,0.9497320682831298,1.8736449480056763,0.09767832607030869,0.46513066,0.9410184200288666,2.0563549995422363,0.1442454755306244,0.35142422,0.9629198946565477,1.9647935628890991,0.19535887241363525,0.52755713,0.9132103392853144,2.4738516807556152,0.5387686491012573,0.48526204,0.48597981652404165,2.076179027557373,0.2197658121585846,0.17701393,0.38920598766252745,2.339355230331421,0.1389719694852829,0.15420207,0.6709083991644426,3.3740103244781494
1,0.028476659208536148,0.23247626,0.729778200862611,2.420797109603882,0.011637630872428417,0.10897126,0.5307048556792124,1.694712519645691,0.00026133752544410527,0.09006081,0.3151492695157118,1.4285221099853516,0.1411423236131668,0.3191289,0.9668436038678118,1.6606084108352661,0.20694978535175323,0.23597683,0.9535285844381919,1.7593183517456055,0.10955105721950531,0.37266433,0.9379712867636845,1.8491238355636597,0.2841169238090515,0.27217144,0.9647165404436534,1.5597996711730957,0.14324598014354706,0.23031223,0.943862848607163,1.6140525341033936,0.2812217175960541,0.17841056,0.9713238983642403,1.4940836429595947,0.10305874049663544,0.41423568,1.0035041151078958,2.174009084701538,0.19775092601776123,0.2591308,0.988467361768141,1.720153570175171,0.11999045312404633,0.4755226,1.0249009734442278,1.9593713283538818,0.22593331336975098,0.23307928,0.9864991857732934,2.141627550125122,0.1236744076013565,0.28903142,0.9940678752695048,2.522732734680176,0.22619286179542542,0.21635437,0.9827721332513115,2.1622891426086426,0.21634727716445923,0.26462704,0.996601876177856,2.0503923892974854,0.16542965173721313,0.34415025,1.0469577093256397,2.3663578033447266,0.29672178626060486,0.42090094,0.965940096045948,2.2779464721679688,0.18703977763652802,0.45383734,0.9551748181878392,2.070435047149658,0.21086424589157104,0.32736996,0.9809380024768903,1.8927048444747925,0.28886792063713074,0.42853847,0.8902413998961215,2.3830363750457764,0.5773476362228394,0.45959732,0.4557840460375219,1.9512381553649902,0.24138429760932922,0.22165191,0.3876398852014824,2.053051710128784,0.14848098158836365,0.21442129,0.6704198972755899,3.3112800121307373
1,0.04450081288814545,0.27135083,0.7363207245365759,2.8964478969573975,0.026031574234366417,0.17440361,0.5734507942156514,2.126983165740967,0.0006262820097617805,0.13213262,0.31928176368046013,1.462302327156067,0.10397545248270035,0.39107844,0.9645837535682992,1.7435131072998047,0.17470122873783112,0.31717116,0.9512081840935893,1.6007335186004639,0.10822620242834091,0.444047,0.9449114807167208,1.8696955442428589,0.227951779961586,0.31398994,0.9544061957387068,1.8941007852554321,0.10763947665691376,0.31326613,0.946426290393426,1.4308947324752808,0.2783203423023224,0.20401487,0.963347563660217,1.441575288772583,0.07558153569698334,0.46561643,0.9776375349979467,1.7681238651275635,0.1588452160358429,0.32331264,0.9738666154567759,1.9112188816070557,0.08678032457828522,0.53704846,0.9862719840360366,2.232116937637329,0.19085590541362762,0.28132677,0.9764220566885286,1.8207124471664429,0.09532441198825836,0.3215595,0.9877972467521999,1.618560791015625,0.1832127422094345,0.26659477,0.9724686915908778,2.163325309753418,0.17930954694747925,0.2780822,0.9673318567481,2.2477288246154785,0.10181965678930283,0.3929342,0.9955674781644478,2.007838010787964,0.17596323788166046,0.42395607,0.927649152827719,1.8844283819198608,0.16935616731643677,0.43622988,0.9101307296353676,1.6655524969100952,0.2083204984664917,0.30322,0.9217474221535235,1.7176896333694458,0.2703964114189148,0.438963,0.8629762376057286,2.1415512561798096,0.5962269306182861,0.50144756,0.405496139412948,1.727602243423462,0.20101559162139893,0.18178417,0.299847865549477,1.96497642993927,0.13465872406959534,0.14067443,0.5412614427082549,2.9934239387512207
1,0.03732752799987793,0.26038608,0.7345974576946565,3.043328285217285,0.021059034392237663,0.17129788,0.548545989359145,2.295370101928711,0.0005219191662035882,0.15188998,0.3168477565935868,1.2723685503005981,0.1090986579656601,0.36959556,0.9665389721650789,1.656704306602478,0.18850305676460266,0.2906707,0.950632928673554,2.0516345500946045,0.12121313065290451,0.39032415,0.950703601630038,1.8112566471099854,0.20264646410942078,0.33587843,0.9582697021811106,2.001619815826416,0.10661705583333969,0.276943,0.9567512863265778,1.7043085098266602,0.3069428503513336,0.21427478,0.9631420700156711,1.4788389205932617,0.061522744596004486,0.47550178,0.9854953561497777,1.9852650165557861,0.14906783401966095,0.31822965,0.9743800629381694,1.6658828258514404,0.07490530610084534,0.55430186,0.9996616045911764,2.2183618545532227,0.181017205119133,0.28296727,0.970888643207406,2.197134494781494,0.08460097014904022,0.40704843,0.9820400168509072,2.18562650680542,0.14922916889190674,0.29910934,0.9707701164179221,2.3362975120544434,0.16466669738292694,0.32400966,0.9778248127872982,1.7870022058486938,0.054441798478364944,0.4017872,1.0068984406652948,2.304365396499634,0.0987924337387085,0.4818607,0.9572523157866193,2.051758289337158,0.10062269121408463,0.4766981,0.9519677383138448,2.0317752361297607,0.1415998935699463,0.35928014,0.9734352759095596,1.8348965644836426,0.18383391201496124,0.504202,0.9172943559953344,2.627288341522217,0.5337724685668945,0.4667457,0.4878776170138603,2.1822526454925537,0.22888785600662231,0.18292929,0.3902198310575958,2.3338751792907715,0.13719041645526886,0.14741454,0.6788246034997779,3.450183868408203
1,0.046821314841508865,0.2863346,0.7273590074788269,3.5844383239746094,0.043492015451192856,0.21542703,0.5661012104759928,3.04990553855896,0.0006679702783003449,0.14929193,0.30827358256360887,1.9976574182510376,0.07984883338212967,0.43862224,0.9505478204120903,2.110367774963379,0.1576431840658188,0.3691277,0.9298020403752811,2.110891819000244,0.08327532559633255,0.46462694,0.941267376240529,2.2158138751983643,0.16456098854541779,0.42279723,0.9310928428503207,2.235893487930298,0.0833684578537941,0.36304748,0.9439956519964106,2.1266188621520996,0.19592206180095673,0.24760202,0.9368188305032822,2.1341323852539062,0.049807511270046234,0.54414743,0.9627503579537968,2.0362918376922607,0.12337858974933624,0.39296108,0.9497510545570034,2.099012613296509,0.04640131816267967,0.6462642,0.9680341015347076,2.0602216720581055,0.15119852125644684,0.35073152,0.9463551314656968,2.259700298309326,0.09928542375564575,0.46016178,0.9600209200314571,2.116945505142212,0.09312907606363297,0.35908008,0.9514484280840236,2.2239418029785156,0.12474607676267624,0.4067905,0.9522139621782443,2.2905631065368652,0.02691151574254036,0.40498075,0.9807378160305275,1.434442162513733,0.07349356263875961,0.5232396,0.9490640350729869,1.87867271900177,0.05891813710331917,0.53655183,0.9429368828486808,2.093121290206909,0.11254094541072845,0.39506426,0.9483221356628843,2.3682656288146973,0.07771212607622147,0.50663954,0.927039084343599,2.404811382293701,0.426196426153183,0.5275862,0.5179269908660108,2.6015448570251465,0.18251024186611176,0.13572393,0.3937445007328861,2.729518175125122,0.14850527048110962,0.10688082,0.668197162345426,3.5721004009246826
1,0.03966211900115013,0.26648918,0.7638336232569066,2.9341907501220703,0.033270686864852905,0.18734097,0.588242206687017,2.1796462535858154,0.000775040069129318,0.13739121,0.3173521636387371,1.1329433917999268,0.1228642389178276,0.3959927,0.9684141415111059,1.387372374534607,0.17941814661026,0.33173698,0.9515116775145959,1.890513300895691,0.10039902478456497,0.4263922,0.9491369147274662,1.6829184293746948,0.2507336139678955,0.31836283,0.9528001433478516,1.801020622253418,0.11125706136226654,0.35189915,0.9449880431344266,1.529342770576477,0.2759755849838257,0.19383612,0.9637933016696136,1.5145237445831299,0.10191237926483154,0.45404136,0.9872365131962305,1.776146411895752,0.1724168211221695,0.311183,0.9766510288211153,2.131826877593994,0.0887937992811203,0.50742435,0.9943465682021919,2.3824634552001953,0.18894600868225098,0.24795768,0.9734017137751314,2.1234564781188965,0.11428659409284592,0.32974806,0.9936250697648776,2.524292469024658,0.2328348308801651,0.2482895,0.9718722783379758,2.3845112323760986,0.2788364291191101,0.26810223,0.9659709710769304,2.167228937149048,0.0757676437497139,0.43736637,1.0067712271967781,2.3938822746276855,0.19699421525001526,0.47977972,0.9320311715584042,2.0517499446868896,0.21903018653392792,0.4170935,0.9108385124644679,1.951956868171692,0.26095515489578247,0.29557055,0.9052531208357912,1.6546908617019653,0.29302072525024414,0.45811534,0.8428408439671828,2.2668561935424805,0.6136332750320435,0.44925025,0.39903093326018585,1.7095839977264404,0.21974334120750427,0.18264809,0.30239755558812975,2.0305089950561523,0.1900220513343811,0.14244986,0.47095415777435107,2.616384983062744
0,0.03170512244105339,0.2598872,0.7369360284348505,2.6554126739501953,0.015425136312842369,0.1299267,0.5438436969745157,1.8364614248275757,0.0002461565309204161,0.12208323,0.3168549272526819,1.0250365734100342,0.11482613533735275,0.3232646,0.9684696857576734,1.7812323570251465,0.18783484399318695,0.23670995,0.9537919454695327,1.885328769683838,0.11695609986782074,0.3804594,0.9417132477695476,1.668266773223877,0.26126354932785034,0.26759994,0.9645211563474968,1.7264304161071777,0.1361510455608368,0.2496814,0.9514274891171183,1.976633906364441,0.2873465418815613,0.18918897,0.9715273046566978,1.6895885467529297,0.11925070732831955,0.42136142,1.0023300181822319,1.8390607833862305,0.19413608312606812,0.24946678,0.9855484162260032,1.9179954528808594,0.11760709434747696,0.50106955,1.0256535698710516,2.3422646522521973,0.2099929004907608,0.2322707,0.9835862681178801,2.179515838623047,0.10646143555641174,0.3275234,0.993172360223294,2.059779644012451,0.20711643993854523,0.22043611,0.9802091861096465,2.090899705886841,0.20162828266620636,0.26730186,0.9907304013567263,1.9264367818832397,0.10796476155519485,0.38361686,1.0154020080521013,2.0734012126922607,0.21845944225788116,0.45269924,0.936346021948505,2.2623355388641357,0.16619086265563965,0.43067032,0.9268452916920398,1.8670645952224731,0.20822498202323914,0.30331707,0.9560019105718633,1.767569899559021,0.2902464270591736,0.46315527,0.8884747681208229,2.2605557441711426,0.6184847354888916,0.4677846,0.4830694612938854,1.8618141412734985,0.24128708243370056,0.22067423,0.38844525423028886,2.2600278854370117,0.14691123366355896,0.20460208,0.659650358466445,3.3077731132507324
0,0.04406581073999405,0.2699362,0.7403979504636152,3.0439038276672363,0.017433665692806244,0.14890608,0.5571257100223258,2.2374064922332764,0.0005111594218760729,0.14664936,0.3176145242831719,1.4094736576080322,0.11284642666578293,0.3447373,0.9668956455054455,1.6667321920394897,0.1927410215139389,0.27039787,0.9518860028947417,1.9382169246673584,0.09416911751031876,0.3933348,0.9507457548740248,1.7146167755126953,0.21217374503612518,0.32436898,0.9600686747463929,1.9863159656524658,0.11344464868307114,0.27580222,0.9561732357430819,1.9009084701538086,0.3079843521118164,0.19669151,0.9642022116088069,1.5370757579803467,0.06429902464151382,0.48204744,0.98617027221249,1.9895074367523193,0.15755130350589752,0.3236728,0.9749904086968434,1.7863121032714844,0.0714956596493721,0.52250683,0.9998281427152218,2.319601535797119,0.17088435590267181,0.26413473,0.9720572257191139,2.0417964458465576,0.08491545915603638,0.3984719,0.9843855916927882,2.41715669631958,0.1783408671617508,0.29395393,0.9702958407341611,2.148303985595703,0.1678524762392044,0.3247046,0.9780657835384088,1.7832920551300049,0.06823036074638367,0.39377517,1.0107639603527652,2.2138559818267822,0.1478690654039383,0.467957,0.9503362627999381,2.0824742317199707,0.1056026741862297,0.443114,0.9401093865479716,2.0297787189483643,0.14408820867538452,0.32862902,0.9618120464340214,1.9927120208740234,0.18206390738487244,0.5138989,0.9103219584143326,2.5703206062316895,0.5416243672370911,0.5010427,0.48286917880294894,2.063020706176758,0.2246277928352356,0.17823617,0.3861786468318636,2.287834644317627,0.1307443529367447,0.15950589,0.6708025437466175,3.3799147605895996
0,0.056784551590681076,0.24661964,0.731026143262128,3.0780351161956787,0.017593957483768463,0.16593713,0.5417090853890213,2.254343271255493,0.00045961554860696197,0.1484704,0.31469030142439897,1.368736743927002,0.10065940767526627,0.36444137,0.9656786420395169,1.873521327972412,0.18246683478355408,0.28096935,0.9503609720995491,2.1366875171661377,0.10455761849880219,0.4026248,0.9516282866438149,1.8930811882019043,0.20952960848808289,0.34683764,0.9590146397757493,1.6795653104782104,0.1112016811966896,0.26581037,0.9567061939261928,1.7308385372161865,0.28480514883995056,0.20996961,0.9620141370437172,1.4672706127166748,0.06152331456542015,0.4811776,0.9835369830997269,1.9412434101104736,0.16787900030612946,0.3198563,0.9721913102985811,1.8004450798034668,0.07010415941476822,0.55640525,0.9972752872304635,2.30948805809021,0.17466546595096588,0.28349057,0.9701694272438808,2.4163758754730225,0.08538644760847092,0.39731213,0.9824717435814772,2.392618179321289,0.16762572526931763,0.29560602,0.9678214539679539,2.432661294937134,0.14271871745586395,0.33907983,0.9762899287500972,2.268868923187256,0.05587371811270714,0.4122679,1.0064398089613382,1.9478764533996582,0.10992636531591415,0.46992847,0.9544723175423301,1.9056727886199951,0.09557655453681946,0.48629355,0.9474809946438429,1.9565174579620361,0.1394096463918686,0.3522697,0.9679922576026474,1.840116262435913,0.1675405353307724,0.5301341,0.9184931826954779,2.415786027908325,0.528152346611023,0.478552,0.4913199673614272,2.1684765815734863,0.22033865749835968,0.17885116,0.3927321713778295,2.400200366973877,0.15317898988723755,0.15223746,0.6765600852234659,3.442070484161377
0,0.04711265116930008,0.26380533,0.7333501147788014,2.787320613861084,0.014345345087349415,0.15645292,0.5440970818035523,1.9926007986068726,0.0002243609051220119,0.1270553,0.3167475871041423,0.9825648069381714,0.11918459832668304,0.3143955,0.9689549064715637,1.8079538345336914,0.20835581421852112,0.24779046,0.9531893611121858,1.9070953130722046,0.13969428837299347,0.36640927,0.943773912790081,1.7874062061309814,0.22678326070308685,0.27205575,0.961648192569042,2.0523455142974854,0.13567298650741577,0.2582037,0.9527236086534927,1.6967973709106445,0.31578686833381653,0.18434308,0.9652310767489806,1.5181092023849487,0.08714818954467773,0.42377445,0.9922960174544122,2.1248488426208496,0.17223215103149414,0.31370193,0.9817259707922403,1.325589656829834,0.09132226556539536,0.46738493,1.007446308460942,1.8786289691925049,0.20999915897846222,0.22865328,0.9730053522263344,2.4577419757843018,0.11518649756908417,0.31174538,0.9860300691097719,2.1232542991638184,0.17874647676944733,0.2900366,0.9750208259700794,2.1926052570343018,0.1812891811132431,0.27592012,0.980497460762135,2.0220067501068115,0.13932432234287262,0.36386013,1.003260261439003,2.318020820617676,0.16120880842208862,0.43667197,0.9483779114721596,2.1962063312530518,0.12330671399831772,0.44696584,0.9411958864667882,1.912261724472046,0.17399920523166656,0.30070537,0.9685635096773898,1.719660997390747,0.23297668993473053,0.47111917,0.9076202882395009,2.536550760269165,0.5717839598655701,0.48846853,0.47228028817902373,2.0260696411132812,0.21673619747161865,0.20950852,0.38966327762889313,2.230441093444824,0.1497996598482132,0.1856929,0.6628621131647711,3.3076939582824707
0,0.04610108956694603,0.24527209,0.7181619277734922,2.954378604888916,0.01508342009037733,0.17008576,0.52830969421176,2.1920933723449707,0.0005826952983625233,0.14197007,0.3110484961640441,1.1937891244888306,0.10837382078170776,0.35984448,0.9664897440320367,2.0294673442840576,0.2140071839094162,0.28662893,0.9499753868141373,1.9945642948150635,0.09969095140695572,0.41160527,0.9498006161110292,1.7784875631332397,0.20307999849319458,0.32878983,0.9569628070646946,2.0495834350585938,0.13844488561153412,0.27223063,0.9548045841996348,1.8654992580413818,0.2868649661540985,0.2018091,0.9598364599683231,1.5705196857452393,0.07453402131795883,0.47677404,0.9854862131511108,2.075788974761963,0.17087019979953766,0.33801356,0.9725998102129694,1.7065510749816895,0.06824108213186264,0.55504584,0.9999111856442852,1.7644627094268799,0.17553111910820007,0.26776478,0.9672397138999103,2.135610342025757,0.08958066254854202,0.36622813,0.9801922304667997,2.3713245391845703,0.1759359985589981,0.30283695,0.9681191706100317,2.3052144050598145,0.15530338883399963,0.30546257,0.9733192976156623,1.9995372295379639,0.08096931129693985,0.3839885,0.9995438701008584,2.206193208694458,0.10191631317138672,0.47217238,0.9537229933952334,1.9110639095306396,0.10370698571205139,0.46326575,0.9511348489218634,1.8107757568359375,0.11953534930944443,0.32120928,0.9669983088325586,1.9125467538833618,0.19747738540172577,0.50032175,0.9202084857805065,2.235940933227539,0.5345262289047241,0.50154316,0.4746019601257662,2.14973783493042,0.22125515341758728,0.19561228,0.3923478019158269,2.41650390625,0.13003776967525482,0.17324096,0.6659083892823208,3.412421226501465
0,0.034124068915843964,0.24942705,0.7358557327146398,3.0393543243408203,0.015998197719454765,0.13181955,0.5428257875055094,2.2098629474639893,0.0003674678155221045,0.1380038,0.31771211129158655,1.172113299369812,0.10631321370601654,0.34708622,0.9666579220005425,1.7908074855804443,0.1838139146566391,0.25990564,0.9505411495904195,2.1027321815490723,0.10019657760858536,0.3847332,0.9466898198768577,1.9968492984771729,0.22764801979064941,0.30892602,0.9577365151790092,1.9249601364135742,0.11704988777637482,0.25788975,0.9522715664866791,1.817255973815918,0.28812140226364136,0.18703772,0.9614129910663063,1.4912397861480713,0.06921868026256561,0.46947438,0.9839257386573181,1.675196647644043,0.1604342758655548,0.29716486,0.973340017819224,1.4906156063079834,0.07256946712732315,0.5483625,1.0007158690072901,2.0208044052124023,0.2303789258003235,0.24115281,0.9717750352353155,2.3150410652160645,0.08156641572713852,0.36308712,0.9873489139060541,2.276494264602661,0.16405579447746277,0.22826184,0.9684031083388941,2.1254096031188965,0.15442341566085815,0.28943744,0.9764515541511385,2.0405070781707764,0.06894190609455109,0.4074934,1.0069725515058576,2.123509407043457,0.11355799436569214,0.46424687,0.9516713577649379,2.044118881225586,0.10702737420797348,0.45315993,0.9422978239035125,1.9658918380737305,0.14453847706317902,0.33360752,0.9634747089801807,1.7971657514572144,0.17461122572422028,0.47414446,0.9167275879945891,2.5115373134613037,0.5405252575874329,0.49230874,0.48719378417495496,2.1622753143310547,0.2510712444782257,0.2000576,0.396693546373194,2.3208460807800293,0.13472050428390503,0.1730656,0.6609063866071154,3.344137668609619
0,0.04418950900435448,0.26347438,0.7385702980092851,3.013878107070923,0.018640387803316116,0.1606673,0.5534447769413587,2.269852876663208,0.0007085474207997322,0.1480672,0.3160408180012771,1.4168795347213745,0.11080998927354813,0.3605897,0.9665012180243346,1.571315884590149,0.1917565017938614,0.28035966,0.9517242164603471,1.881201148033142,0.12454642355442047,0.40103152,0.950744329985273,1.797516107559204,0.2099033147096634,0.33253506,0.959595630946402,1.9916386604309082,0.11306361854076385,0.27160552,0.955581290824724,1.7239638566970825,0.2891450822353363,0.19961955,0.9636542722349677,1.4735454320907593,0.06579361110925674,0.47899607,0.9849247134724585,1.9746218919754028,0.16333535313606262,0.31624508,0.9744582195030751,1.894951343536377,0.0736088827252388,0.53666955,0.9985793521636638,2.060093402862549,0.16465188562870026,0.2609413,0.9709453594910274,2.292285680770874,0.09210288524627686,0.40802813,0.9842420831063322,1.9850283861160278,0.17576533555984497,0.30094284,0.9697979210280361,2.236152172088623,0.17619666457176208,0.33054125,0.977143151775099,2.176504611968994,0.06678380072116852,0.39878392,1.0080026057706593,2.2574357986450195,0.12017802894115448,0.46092448,0.9493472963628328,2.099867582321167,0.1034589558839798,0.4419283,0.9402712340398809,2.132852077484131,0.1492716521024704,0.34009686,0.9623395948546508,1.9431594610214233,0.18774749338626862,0.52229613,0.9109913726720076,2.318824291229248,0.5403438806533813,0.47783804,0.48441566967936606,2.1459343433380127,0.22115930914878845,0.18220574,0.3853383607934791,2.293142318725586,0.14150680601596832,0.1511299,0.6703664534386582,3.3635072708129883
0,0.051193129271268845,0.22164407,0.7326670393377516,3.241896390914917,0.02082040347158909,0.1711795,0.5508212538091783,2.501601457595825,0.00048653350677341223,0.14174563,0.31337822395674647,1.595350980758667,0.10193527489900589,0.37634555,0.9633350355580325,1.7201019525527954,0.1795872449874878,0.29487285,0.9457451827098483,2.136821985244751,0.10582754760980606,0.41301697,0.9485830068737996,1.9246636629104614,0.19369915127754211,0.35772258,0.952143272486704,1.9180874824523926,0.09681335091590881,0.28715757,0.9539015954425215,1.9066658020019531,0.2795524001121521,0.2038668,0.9567962660463917,1.5879580974578857,0.053116582334041595,0.52151364,0.9808970945873821,1.5119519233703613,0.15720871090888977,0.3163777,0.9683930520559763,1.5362846851348877,0.0700085461139679,0.54364055,0.9942820463275386,2.5584592819213867,0.1588720977306366,0.27797863,0.9648832865069259,2.1519103050231934,0.09962082654237747,0.4257837,0.9822212310611618,2.359403371810913,0.12034883350133896,0.2807281,0.9666270626381971,2.5902364253997803,0.1290094256401062,0.34338325,0.974425188479882,2.2517056465148926,0.04715942218899727,0.40964296,1.0013929938953408,2.127185821533203,0.08446073532104492,0.47750142,0.9579207038544142,2.122053623199463,0.08161561191082001,0.5125478,0.9508626214541008,1.9798879623413086,0.1168973296880722,0.36372957,0.9717299318304009,2.0686066150665283,0.13997423648834229,0.5431505,0.9268006947995199,2.441530466079712,0.4998552203178406,0.49318704,0.49454648727843026,2.2949819564819336,0.224349245429039,0.17794149,0.3982221007590947,2.3720247745513916,0.1425284594297409,0.15275303,0.6834817512468274,3.480886936187744
0,0.04478207603096962,0.23860683,0.7333767905232464,3.1689646244049072,0.021019088104367256,0.17347233,0.5490985074385882,2.4012291431427,0.0006381779094226658,0.15433943,0.31841728910651573,1.567775845527649,0.11228092014789581,0.37504825,0.9639939842242522,1.8568941354751587,0.18260963261127472,0.28840587,0.9471266445615901,1.8726263046264648,0.1250469982624054,0.39979103,0.9484153867511589,1.6635594367980957,0.22785869240760803,0.35531604,0.9545199286090611,1.700336217880249,0.12445823103189468,0.2624322,0.9538222342313165,1.9460128545761108,0.27449831366539,0.21857853,0.9593655037764365,1.4248348474502563,0.05782099813222885,0.5095444,0.979109805567563,1.9197732210159302,0.16140177845954895,0.31158525,0.9703888674487376,1.645416498184204,0.056007519364356995,0.5505877,0.9943311220366748,2.4490227699279785,0.1550254225730896,0.2784516,0.9673319922651618,2.1483144760131836,0.07365566492080688,0.40623656,0.9817427236070295,2.4284753799438477,0.14067469537258148,0.27707058,0.9669244145119668,2.096207857131958,0.15704931318759918,0.33060557,0.9736700595277694,2.2860844135284424,0.043193455785512924,0.4016738,1.0067361778318216,2.290008306503296,0.09362859278917313,0.48780373,0.9584284417058191,2.022307872772217,0.08427178114652634,0.47953823,0.9526888843832383,1.9986793994903564,0.13620395958423615,0.36437508,0.9686697472255343,1.8211894035339355,0.14659905433654785,0.5141057,0.9270584557768748,2.5642588138580322,0.5134917497634888,0.47227985,0.4810046955579191,2.260249614715576,0.2408694177865982,0.17829244,0.39045525521844987,2.3314743041992188,0.15391282737255096,0.14402215,0.684850307042487,3.4297690391540527
0,0.02754187025129795,0.2505966,0.7410288847112396,2.656388759613037,0.013219060376286507,0.14289834,0.5628196003311938,2.0068936347961426,0.0005787855479866266,0.1202014,0.31874907192395746,0.959725558757782,0.11462520062923431,0.321606,0.9661241157232704,1.846046805381775,0.16726253926753998,0.24670917,0.9512265760255603,1.858341932296753,0.10467621684074402,0.36672696,0.9387518977332157,1.3723397254943848,0.2399512231349945,0.26347747,0.9632739772794381,1.7272433042526245,0.12243183702230453,0.25461125,0.9511513627606153,1.4808176755905151,0.3026631474494934,0.1825862,0.9727842109508988,1.5432854890823364,0.08869995176792145,0.4265922,1.0023379799955239,1.9220727682113647,0.19375573098659515,0.29176006,0.9849329539440517,1.761593222618103,0.11563152819871902,0.48110652,1.0094201411903334,2.35259747505188,0.19765126705169678,0.23049822,0.9776993625443422,2.4067814350128174,0.11899169534444809,0.32951725,0.9900176263391878,2.3844618797302246,0.200613871216774,0.25872526,0.9761081056265144,2.275355577468872,0.1997525840997696,0.30019173,0.9816857291831831,1.9481391906738281,0.1175030842423439,0.3852651,1.0011532538957835,2.3924381732940674,0.19496725499629974,0.42054415,0.92974843840406,1.9910926818847656,0.17347575724124908,0.4447207,0.9120756878435616,2.09787654876709,0.19164952635765076,0.31515324,0.9447517807326705,1.9801563024520874,0.26092737913131714,0.45382994,0.878133577686047,2.516707420349121,0.5623572468757629,0.5108821,0.4746767631921115,1.9596363306045532,0.216543510556221,0.21046455,0.3774744132185932,2.124264717102051,0.11825781315565109,0.19557752,0.6162729196661159,2.9821743965148926
1,0.02198815904557705,0.2204865,0.7392949328380242,2.374629259109497,0.010241779498755932,0.11651409,0.5433050855340293,1.6164747476577759,0.00033922676811926067,0.0972503,0.32197935378819464,1.3205801248550415,0.14245174825191498,0.30816755,0.9667375538557472,1.7183195352554321,0.2271498143672943,0.23539539,0.9524301254691009,1.7518043518066406,0.12848058342933655,0.36125538,0.9352762017518333,1.6570327281951904,0.26836562156677246,0.26325756,0.9688436723572149,1.5096420049667358,0.16659806668758392,0.22399695,0.9456093705376716,1.6752331256866455,0.2920515239238739,0.17650077,0.9740305904957248,1.471968412399292,0.1261875480413437,0.4226687,1.007110195496632,2.067445993423462,0.21009711921215057,0.26614383,0.992995680450286,1.7758355140686035,0.1339271068572998,0.45669383,1.0322199325963028,2.1071314811706543,0.24727821350097656,0.2059081,0.9893202503792969,2.1036314964294434,0.13336017727851868,0.29429096,0.9993666386608931,2.4785683155059814,0.24855220317840576,0.2071171,0.982169646846333,2.1210598945617676,0.23997026681900024,0.23996612,0.9914443803999795,1.9869340658187866,0.197303906083107,0.39805713,1.0279312477524367,2.188241720199585,0.2676420211791992,0.44009948,0.9348875461573951,2.371187925338745,0.22434034943580627,0.4312414,0.9189874583454845,2.205443859100342,0.24710552394390106,0.3150507,0.9621723817953786,1.906378149986267,0.35483282804489136,0.41348618,0.8731591654574498,2.384394407272339,0.5985313653945923,0.4448836,0.46681510900801293,1.8475217819213867,0.2368747740983963,0.23640843,0.39195706615080184,2.21475887298584,0.14197029173374176,0.23680814,0.6551690869807063,3.2716434001922607
0,0.029759889468550682,0.2242263,0.7383224998609957,2.5842318534851074,0.010672862641513348,0.113439515,0.5410142890751957,1.7905079126358032,0.00019489266560412943,0.09224534,0.31974408911304936,1.0588417053222656,0.12991882860660553,0.31051877,0.9684785989973601,1.8353419303894043,0.19329644739627838,0.23939627,0.9539971281083882,1.7872636318206787,0.12013647705316544,0.35777503,0.9395848332227023,1.8417742252349854,0.2726014256477356,0.2431511,0.965907432974543,1.5523263216018677,0.13280652463436127,0.23554884,0.9440343036356835,1.4187473058700562,0.2914305329322815,0.1704046,0.9708185531099078,1.51898992061615,0.09067529439926147,0.4043646,0.9956124851377453,2.1121504306793213,0.1941574513912201,0.25155222,0.9873840853788325,1.656481146812439,0.11563705652952194,0.41939974,1.0154156734785729,1.7395790815353394,0.24030202627182007,0.2121035,0.984726735718832,1.972473382949829,0.12072302401065826,0.26422447,0.996887723371568,2.5431666374206543,0.22445020079612732,0.19448492,0.9798401787721802,2.24687123298645,0.2183791995048523,0.22814569,0.9879377860564897,2.048563241958618,0.21359026432037354,0.38847858,1.0200187589780387,2.1839964389801025,0.23790819942951202,0.3952918,0.939116478384203,2.250403881072998,0.17933493852615356,0.3895493,0.928598797285666,2.002527952194214,0.22651749849319458,0.30245897,0.9613076489370396,1.8578485250473022,0.29113417863845825,0.42131826,0.8864108225005317,2.4655168056488037,0.5709325671195984,0.46849972,0.4663278803268641,2.002718687057495,0.21795371174812317,0.23591778,0.3854109178534519,2.194695234298706,0.12227919697761536,0.2238922,0.6375025825910583,3.1504299640655518
1,0.03683706745505333,0.25928998,0.7427655203874152,3.1389636993408203,0.017514556646347046,0.1769088,0.5599503341583879,2.341480255126953,0.0007077065529301763,0.15529071,0.31673954291037626,1.3977924585342407,0.114441879093647,0.369383,0.9668817023451234,1.8060446977615356,0.20762117207050323,0.2554553,0.9489798901112034,2.019286632537842,0.1104351282119751,0.379768,0.9473206169073305,1.3262922763824463,0.19966614246368408,0.2809611,0.9547567467847561,1.7985455989837646,0.13966162502765656,0.26626873,0.9508475340761446,1.7443156242370605,0.28616222739219666,0.17053285,0.9585942822623779,1.5417814254760742,0.062365274876356125,0.43009531,0.9859491240306769,2.1280524730682373,0.16372191905975342,0.24786817,0.9749885061492785,1.777753233909607,0.09092362970113754,0.43005553,1.0080391932729438,2.0252907276153564,0.21444819867610931,0.17275977,0.9702380233117358,2.0307321548461914,0.0913563221693039,0.29225868,0.9945293951522588,1.9318264722824097,0.1631689816713333,0.16167717,0.9727048476881793,2.2581183910369873,0.18295224010944366,0.2102992,0.9767705979762604,2.0008902549743652,0.06410165131092072,0.41245502,1.0184280435985313,1.9737889766693115,0.12405824661254883,0.43233597,0.963988251573304,1.9082989692687988,0.11341589689254761,0.3421968,0.9495488605897674,1.979297399520874,0.14333045482635498,0.2804814,0.9557221430579357,2.0147299766540527,0.1834421455860138,0.38558728,0.9088871773511269,2.5925204753875732,0.534201443195343,0.4310594,0.4843581908781739,2.1600847244262695,0.22565416991710663,0.17795083,0.3753106800664089,2.3103220462799072,0.12840764224529266,0.13389088,0.5862046464049053,3.0118136405944824
0,0.046091195195913315,0.2562518,0.7340631551558862,2.695716619491577,0.017354069277644157,0.1423267,0.5310596202299046,1.8643927574157715,0.00014506519073620439,0.12513183,0.3155126514151608,1.195351004600525,0.11086739599704742,0.3369382,0.9682995536119144,1.8796030282974243,0.1764187514781952,0.27210626,0.9541241215968405,2.1180667877197266,0.10635506361722946,0.396255,0.9436842310638913,1.6913485527038574,0.25352743268013,0.31872636,0.9678142649425375,1.791691541671753,0.15048515796661377,0.2514273,0.9534353131783867,1.811635136604309,0.27241912484169006,0.18912832,0.9714237426193084,1.4766215085983276,0.11030823737382889,0.4454226,0.9966479116374459,2.0679943561553955,0.18375852704048157,0.3045791,0.9827530049131852,2.043333053588867,0.10974866896867752,0.5224155,1.0164136823196774,2.2016780376434326,0.1964363306760788,0.2481887,0.9829006850272375,2.0866847038269043,0.10535258799791336,0.34418342,0.9884091547730519,2.3390748500823975,0.19553686678409576,0.23264998,0.9783751764627796,2.0219919681549072,0.21273578703403473,0.29763743,0.9896920101571958,1.9727041721343994,0.15110959112644196,0.3772937,1.0131056693925613,2.188852548599243,0.22501607239246368,0.46526402,0.9453731467988212,2.1134250164031982,0.17292653024196625,0.47093388,0.9391123949144373,1.958852767944336,0.20802631974220276,0.33136284,0.9695826676625526,1.721735954284668,0.27670779824256897,0.49396247,0.9003790685986388,2.4585320949554443,0.6111895442008972,0.44341627,0.47940641388824473,1.9295381307601929,0.24823571741580963,0.20733708,0.3913368589187199,2.128300428390503,0.15373539924621582,0.1954941,0.6842246554270396,3.4186153411865234
1,0.05168844014406204,0.23448509,0.7559264484078164,3.4585471153259277,0.03108239732682705,0.20919825,0.5834122094572001,2.741614818572998,0.0005664110067300498,0.155053,0.3156691991307137,1.6299893856048584,0.1137172058224678,0.40390545,0.961744811855819,1.5722371339797974,0.16661863029003143,0.32373342,0.9430953431968859,1.950197696685791,0.1162058413028717,0.43480533,0.948683758568698,1.8355176448822021,0.1820589303970337,0.31406522,0.9446122965318101,2.2710137367248535,0.08868778496980667,0.3479911,0.9496718037191152,1.783132791519165,0.27019938826560974,0.21457012,0.952081155715137,1.6159131526947021,0.056531213223934174,0.52381396,0.9739265577057531,1.6684188842773438,0.14186148345470428,0.34668335,0.9667473052189863,1.7367604970932007,0.05712210014462471,0.5757753,0.9852093035658545,2.345507860183716,0.12155672162771225,0.28583682,0.9612524290067787,2.1153151988983154,0.07368507981300354,0.41594797,0.9763346246561125,2.482445001602173,0.10817638784646988,0.27171448,0.9673300490422017,2.289618492126465,0.11022262275218964,0.35150415,0.9674753834997978,2.270272731781006,0.030207516625523567,0.40821034,0.9981460277605827,1.5490331649780273,0.0818699523806572,0.5155565,0.9496782701767968,1.8308664560317993,0.08386031538248062,0.48368093,0.9392191998518205,1.8202449083328247,0.12539467215538025,0.33429366,0.9492732601299859,2.096944808959961,0.11521691828966141,0.4745919,0.9192628716306781,2.620682954788208,0.48709535598754883,0.526865,0.515266997410908,2.3626928329467773,0.22695742547512054,0.15996781,0.40590115501895396,2.4823548793792725,0.15058362483978271,0.1241153,0.6651584704446339,3.4044084548950195
0,0.03097674250602722,0.27083853,0.7235395154021642,2.6906778812408447,0.014934518374502659,0.15028498,0.525106551282676,1.8859426975250244,0.00025384544278495014,0.12138602,0.31149423372448287,1.1742125749588013,0.12029392272233963,0.34884226,0.9690615624034419,1.94697105884552,0.19317293167114258,0.29799712,0.953956162121717,1.7500171661376953,0.10985799133777618,0.4034089,0.944453984652611,1.5558091402053833,0.2385483682155609,0.31604633,0.9645325397336009,1.8962112665176392,0.14881792664527893,0.22652598,0.9532540543205585,1.7813482284545898,0.2935308516025543,0.18590742,0.9693081619471422,1.4987627267837524,0.10265923291444778,0.45008644,0.995665239473503,1.7214298248291016,0.1945067197084427,0.32584378,0.9825047677952742,1.8551613092422485,0.12708841264247894,0.53526074,1.0197621995138901,2.1584906578063965,0.18989108502864838,0.26129612,0.9828766012673126,2.0887279510498047,0.09959768503904343,0.37178397,0.9925766447140607,2.3929555416107178,0.1784570962190628,0.23286186,0.9775270467650506,2.1963629722595215,0.19330333173274994,0.27732638,0.9869288767509091,2.0256261825561523,0.15827219188213348,0.39747283,1.0121937266340586,2.131196975708008,0.15075844526290894,0.47246116,0.9519991497740189,2.0186164379119873,0.1474735289812088,0.44589677,0.9461770474650135,1.994294285774231,0.18558134138584137,0.34093586,0.9721231364600382,1.6244479417800903,0.2782961130142212,0.47029668,0.9094216787723887,2.5057270526885986,0.6169703006744385,0.43766052,0.46467230758237005,1.909479022026062,0.2817528545856476,0.21718416,0.38858495623217426,2.2681515216827393,0.1503840982913971,0.1912015,0.6696971092004279,3.363084316253662
0,0.052370861172676086,0.220045,0.7426648588325973,3.186716079711914,0.026227889582514763,0.15101321,0.5622819124105597,2.3842625617980957,0.0005265157087706029,0.1538956,0.31780993951600445,1.4355238676071167,0.11673630028963089,0.35696742,0.9657916335672275,1.6277337074279785,0.2087511271238327,0.2544645,0.9481629726565091,1.9055219888687134,0.09417805075645447,0.39032525,0.9489960356361539,1.8270888328552246,0.21642614901065826,0.3000695,0.9542126329487418,1.982798457145691,0.11235171556472778,0.27103612,0.954313745253964,1.8481780290603638,0.30082204937934875,0.1808171,0.9593442773426364,1.352515697479248,0.05464078113436699,0.49363962,0.9841950381296368,2.2597193717956543,0.17178063094615936,0.30181086,0.9711876065960342,1.4969359636306763,0.09374545514583588,0.5679264,0.9953820603643359,2.1389315128326416,0.18275292217731476,0.25366363,0.9687254469068151,2.197323799133301,0.08726822584867477,0.39641014,0.9829707734754275,2.496500253677368,0.14742563664913177,0.24536014,0.9667094267925402,2.15968918800354,0.1792437583208084,0.2613905,0.9712142019065408,2.140561580657959,0.05384800210595131,0.39063376,1.0051628230889595,2.126582145690918,0.10972964018583298,0.44879332,0.9516121279711994,1.9292492866516113,0.10820114612579346,0.39899036,0.9461788859667218,1.8831493854522705,0.1415431946516037,0.30318904,0.9585336406088747,1.8130823373794556,0.16383670270442963,0.47771013,0.9127376975821987,2.324348211288452,0.5113513469696045,0.5150797,0.4732695436962262,2.2442870140075684,0.21924827992916107,0.18282917,0.3852946776143988,2.418461322784424,0.15060339868068695,0.1432998,0.6465325261252943,3.2350258827209473
0,0.02440757490694523,0.22846156,0.7373599898099779,2.5900588035583496,0.0038100797683000565,0.14576551,0.5405287267024506,1.7852838039398193,0.00015470123616978526,0.114075236,0.31975135872721894,1.1181797981262207,0.1346643716096878,0.3158747,0.9692434789827511,1.6732901334762573,0.19699335098266602,0.22901487,0.9551221699928388,1.6564637422561646,0.14262326061725616,0.34050488,0.946037185489686,1.931047797203064,0.26578041911125183,0.23320124,0.9657927831153664,1.6307169198989868,0.11453531682491302,0.22410433,0.9495250174600172,1.7748055458068848,0.3274683654308319,0.15902802,0.9689884598838268,1.4066277742385864,0.09268858283758163,0.37387994,1.0022262235511197,2.0230162143707275,0.18750911951065063,0.2423572,0.983087267751852,1.8770214319229126,0.110521100461483,0.41226608,1.0142754809066081,1.960065245628357,0.2354816347360611,0.19935134,0.9769048308737918,2.1927123069763184,0.1125975027680397,0.22278024,0.990522002343018,2.182799816131592,0.1962253898382187,0.20316039,0.98134738548222,2.235126256942749,0.1876240074634552,0.26979834,0.9886096228495118,1.873531460762024,0.1114426776766777,0.29524767,1.0171481117594077,2.204028844833374,0.20784509181976318,0.41140604,0.9590347625071198,2.479557514190674,0.166598841547966,0.44464493,0.9473008426868132,1.8955754041671753,0.20434722304344177,0.305003,0.9634537888980966,1.7924765348434448,0.257548451423645,0.41016763,0.8994014270610525,2.5867702960968018,0.5460959672927856,0.50816745,0.46638709659398797,2.081936836242676,0.2191399782896042,0.22416553,0.3934943954216385,2.2582249641418457,0.13278016448020935,0.22212033,0.6127813873198775,3.0840604305267334
0,0.03187863156199455,0.2262695,0.7317827190573929,2.3392250537872314,0.013302505947649479,0.12345943,0.5329620686063848,1.628995418548584,0.0002241362089989707,0.099140644,0.3154264193472184,1.3518346548080444,0.1335262805223465,0.33257964,0.9695658460179124,1.94502854347229,0.20470669865608215,0.2610104,0.9541205249447694,1.8083254098892212,0.12044517695903778,0.38189912,0.931881347287377,1.5810520648956299,0.2919183373451233,0.286547,0.9685304733704605,1.591952919960022,0.16466933488845825,0.22644313,0.9453455070588729,1.334949016571045,0.31569406390190125,0.17625603,0.9729780960225355,1.630740761756897,0.1269051879644394,0.43067583,1.0057697724580472,2.170133352279663,0.19890417158603668,0.30200928,0.9909898536843255,1.8316477537155151,0.13861294090747833,0.5013506,1.035442372175253,2.094782590866089,0.2184418886899948,0.23196682,0.9900950116849745,2.212628126144409,0.13941144943237305,0.32775733,0.9989452433184449,2.36598539352417,0.2355956733226776,0.22768375,0.9859929461427644,2.0845842361450195,0.22846490144729614,0.26558626,0.9972588544851013,1.906524896621704,0.20259341597557068,0.36316037,1.0335392572846578,2.5436623096466064,0.23739494383335114,0.4761275,0.9430215551581592,2.177929401397705,0.2224309742450714,0.42663857,0.932242328191536,2.0935826301574707,0.2566816508769989,0.31859124,0.9569352835328393,1.8038370609283447,0.35807478427886963,0.4733164,0.8762326701181856,2.323179244995117,0.6383330821990967,0.44799405,0.4626473200425995,1.7827033996582031,0.26699814200401306,0.2357121,0.37335163846366376,2.1414833068847656,0.17878183722496033,0.24402836,0.6528732767122216,3.2449235916137695
1,0.03904839977622032,0.21092674,0.7341095051254993,3.1655349731445312,0.02463652938604355,0.17572397,0.5607488218104847,2.4197487831115723,0.0007003845530562103,0.13767006,0.3062216693751212,1.5830650329589844,0.10389583557844162,0.4260914,0.9637236528423269,1.6544710397720337,0.16551996767520905,0.38003403,0.94870869855015,1.857514500617981,0.08713845908641815,0.4670312,0.9505107448397303,1.9982339143753052,0.23163218796253204,0.32589546,0.9489976019960413,1.7486109733581543,0.09733066707849503,0.35939643,0.9522047263121096,1.5528217554092407,0.2986709773540497,0.21664022,0.9562098916791102,1.490854263305664,0.06378480792045593,0.4890442,0.9798322295570432,1.756773591041565,0.15863202512264252,0.35818064,0.9691741493206093,1.537966251373291,0.07141528278589249,0.49823922,0.9848422757667339,2.022174596786499,0.17325817048549652,0.32688916,0.9666356625165297,1.9129526615142822,0.08724948018789291,0.36408767,0.9773800603959659,1.8227014541625977,0.1879274845123291,0.26532203,0.9621554176309732,2.0639474391937256,0.1785975992679596,0.27410913,0.9616608103391792,2.326367139816284,0.06472015380859375,0.3930037,0.9937349591201474,2.2707808017730713,0.13969668745994568,0.47788152,0.9451056147838728,1.8931983709335327,0.1295596957206726,0.40308073,0.931654805403353,1.7189719676971436,0.19169607758522034,0.30206102,0.9297021494896959,1.769324779510498,0.23418259620666504,0.49822947,0.8897384936366536,2.1574809551239014,0.620622992515564,0.5034622,0.4122264575071475,1.7422411441802979,0.18834923207759857,0.15928182,0.2929441857423337,1.9970461130142212,0.1600516140460968,0.13310364,0.548841904202782,2.969151496887207
0,0.0321110337972641,0.25517678,0.729550845146682,2.500986337661743,0.008681174367666245,0.11028092,0.5374515852760706,1.6539617776870728,0.00029695354169234633,0.10579492,0.315779387952847,1.0915573835372925,0.1421200931072235,0.3211838,0.9681140964929099,1.685990571975708,0.22309452295303345,0.23895863,0.9528004515477659,1.7729171514511108,0.12809665501117706,0.38180885,0.9334447843265824,1.638687014579773,0.26644283533096313,0.28066105,0.9652979399219671,1.633885383605957,0.16281016170978546,0.2241317,0.9472605486893318,1.6385695934295654,0.29501864314079285,0.1776123,0.9739717261480618,1.557812213897705,0.1023828461766243,0.4242543,1.005446985659304,2.047114610671997,0.20796576142311096,0.28545156,0.9881631977740314,1.9030444622039795,0.13508346676826477,0.48969096,1.0357322189024527,2.0786423683166504,0.2427784651517868,0.23507695,0.9905787692523923,2.3052845001220703,0.1233597844839096,0.3458823,1.0025662840903593,2.1361401081085205,0.22698277235031128,0.23530139,0.9835794149655891,2.004598379135132,0.24012400209903717,0.2772183,0.9916729825998885,1.9571398496627808,0.1484818458557129,0.37265193,1.014648961613497,2.2063422203063965,0.23496553301811218,0.45718727,0.9350979420688468,2.1081323623657227,0.20274752378463745,0.44508356,0.9292234052018317,2.1279449462890625,0.24473528563976288,0.30213246,0.9544229460809389,1.823123812675476,0.33107590675354004,0.45102757,0.8838863278868954,2.3127036094665527,0.6398447751998901,0.46736148,0.45316062184604927,1.7809919118881226,0.2633238732814789,0.23590639,0.3732977146085525,2.0837080478668213,0.16832350194454193,0.22719836,0.643484747550565,3.1713531017303467
0,0.039482634514570236,0.25961965,0.7424533788357693,2.8968312740325928,0.014780396595597267,0.14079903,0.5561038686403926,2.0180599689483643,0.00047038536285981536,0.12547833,0.32117976296936923,1.0414295196533203,0.1214350014925003,0.34068185,0.9676429515456336,1.6327178478240967,0.20344960689544678,0.26028842,0.9516701478775886,1.9160246849060059,0.11158901453018188,0.36993176,0.9459100102560218,1.855997085571289,0.259848952293396,0.28653896,0.9628325540080651,1.7258446216583252,0.1244802325963974,0.27226493,0.9544573457576363,1.7140130996704102,0.2917633652687073,0.18366589,0.9689765367914792,1.5865553617477417,0.08706887811422348,0.44942713,0.9936103213468399,1.791367769241333,0.17006349563598633,0.31249523,0.9808931188105047,1.9449113607406616,0.10048020631074905,0.5022443,1.0062759099246452,1.817017674446106,0.21612738072872162,0.24974845,0.9756398330808542,2.107597827911377,0.10638848692178726,0.38126102,0.9871733003689904,2.1209568977355957,0.1835254430770874,0.29183906,0.9756877874666194,2.298654079437256,0.19483008980751038,0.3183315,0.9824073862158808,2.048464775085449,0.09247303009033203,0.39619616,1.023214710781794,2.2890563011169434,0.21718309819698334,0.4602265,0.9503827769089195,2.0884971618652344,0.14228463172912598,0.47062743,0.934925171854115,2.107961654663086,0.18824751675128937,0.33325255,0.960831901634741,1.7870814800262451,0.2341691553592682,0.4931401,0.8974533082957576,2.541618824005127,0.5388703942298889,0.4777957,0.48794983868800085,2.044492721557617,0.22218342125415802,0.20643206,0.3935717189790524,2.3324460983276367,0.1299901008605957,0.18023226,0.6660589849114238,3.353210926055908
0,0.04155581444501877,0.23800685,0.7495849073820509,2.824897527694702,0.01602512039244175,0.12798053,0.5621865336750136,1.9322571754455566,0.0001478700287407264,0.116746284,0.32268152596043004,1.0246098041534424,0.12279444932937622,0.30137974,0.9669107268792727,1.765159010887146,0.19961659610271454,0.22202894,0.946297941986098,1.6165647506713867,0.12268906086683273,0.32751596,0.9323153261766361,1.7301937341690063,0.2186698615550995,0.2511894,0.9574230619977544,1.6475991010665894,0.10468538850545883,0.24323781,0.9362522988833746,1.65848708152771,0.3251767158508301,0.17686753,0.968274358077259,1.3582029342651367,0.08294716477394104,0.39720243,0.9923879449480146,1.9270312786102295,0.18871785700321198,0.24641468,0.9807001057887169,2.0031681060791016,0.12741239368915558,0.45631185,1.0172466440382253,2.178083658218384,0.1824653148651123,0.21092565,0.9784796943095536,2.2735755443573,0.1075122132897377,0.2895327,0.9926310443256579,2.3963000774383545,0.2125883251428604,0.20829391,0.981080326068941,2.236475944519043,0.17262940108776093,0.28685325,0.9867047133657002,2.154557228088379,0.08546941727399826,0.39179492,1.0185507306337316,2.0571672916412354,0.19604206085205078,0.43747514,0.938305914620031,2.145728826522827,0.17504926025867462,0.4559498,0.9278151865966318,1.9801597595214844,0.20918653905391693,0.33252192,0.9503274771483263,1.9346221685409546,0.26770785450935364,0.40577063,0.8715828021788183,2.4989676475524902,0.5345503687858582,0.51597995,0.48788647492713627,2.039309501647949,0.23703442513942719,0.20206074,0.39986507582105274,2.2731032371520996,0.14680470526218414,0.19229326,0.6515516095723541,3.378317356109619
0,0.03790048137307167,0.2501907,0.7295626440261801,2.7469518184661865,0.009558207355439663,0.16911113,0.5309292155686034,1.8525819778442383,0.00021221349015831947,0.12953943,0.3152067180781947,1.1138925552368164,0.1177033931016922,0.36027992,0.9699081830922399,1.686481237411499,0.19787189364433289,0.2685834,0.9542404250882781,1.956617832183838,0.12500576674938202,0.3816549,0.9452316602860787,1.7181370258331299,0.24108731746673584,0.29045108,0.9634420731707317,2.0448336601257324,0.1456991285085678,0.24790686,0.9534444475910668,1.7585479021072388,0.2869042158126831,0.18987349,0.9678178973679112,1.7062833309173584,0.0936087965965271,0.39280826,0.9981737990258704,1.9754505157470703,0.1941230148077011,0.2936083,0.9849885969862464,1.804133653640747,0.10441084206104279,0.4238317,1.0198129135926295,2.0895538330078125,0.19501112401485443,0.21816087,0.9797099292805997,2.3406147956848145,0.10542178153991699,0.25217173,0.9904297031448681,2.468684434890747,0.20351913571357727,0.21904288,0.9758055958976247,1.9876747131347656,0.21149539947509766,0.21655965,0.9864375096358912,2.021289825439453,0.15083754062652588,0.3882008,1.0144944858413025,2.122406482696533,0.15096566081047058,0.4438349,0.955709877038807,1.9039318561553955,0.14318975806236267,0.42409787,0.9512489625021257,2.025434732437134,0.18011751770973206,0.3024074,0.9700513152672405,1.763364315032959,0.2612961530685425,0.4539031,0.9025829290853418,2.391097068786621,0.6138022541999817,0.45875514,0.46019473094455987,1.86507248878479,0.24011945724487305,0.21436779,0.38329270437311247,2.193537473678589,0.14624284207820892,0.19059683,0.6522808079690214,3.3526253700256348
1,0.038320183753967285,0.27674174,0.7480818172952601,3.040447950363159,0.017566941678524017,0.1885441,0.5580881787507617,2.3125829696655273,0.0002555596292950213,0.15094867,0.31304276645627666,1.5102216005325317,0.1094282791018486,0.37797993,0.9662785345174807,1.8808331489562988,0.18344298005104065,0.25791627,0.9508739113738501,1.9976515769958496,0.11708550155162811,0.42251664,0.9433034396358373,1.7087256908416748,0.2534058094024658,0.3650692,0.9569484198431535,1.6943888664245605,0.11829054355621338,0.2868907,0.9515330042319077,1.8881499767303467,0.27239879965782166,0.21344572,0.9651867353093986,1.79063081741333,0.06654731184244156,0.41942465,0.988618456596991,1.5340386629104614,0.17779985070228577,0.3522651,0.9761469370025249,1.7282145023345947,0.08206448704004288,0.5299191,0.9900172045116548,1.8799889087677002,0.21297094225883484,0.28581908,0.9716071696430941,2.15590238571167,0.10368101298809052,0.34546348,0.9837687700315261,2.1102676391601562,0.22480818629264832,0.34068933,0.9700930836109432,1.907964825630188,0.20927287638187408,0.3659779,0.9680323100172405,1.7763564586639404,0.11929658055305481,0.4035733,0.9877938463701197,1.8307331800460815,0.16525065898895264,0.47357997,0.9375531478069987,1.9988012313842773,0.15140506625175476,0.46428522,0.9191419356962004,1.5464105606079102,0.16097314655780792,0.31695423,0.9282043271502814,1.7281309366226196,0.25848597288131714,0.50304383,0.872780664614157,2.3926525115966797,0.5306702852249146,0.4905946,0.4516606354178134,2.0281033515930176,0.20798474550247192,0.16349158,0.3261577058003794,2.2270760536193848,0.16991369426250458,0.15716834,0.5900581450939287,3.104440212249756
0,0.02909490279853344,0.28413856,0.7264739328549632,2.5880744457244873,0.007345307152718306,0.13972202,0.5273451691266494,1.6094443798065186,0.000194571417523548,0.11943806,0.31837862408131523,1.3174422979354858,0.1282879263162613,0.33955577,0.9693953973589291,1.6703624725341797,0.20147071778774261,0.27995193,0.9550028682440548,1.8738042116165161,0.12494254857301712,0.42473102,0.9402897713077469,1.8482316732406616,0.2706809341907501,0.3170569,0.9664679338548965,1.7221019268035889,0.160318061709404,0.23233609,0.9536029846948008,1.6296086311340332,0.2980189323425293,0.1833475,0.972302487541466,1.6211763620376587,0.10433117300271988,0.434403,1.000796716314651,2.1916277408599854,0.20662465691566467,0.3092297,0.9867235212527101,1.661012887954712,0.11590636521577835,0.5194552,1.0320823694512058,2.1829326152801514,0.17822197079658508,0.2522149,0.9852455077818564,2.3335115909576416,0.12416375428438187,0.38293988,0.9980317669298412,2.390944719314575,0.22381159663200378,0.23514168,0.9813097401593145,1.9995101690292358,0.22248031198978424,0.28363308,0.993027227112606,1.8984578847885132,0.1714567244052887,0.38661197,1.012519242422085,2.399979829788208,0.19932347536087036,0.4623844,0.9487994843811134,2.121994972229004,0.17684337496757507,0.44628754,0.943794975030425,2.1044929027557373,0.21722936630249023,0.33613515,0.9654988074333754,1.6852859258651733,0.3180370032787323,0.4749305,0.8981466082039187,2.4192049503326416,0.6427974104881287,0.45695263,0.4563794830917072,1.7785418033599854,0.26489517092704773,0.22499207,0.3871738481029574,2.11061954498291,0.1780347377061844,0.21948124,0.6619761272157344,3.2675578594207764
0,0.04869264364242554,0.26059693,0.7424526688304707,3.034449815750122,0.016320914030075073,0.1399987,0.5503833886419531,2.1983792781829834,0.0005303327343426645,0.12925439,0.3177479259177033,1.0385087728500366,0.10955658555030823,0.35119927,0.9668334407535885,1.9357192516326904,0.20764096081256866,0.2613249,0.9520012890563665,1.7674193382263184,0.11015618592500687,0.391975,0.9512932806522578,1.942339301109314,0.21992501616477966,0.2937157,0.9594409079663901,1.6692588329315186,0.12300512194633484,0.2650177,0.954237342238604,1.7333037853240967,0.2928161323070526,0.18368815,0.9644425131123172,1.4787129163742065,0.07407189905643463,0.44774705,0.9882726420314265,1.9050486087799072,0.2028692066669464,0.2784168,0.9759187509911997,1.5441570281982422,0.0967230349779129,0.48944932,1.004463604595765,2.198448657989502,0.21984542906284332,0.22168717,0.973015898726859,2.1177353858947754,0.09056288748979568,0.2910027,0.985325011367516,2.361440420150757,0.15289968252182007,0.22373176,0.9715900887375998,2.3626341819763184,0.1828567236661911,0.2627418,0.9781758254857643,1.7331677675247192,0.06100808084011078,0.3961725,1.0098316334305848,2.0264720916748047,0.12138659507036209,0.45264003,0.9502796857368583,1.9750056266784668,0.12372041493654251,0.44630727,0.9373492654631449,1.9734834432601929,0.14949248731136322,0.31043315,0.9626865639065547,1.721861720085144,0.22136756777763367,0.42505378,0.9078973696255762,2.465689182281494,0.5218498706817627,0.44162774,0.474686541912658,2.2045178413391113,0.23692576587200165,0.18898866,0.39726591827290053,2.2291767597198486,0.1340196132659912,0.15428117,0.665884736901486,3.3193182945251465
1,0.034862034022808075,0.22115116,0.7432998866054047,2.578298568725586,0.012589062564074993,0.12670168,0.5526543052569102,1.6953471899032593,0.0003394241211935878,0.09803369,0.3188934000385009,1.2123875617980957,0.12715622782707214,0.32403857,0.9667742378230337,1.699272871017456,0.20792889595031738,0.24601448,0.952313532982563,1.6732864379882812,0.1165308877825737,0.36380443,0.9362302124180628,1.4523940086364746,0.2782515287399292,0.2531574,0.9671343322606659,1.51143217086792,0.13204698264598846,0.23761635,0.9473516939807491,1.607506513595581,0.2915089726448059,0.179014,0.9763222117477071,1.561208724975586,0.11001873016357422,0.42254764,1.0089002192305316,2.0696260929107666,0.2192293405532837,0.2773141,0.9912138803640588,1.5731829404830933,0.13109204173088074,0.4641644,1.0259213862975485,2.080700159072876,0.2461346983909607,0.21602869,0.9865177515912503,2.105250835418701,0.12346876412630081,0.29865357,0.9960441999019091,2.4087748527526855,0.2572171688079834,0.22369681,0.9813539083030517,1.9868460893630981,0.2346465140581131,0.28437546,0.9908020671237768,2.045515775680542,0.19509971141815186,0.38896003,1.0105683188728867,2.1874918937683105,0.21344272792339325,0.41234255,0.9244686105242691,2.284522771835327,0.23173263669013977,0.4643757,0.8995259157821519,1.992472767829895,0.24024200439453125,0.31689417,0.9455022769099496,1.848696231842041,0.3353448808193207,0.46455356,0.873401120919133,2.3568928241729736,0.6010541915893555,0.48658586,0.4671130274326984,1.8799916505813599,0.23118744790554047,0.23339376,0.38514411392322107,2.151416063308716,0.1434711068868637,0.21533325,0.6456098016776219,3.236607313156128
0,0.044733576476573944,0.25538665,0.7326858812680652,3.1434884071350098,0.023571686819195747,0.15990213,0.5448060739086054,2.293588876724243,0.0006184288649819791,0.15142655,0.31309084983479807,1.446117639541626,0.09670428931713104,0.3600609,0.9655069975032812,1.8045002222061157,0.17501215636730194,0.28574392,0.9486164768740007,1.9970650672912598,0.11748355627059937,0.40909863,0.9491318041386718,1.783152461051941,0.2011990249156952,0.33431038,0.9560673316569256,2.0223476886749268,0.10771456360816956,0.2744844,0.9539726061333587,1.7069833278656006,0.2615513205528259,0.20089103,0.9595092496430394,1.739895224571228,0.06319747865200043,0.4948437,0.9846374540943876,2.0234405994415283,0.17015133798122406,0.31945914,0.9733786284450382,1.4994335174560547,0.12816636264324188,0.5759841,1.0018608737090222,1.879598617553711,0.16701151430606842,0.27931917,0.9701735045315947,2.397709369659424,0.08052709698677063,0.39416897,0.9857006171504861,2.110968828201294,0.14703480899333954,0.28303817,0.9710606075007584,2.1598453521728516,0.15306918323040009,0.34991038,0.9761920133252381,1.7733639478683472,0.05642247572541237,0.4099725,1.0020920344183641,2.2762067317962646,0.1016361340880394,0.4816695,0.9546437138564275,2.1700544357299805,0.10184881091117859,0.52153844,0.9468107796291988,2.0065760612487793,0.1327446550130844,0.36909136,0.9676855452407009,1.937401294708252,0.18863296508789062,0.4913949,0.9198533485231156,2.568553924560547,0.530979573726654,0.46592432,0.48544025535115265,2.177651882171631,0.23654474318027496,0.18514405,0.3965004505074039,2.4305970668792725,0.1479145586490631,0.14970323,0.6708865199569946,3.4497640132904053
1,0.028568528592586517,0.21969306,0.7414705056350132,2.4698314666748047,0.008837931789457798,0.113612436,0.554252108971064,1.7602713108062744,0.0003505539207253605,0.08865841,0.32308910480634556,1.4219844341278076,0.12795960903167725,0.3115249,0.9658417725067776,1.6371586322784424,0.2043556123971939,0.241468,0.9519711339981661,1.8461679220199585,0.11993508040904999,0.3618066,0.93103154751873,1.5557687282562256,0.26212140917778015,0.23972921,0.9675685105942364,1.610396146774292,0.13884535431861877,0.22490755,0.9465511184142223,1.683024525642395,0.28907954692840576,0.17849591,0.9772437227766639,1.5794668197631836,0.11624554544687271,0.43366203,1.011524192832794,2.044943332672119,0.21724867820739746,0.2708505,0.9933859447926964,1.841532588005066,0.13101765513420105,0.46459937,1.032157481431857,2.029025077819824,0.2385958433151245,0.220811,0.9883871903579445,2.1162478923797607,0.13130895793437958,0.2910413,0.9978388804157073,2.21346116065979,0.26380640268325806,0.20703587,0.9826589999295143,1.9941716194152832,0.2372308224439621,0.26233655,0.9898529084235439,1.9251971244812012,0.2194964438676834,0.38920096,1.0164943794086614,2.2323427200317383,0.2235342413187027,0.40615603,0.9231930393900386,2.280207395553589,0.24159939587116241,0.45772535,0.9047474812602334,1.919730305671692,0.24857640266418457,0.2576338,0.9507475974377174,1.9441343545913696,0.33694279193878174,0.44930172,0.8726625209969069,2.348954200744629,0.6151341199874878,0.46829072,0.4919323177138733,1.844954013824463,0.2256399393081665,0.21383142,0.3951017035217835,2.142803907394409,0.1359751969575882,0.2136157,0.6502677002777476,3.239551305770874
0,0.03763172775506973,0.26491976,0.7324395270758239,3.0455968379974365,0.010318513959646225,0.18118139,0.5501855539355076,2.250359058380127,0.00037058547604829073,0.14149192,0.31312387756199744,1.3526397943496704,0.09771853685379028,0.36173964,0.9680729569722607,1.990987777709961,0.18734413385391235,0.2758307,0.9512599255310628,2.0202698707580566,0.11515732854604721,0.38904154,0.9501885947692051,1.7114182710647583,0.19167767465114594,0.29208818,0.9609678007856726,1.9942221641540527,0.12453154474496841,0.2734412,0.9553335268925903,1.4730067253112793,0.30435025691986084,0.17917417,0.9626941271487753,1.661095380783081,0.07454345375299454,0.46547547,0.9870210215195717,2.0588126182556152,0.16142454743385315,0.30803362,0.9772936051645496,1.846935510635376,0.08242108672857285,0.5076046,1.0037713167917033,2.181053876876831,0.16782982647418976,0.23703769,0.9721875702788313,2.267280101776123,0.09241843968629837,0.3327231,0.9847510526114966,2.5298233032226562,0.16343960165977478,0.25677505,0.9729656624691729,2.350149154663086,0.16668643057346344,0.29764432,0.9778961871137586,2.1293387413024902,0.08332758396863937,0.40284464,1.0032456607452114,2.408721685409546,0.11205996572971344,0.45729786,0.9517256812248321,2.258960247039795,0.1140042096376419,0.4088424,0.941855879501999,2.0815932750701904,0.15455837547779083,0.27688965,0.967684437973333,1.7302091121673584,0.19741836190223694,0.47819817,0.9180634579556914,2.5249691009521484,0.5314698219299316,0.44927832,0.47985567436224075,2.157545328140259,0.21383999288082123,0.19485058,0.3957624618205197,2.2789368629455566,0.11485114693641663,0.16444853,0.6675251183620593,3.3458926677703857
0,0.03522159531712532,0.2687163,0.7349311693787467,3.0398435592651367,0.016049185767769814,0.13291015,0.5408239196257503,2.2178142070770264,0.0005122676375322044,0.13287653,0.31693959811318745,1.2606523036956787,0.1075085923075676,0.34805036,0.9665294960710876,1.8018138408660889,0.1721418797969818,0.26400265,0.9503876446020602,1.974992275238037,0.10566356033086777,0.38713348,0.9457171071953183,1.8623782396316528,0.23386433720588684,0.30798748,0.9571833190310802,1.9123578071594238,0.11730606108903885,0.26135918,0.9515408933515348,1.9494539499282837,0.30232003331184387,0.18848804,0.960680147475849,1.4527705907821655,0.06892643123865128,0.47652677,0.9824191469017942,1.7349295616149902,0.16125386953353882,0.29719752,0.9721455184054545,1.5164611339569092,0.06681424379348755,0.5417789,0.9978357521717626,2.0241990089416504,0.18445491790771484,0.25363743,0.9708129604368173,2.2392935752868652,0.07551433891057968,0.3688287,0.9848846021013704,2.091520071029663,0.1361919790506363,0.23936643,0.9679935061946748,2.387869358062744,0.13692410290241241,0.29598588,0.9759379673339115,2.062401056289673,0.08746668696403503,0.40817803,1.0029124136312701,2.3549964427948,0.09725682437419891,0.4719246,0.9505541247634414,2.0923004150390625,0.10137297958135605,0.45546597,0.9428064420139994,1.9649983644485474,0.1354336440563202,0.3344682,0.9641401569905099,1.8602330684661865,0.15905757248401642,0.47753012,0.9182875451934538,2.571309804916382,0.5187024474143982,0.49007234,0.4934686811317868,2.1432440280914307,0.2511690557003021,0.18970516,0.4025425842500111,2.408001661300659,0.1323428899049759,0.16526273,0.6630283778487561,3.3404364585876465
0,0.04627583175897598,0.24534348,0.7557531169290411,3.2917377948760986,0.029418013989925385,0.20404659,0.5846859631759138,2.4651122093200684,0.00047434528823941946,0.1458354,0.3060837604476273,1.604918122291565,0.10425149649381638,0.41944677,0.9653700148681589,1.7059986591339111,0.1933266669511795,0.36211297,0.9490272756826234,1.7227885723114014,0.10781490057706833,0.43571994,0.9503787081570322,1.9521522521972656,0.21541139483451843,0.3306756,0.9508699553961553,1.7089630365371704,0.08970766514539719,0.40364763,0.9529007677988851,1.3399850130081177,0.27174171805381775,0.23086712,0.9567880339058762,1.5632227659225464,0.05890733748674393,0.512074,0.9818248037061107,1.8647884130477905,0.15955917537212372,0.35796198,0.9719940241948948,1.8537389039993286,0.08425544202327728,0.54977584,0.9932234206813675,2.2758233547210693,0.18079236149787903,0.33192578,0.9694167822638226,1.931347131729126,0.09549354016780853,0.39087436,0.9846088936378434,2.0403544902801514,0.15426798164844513,0.2819236,0.9687270648126994,2.2730226516723633,0.1476801484823227,0.33123243,0.9706271374056582,2.275466203689575,0.03578835725784302,0.42121196,1.0120020063494555,1.966762661933899,0.12355309724807739,0.47878245,0.9502119076095511,1.8725003004074097,0.14744216203689575,0.42985204,0.933719057182903,1.8589036464691162,0.17435932159423828,0.31834507,0.9300009115652524,1.921561598777771,0.1952536702156067,0.462029,0.8894474819716989,2.4725725650787354,0.6386757493019104,0.47923648,0.44758585894948577,1.7661728858947754,0.21114663779735565,0.16270578,0.2977868953086702,2.09794282913208,0.2108595222234726,0.12790415,0.5161664205494352,2.852508306503296
0,0.04033731296658516,0.25631794,0.7252651740522766,3.077329158782959,0.0185690987855196,0.17079309,0.5372743546607386,2.334294319152832,0.0004598648811224848,0.14162411,0.3137856729612025,1.385305404663086,0.10784674435853958,0.36540872,0.9644206662767963,1.6803464889526367,0.183504119515419,0.29483375,0.9481797394918828,1.8857388496398926,0.1071564108133316,0.4077996,0.9468257203581483,1.5348727703094482,0.2038327306509018,0.34072244,0.95574999842952,1.828678846359253,0.11244489252567291,0.27269053,0.9515717798990494,1.6795628070831299,0.2757158577442169,0.20660979,0.9572658313795966,1.5667150020599365,0.06460627168416977,0.47476465,0.9806272960118463,1.9523463249206543,0.1559891551733017,0.3176205,0.970776875060986,1.4682191610336304,0.070170097053051,0.5222478,0.9949163626087023,2.041743755340576,0.1558322310447693,0.28463814,0.9676973240088023,2.140761375427246,0.07949882000684738,0.3683363,0.9809731664288729,2.3555665016174316,0.13972853124141693,0.2670223,0.9664319380792469,2.3538103103637695,0.11936613917350769,0.31373873,0.9738498089528863,2.069530725479126,0.0815717875957489,0.4156359,0.9947935568801135,2.1213388442993164,0.07410968840122223,0.48431894,0.953740633419848,2.2381529808044434,0.09508579224348068,0.5176993,0.9475686236359295,1.9572474956512451,0.11876468360424042,0.36860526,0.9699185281129764,1.859522819519043,0.1618937849998474,0.52490836,0.9284456688517122,2.407799243927002,0.5160980820655823,0.45269305,0.49635143355737726,2.2576441764831543,0.23688232898712158,0.17531827,0.4039747644647912,2.3829662799835205,0.13445228338241577,0.16396798,0.6955627227353887,3.551774740219116
0,0.039658647030591965,0.26378113,0.7407235707726373,2.876502275466919,0.011820856481790543,0.15804443,0.5650386612479994,2.081310510635376,0.00015569670358672738,0.12554,0.31967436045890135,0.854750394821167,0.11244717240333557,0.3454934,0.9688791148055195,1.8162344694137573,0.19877919554710388,0.2560662,0.9523906690807831,1.8661867380142212,0.11566448956727982,0.36306873,0.9464151333454971,1.778098225593567,0.2245611846446991,0.2699727,0.9608870300788906,1.7971690893173218,0.12632203102111816,0.2616904,0.9523621717281047,1.687426209449768,0.28556278347969055,0.18591554,0.9662839496076169,1.5307776927947998,0.08162456005811691,0.4422687,0.9906867598304888,1.8017563819885254,0.1789897084236145,0.2758283,0.9797906775189267,1.8479118347167969,0.09737541526556015,0.47687966,1.0023457993770866,1.807479739189148,0.16826970875263214,0.23203748,0.9741078163429131,2.2556381225585938,0.09863739460706711,0.3353727,0.9814816035039099,2.186119794845581,0.16774772107601166,0.24348864,0.9736508141859389,2.4390482902526855,0.17616556584835052,0.26624227,0.9768054501555707,1.9368857145309448,0.09572574496269226,0.3942672,1.0037225027906618,2.1777474880218506,0.15464095771312714,0.44903785,0.9447502174898529,2.207535743713379,0.12495107203722,0.4449545,0.9333321592001785,1.9928041696548462,0.17230147123336792,0.32844713,0.9613036281627652,1.8182039260864258,0.22529494762420654,0.46507278,0.8962769277568675,2.5145490169525146,0.5314692854881287,0.4891999,0.47948663246855683,2.020695686340332,0.21294066309928894,0.20294285,0.38867894495345257,2.2374629974365234,0.14183910191059113,0.18590033,0.6600618088293358,3.294001579284668
0,0.0329093262553215,0.24161057,0.7239696092017067,2.41402530670166,0.006249104626476765,0.15223546,0.5256643623979826,1.5992947816848755,0.0002836697385646403,0.10911144,0.31083471564959053,1.308017611503601,0.13178500533103943,0.3502028,0.9683092264972316,1.7517883777618408,0.20639754831790924,0.27309558,0.9541233591282762,2.0250515937805176,0.12055430561304092,0.4094556,0.9336177893966009,1.4748715162277222,0.27361249923706055,0.29124528,0.9680918287689535,1.6827466487884521,0.1693854033946991,0.23213387,0.9486769356487225,1.8664278984069824,0.3118082284927368,0.1829677,0.9729924460776646,1.6504186391830444,0.11637509614229202,0.43094474,1.0089323439764772,2.1907005310058594,0.2111268788576126,0.2936282,0.9909530346364948,1.7734324932098389,0.12816913425922394,0.51242524,1.0385906494063288,2.208745241165161,0.22302758693695068,0.23393361,0.9901021934868479,2.3086163997650146,0.13155396282672882,0.34895387,1.000180705404841,2.4931209087371826,0.2556815445423126,0.22575028,0.9858651890303787,1.9417911767959595,0.21520328521728516,0.26865023,0.9920645920804302,1.8806096315383911,0.16714750230312347,0.3718975,1.0132492445838126,2.3151206970214844,0.19684655964374542,0.46914837,0.9365264164716646,2.0796926021575928,0.21577906608581543,0.42751297,0.9264083321146152,2.164564371109009,0.25638607144355774,0.29666695,0.9461908230251461,1.7708401679992676,0.34602439403533936,0.45258096,0.8710473897606225,2.282334327697754,0.6531203389167786,0.43414143,0.44612103017158544,1.7023611068725586,0.25390687584877014,0.2460024,0.3712193945360845,2.027014970779419,0.20231369137763977,0.24048382,0.6553522084791841,3.243942975997925
0,0.030827313661575317,0.23754959,0.7442637002888847,2.595651626586914,0.0078174639493227,0.12810552,0.5454098645930431,1.8563545942306519,0.0003994557191617787,0.1019994,0.32206038862451186,1.0399291515350342,0.12869057059288025,0.31705597,0.9686769887356491,1.8266956806182861,0.20084501802921295,0.23935448,0.9527376447282295,1.8292231559753418,0.10966770350933075,0.3553194,0.9340913756911665,1.8445780277252197,0.26015880703926086,0.24739358,0.9681064388620372,1.646256446838379,0.13350170850753784,0.24429817,0.9479107992187722,1.7250723838806152,0.28518763184547424,0.17645857,0.9748856463572757,1.5990748405456543,0.11250090599060059,0.39562947,1.0046764721936927,1.9428069591522217,0.18735307455062866,0.25484195,0.9860642413712998,1.8405265808105469,0.1181960329413414,0.43801776,1.0189212853542478,1.9853360652923584,0.21422836184501648,0.22382306,0.9817870017138275,2.1253249645233154,0.11312304437160492,0.29162952,0.9872120027747193,2.276425361633301,0.23771394789218903,0.20276418,0.9782924103343332,2.202707529067993,0.20799168944358826,0.26829854,0.9885199992309786,2.038661003112793,0.16467680037021637,0.39602807,1.0182477829583672,1.9689242839813232,0.1827806532382965,0.3973203,0.9468619604595451,2.199045181274414,0.19016161561012268,0.44008517,0.9359281038226896,2.050863265991211,0.21659794449806213,0.30126694,0.9659128759474851,1.7963643074035645,0.2758329510688782,0.42551428,0.8924609731080311,2.512392520904541,0.5615706443786621,0.46565193,0.49125172202177625,2.0135743618011475,0.20754849910736084,0.23516631,0.4199408400539234,2.2612154483795166,0.1267746388912201,0.2235884,0.6707356848680536,3.2799792289733887
0,0.04855910688638687,0.21998765,0.7304718944548361,3.2872910499572754,0.028800778090953827,0.18973866,0.5510609169126084,2.568281412124634,0.0004146087740082294,0.14743342,0.31127221687256723,1.8219712972640991,0.09838900715112686,0.37886485,0.961366243150551,1.944879412651062,0.2265280932188034,0.29406568,0.9428022134771217,2.0436887741088867,0.10725293308496475,0.41888508,0.9486116742360896,2.137866973876953,0.1838683784008026,0.3567195,0.9503049369858765,1.9039922952651978,0.1150006428360939,0.27982932,0.9530091905382985,1.8862746953964233,0.2710963487625122,0.21012598,0.9530813587074962,1.6910111904144287,0.05414770543575287,0.5212223,0.9763587139961788,2.2762086391448975,0.15347199141979218,0.33093977,0.9649158742573737,1.900985598564148,0.059547994285821915,0.56801873,0.9883605479293888,2.1472504138946533,0.1457120031118393,0.28541732,0.9599905900592376,2.3003413677215576,0.08277019113302231,0.44611943,0.9766445922097828,2.1635148525238037,0.1350724995136261,0.31247777,0.9598452468871143,2.1551907062530518,0.1460210233926773,0.3417929,0.9673642945663506,2.1215758323669434,0.04497411847114563,0.36922085,0.9948142483363344,1.8529551029205322,0.08307380229234695,0.48981777,0.9559429471901831,2.0389554500579834,0.07857775688171387,0.50019115,0.9502532470407348,1.8746404647827148,0.12484395503997803,0.34642857,0.9636168165534519,2.1092023849487305,0.12483342736959457,0.52060294,0.9240885229153883,2.560797691345215,0.47718802094459534,0.5036321,0.4779303525341898,2.4036142826080322,0.2080630362033844,0.18628196,0.3912304875604733,2.4870944023132324,0.14195163547992706,0.1365098,0.6762386646361717,3.467721462249756
0,0.03870672732591629,0.27209628,0.7465419950149239,3.152744770050049,0.021519124507904053,0.13469402,0.5622949242764332,2.2985150814056396,0.0007577860960736871,0.15023653,0.3249980025876757,1.1906741857528687,0.12134262919425964,0.34375846,0.9674106496257481,1.598644733428955,0.21500350534915924,0.24017663,0.9490943610698018,1.8245887756347656,0.09603898227214813,0.38895106,0.9481274433948494,1.8571670055389404,0.218018040060997,0.28155497,0.9559606901684755,1.9710853099822998,0.12415419518947601,0.25658196,0.9532282160586336,1.7854008674621582,0.2887919247150421,0.18676239,0.962563810398216,1.5120335817337036,0.06543932855129242,0.48557276,0.9873990835995584,1.9659364223480225,0.17442281544208527,0.2738049,0.9737509112884547,1.680080771446228,0.08019649982452393,0.5351604,1.001592547809601,1.909274697303772,0.17719319462776184,0.24813363,0.9729392172540023,2.2303287982940674,0.0981745794415474,0.37776855,0.9896329926462103,2.0487890243530273,0.1408683955669403,0.24043171,0.9706578362164697,2.347261428833008,0.15652692317962646,0.29721278,0.9765394167437362,2.125487804412842,0.04837042838335037,0.4193345,1.0165711202613392,1.9428610801696777,0.1126236617565155,0.46244663,0.9562714677938059,1.7214285135269165,0.11433733254671097,0.414695,0.9447101165309472,2.0000674724578857,0.15735483169555664,0.33253595,0.9624207695285206,1.8745923042297363,0.17109322547912598,0.46514848,0.9102395100356602,2.5938596725463867,0.5327498316764832,0.5038243,0.4806174384499426,2.1497294902801514,0.25180602073669434,0.18624625,0.3981499855993759,2.391720771789551,0.15031205117702484,0.15050736,0.6466911533303126,3.2497377395629883
0,0.049730848520994186,0.22717968,0.741797047631862,3.268554925918579,0.021518273279070854,0.17978185,0.5517495927759143,2.5142529010772705,0.0005817138589918613,0.15035921,0.3117531681013137,1.7546335458755493,0.09955798089504242,0.37717596,0.9634370814702772,1.7457261085510254,0.19238658249378204,0.29504225,0.9460421211274763,2.016883373260498,0.10674230009317398,0.41451484,0.9489291061651842,1.690046787261963,0.17215947806835175,0.36381716,0.9541191764342467,2.1402525901794434,0.10625661164522171,0.27511927,0.9542538940009051,2.0858070850372314,0.24849480390548706,0.20957685,0.9578704975011181,1.4048922061920166,0.04608306661248207,0.515112,0.9783170828750631,2.0328056812286377,0.15280750393867493,0.33726758,0.9689072281126637,1.8892368078231812,0.05835537984967232,0.5705177,0.9921300727203873,2.089315414428711,0.15534470975399017,0.287489,0.9667752981404507,2.1880569458007812,0.07319390773773193,0.42424577,0.9810584573872783,2.200862169265747,0.14261046051979065,0.30108717,0.9666006943880401,2.212446689605713,0.12343651801347733,0.36356404,0.974417447543087,2.278243064880371,0.043836336582899094,0.40079772,1.0048856985190175,2.081315517425537,0.086793914437294,0.4889686,0.9598110396327576,1.869577407836914,0.07942505925893784,0.5236693,0.9528064340086427,1.958839774131775,0.11825864762067795,0.3757229,0.9696178626267793,2.0021445751190186,0.13927596807479858,0.5393409,0.9289488543902416,2.6102840900421143,0.5082979798316956,0.49774563,0.4804929167775918,2.3247263431549072,0.22849518060684204,0.18051563,0.39120071132998185,2.371628522872925,0.14738887548446655,0.14172442,0.6837974255824916,3.464111328125
0,0.05518702045083046,0.24082607,0.7360511319297862,2.7778310775756836,0.015534055419266224,0.12952961,0.5397857866390131,1.9366804361343384,0.00036790932063013315,0.12546359,0.3187633864621797,1.1201765537261963,0.12700378894805908,0.34385017,0.9694437731120783,1.7879561185836792,0.20587879419326782,0.26734278,0.953101940808106,2.002147674560547,0.1062968298792839,0.3885657,0.9427270276688718,1.8075778484344482,0.21008522808551788,0.29455572,0.962800107427714,1.9143980741500854,0.14557436108589172,0.24783172,0.9515500621577834,1.763044834136963,0.2968832552433014,0.18984291,0.970107116839549,1.5162626504898071,0.09480548650026321,0.44956878,0.9963748950510797,1.7911226749420166,0.19156712293624878,0.28676665,0.9825537882278532,1.865099549293518,0.11881613731384277,0.51940584,1.0177808611760708,2.3338208198547363,0.2272053062915802,0.24830443,0.9842261115691793,2.1969141960144043,0.10470861196517944,0.3426945,0.9942565635818663,2.427647829055786,0.19549672305583954,0.23591825,0.979905515853558,2.221834182739258,0.21364684402942657,0.27402827,0.989144820988792,2.0456271171569824,0.11043805629014969,0.4014888,1.0226456294783115,2.316474437713623,0.15398016571998596,0.46390036,0.9483408943838025,2.053645133972168,0.15263959765434265,0.45080805,0.9366841835261175,2.086122512817383,0.17847387492656708,0.31778926,0.9630343073295243,1.748314380645752,0.25836434960365295,0.43449312,0.8964810347734541,2.4773263931274414,0.5952421426773071,0.45012218,0.4652183648653036,1.9222439527511597,0.24341556429862976,0.21236782,0.38585221542846015,2.1789920330047607,0.13566148281097412,0.18856867,0.6685711653063606,3.3180508613586426
0,0.05474971607327461,0.21214533,0.731082165438418,3.2438700199127197,0.02935579977929592,0.16122873,0.5541196518990132,2.5012645721435547,0.0004418390162754804,0.14865223,0.3175429215099022,1.570656418800354,0.10851188004016876,0.36524284,0.9639006640168176,1.9820685386657715,0.21049124002456665,0.2808658,0.9458085672531336,1.9125826358795166,0.09290645271539688,0.41294557,0.9503400045489135,1.769749402999878,0.19751831889152527,0.32528427,0.9523071841256102,2.0533692836761475,0.12606115639209747,0.29044375,0.9539807829011075,1.795427918434143,0.27411308884620667,0.19509692,0.9560093060073643,1.5335479974746704,0.058749422430992126,0.5112286,0.9802860957167978,1.8236504793167114,0.16968849301338196,0.32359886,0.9683736192893712,1.646541714668274,0.08854926377534866,0.57809067,0.9916507680306357,2.3585288524627686,0.16646036505699158,0.26578784,0.9644117955310006,2.0306601524353027,0.09227479994297028,0.42264444,0.9798727159327432,2.3723411560058594,0.1321229785680771,0.2970524,0.965154894694857,2.2773566246032715,0.13436704874038696,0.3014795,0.9707731651898004,2.2503275871276855,0.06707391142845154,0.38587263,1.0033232652241402,1.9117964506149292,0.0894470140337944,0.47685105,0.9600231193594045,2.079547882080078,0.07947802543640137,0.45032755,0.9541547573065534,2.1661698818206787,0.12774792313575745,0.3458214,0.9673621608030898,2.000720262527466,0.14407555758953094,0.5032309,0.9237503033072939,2.5982110500335693,0.48829805850982666,0.5046775,0.47553429337209185,2.2274208068847656,0.19933456182479858,0.16969615,0.3846652685101753,2.342931032180786,0.1281358003616333,0.15195762,0.6731785052330134,3.4565751552581787
0,0.053352825343608856,0.23710495,0.7255459505504365,3.036855936050415,0.022105611860752106,0.1569146,0.5303395059699926,2.248411178588867,0.0006164246588014066,0.1459343,0.31538637019280785,1.2636947631835938,0.10630711168050766,0.35341537,0.9651474743433694,1.8136332035064697,0.17908254265785217,0.28244185,0.9492406019571513,2.032064914703369,0.10761143267154694,0.39291546,0.9495058783291107,1.636680006980896,0.20773518085479736,0.33248144,0.9567108461354872,1.947180986404419,0.11443809419870377,0.26774567,0.9538506331315489,1.7249687910079956,0.27010616660118103,0.19461827,0.9590138706998723,1.7410045862197876,0.07308784127235413,0.47326717,0.9840216638627216,1.902756690979004,0.1569373607635498,0.3079122,0.9712361369961063,1.825438380241394,0.08736163377761841,0.5561053,0.9981563587087237,1.7902356386184692,0.1619778573513031,0.26410922,0.9693511204490873,2.2631189823150635,0.07975224405527115,0.38279057,0.9843689479387494,2.1809561252593994,0.14222340285778046,0.27614313,0.9673869644169576,2.236297607421875,0.14681071043014526,0.320184,0.9749385682577935,2.3677637577056885,0.09533842653036118,0.407963,1.0049064821468088,2.168637275695801,0.11268841475248337,0.46929356,0.958708532421544,1.9836547374725342,0.09363752603530884,0.48634428,0.9517609847189135,1.7046823501586914,0.1335609406232834,0.34582067,0.9701064082634697,1.771172046661377,0.16652680933475494,0.49204952,0.926710344782399,2.3918778896331787,0.5348613858222961,0.49870342,0.4803148810289831,2.2137067317962646,0.22958451509475708,0.18108962,0.3969300804360707,2.3115975856781006,0.12109636515378952,0.16035578,0.6662027885353152,3.417266845703125
1,0.023798467591404915,0.22261818,0.739242453546539,2.3223423957824707,0.013638087548315525,0.10747956,0.5493492515050413,1.6482398509979248,0.0006516542634926736,0.08549537,0.3193669872076808,1.6886085271835327,0.13537092506885529,0.3016185,0.9667064961334284,1.7804114818572998,0.20843505859375,0.23190802,0.951880381679487,1.6722244024276733,0.12376612424850464,0.34895813,0.9253134532403244,1.569988489151001,0.29171988368034363,0.2253897,0.9689621325762525,1.6009628772735596,0.15842479467391968,0.22179426,0.9428023840238957,1.6506882905960083,0.3100024163722992,0.17280132,0.9778804156170897,1.6185142993927002,0.14342403411865234,0.40387756,1.01413179853578,2.0096189975738525,0.22862595319747925,0.26962653,0.9948703166232773,1.730696678161621,0.14915193617343903,0.43619633,1.034437316470347,2.3236827850341797,0.2711993455886841,0.20664467,0.9872426304599133,2.1482913494110107,0.16216929256916046,0.25812083,0.9975062439017189,1.9330246448516846,0.2505008280277252,0.20140933,0.9856142063454623,1.9876117706298828,0.2373783141374588,0.24324426,0.9919202746655296,1.9500460624694824,0.21646341681480408,0.3661404,1.0100621899545665,2.478670835494995,0.25651732087135315,0.37441126,0.9184727531317181,2.33180570602417,0.27128058671951294,0.41111347,0.897190051857155,1.9703245162963867,0.267976313829422,0.2352947,0.9461845725944313,1.9560019969940186,0.36910194158554077,0.44261178,0.8641145399301492,2.278385639190674,0.6208136081695557,0.48734245,0.47581438355741656,1.7757980823516846,0.22938989102840424,0.2387765,0.38995911271313205,2.0171144008636475,0.13539132475852966,0.22620805,0.6422736730798515,3.2004146575927734
1,0.04611466825008392,0.24001396,0.7313221261792294,2.9850478172302246,0.026186728850007057,0.16853179,0.5431089597778416,2.2608096599578857,0.00017613258387427777,0.14357713,0.31576737032045377,1.325763463973999,0.09069627523422241,0.36129203,0.9660210956948005,1.9322084188461304,0.1714942753314972,0.26994747,0.9518133123311859,1.8814542293548584,0.11193396151065826,0.38041282,0.9497424420917515,1.7893487215042114,0.2248898595571518,0.3084511,0.9597983781169881,1.7390036582946777,0.13190044462680817,0.26123446,0.9546044809240194,2.024031639099121,0.292671799659729,0.1876432,0.9642920686642017,1.4988657236099243,0.06955666095018387,0.45903108,0.9888441225141884,1.8150885105133057,0.1749030351638794,0.30815881,0.9757291540328773,1.760903000831604,0.08429352194070816,0.5320843,1.0010907423515985,2.203118085861206,0.1839868724346161,0.25688395,0.9713679438170482,2.09834623336792,0.09148268401622772,0.3879227,0.9848519695404947,2.3180203437805176,0.16037948429584503,0.2610722,0.9721535741011572,2.2937095165252686,0.1850641667842865,0.3190428,0.9776632036622193,2.0021159648895264,0.09550800174474716,0.4019517,1.004368578600158,2.3767552375793457,0.17052732408046722,0.44567338,0.9498835503662596,2.201537609100342,0.1143660768866539,0.45617992,0.9374986291755313,2.010000467300415,0.1530020534992218,0.33287895,0.9590307325428836,1.767525553703308,0.1821756511926651,0.48576093,0.9047768172035483,2.5480594635009766,0.5241748094558716,0.5047214,0.4771015363480372,2.178363084793091,0.1969889998435974,0.18620738,0.3914785133893135,2.271441698074341,0.1339109241962433,0.17843977,0.6593033114441657,3.3716630935668945
0,0.03416746109724045,0.26172057,0.7204099665807251,2.513934373855591,0.007118951994925737,0.16140212,0.5231598693266358,1.5288031101226807,0.0001253633527085185,0.114237875,0.31328050871621665,1.3803592920303345,0.13585107028484344,0.3607601,0.9696915486941046,2.011417865753174,0.20668604969978333,0.2860454,0.9557953205559575,1.9719711542129517,0.1315722018480301,0.40626192,0.9400363658707341,1.6091996431350708,0.260490745306015,0.2973371,0.9686046294131401,1.8255336284637451,0.18022844195365906,0.22218375,0.9520674747408808,1.5299272537231445,0.3230535387992859,0.18007551,0.9725235690469537,1.7006043195724487,0.11992401629686356,0.43564624,1.0042937192604067,2.1602842807769775,0.2039007544517517,0.29533336,0.9903601749578383,1.718686580657959,0.13496997952461243,0.47823364,1.036737243407065,1.9522148370742798,0.1841324418783188,0.2595643,0.990570085642697,2.2672886848449707,0.11810315400362015,0.3235911,1.004370226886926,2.2395083904266357,0.20777849853038788,0.210387,0.9859621979305553,1.9757136106491089,0.22348298132419586,0.27585375,0.9992144261887018,1.8439544439315796,0.19665122032165527,0.40406123,1.0323996187493965,2.3631200790405273,0.21927256882190704,0.46156833,0.9665335752535682,2.269953489303589,0.1973361074924469,0.45501631,0.9622783755676025,1.9571242332458496,0.22327327728271484,0.32410875,0.9870124179953291,1.786487102508545,0.32167044281959534,0.47246945,0.908090975573148,2.2610158920288086,0.6424880027770996,0.42354977,0.462601282506916,1.7429594993591309,0.26316186785697937,0.23239155,0.39163985101953297,2.1281447410583496,0.17477372288703918,0.2104654,0.6706723208352035,3.337996482849121
0,0.025692269206047058,0.22731903,0.753170479856128,2.8084349632263184,0.011751390993595123,0.14038812,0.5581310746790472,2.013251304626465,0.0004840932379011065,0.12140009,0.3207251675818604,1.0369397401809692,0.11032573133707047,0.33798653,0.9675420113008565,1.332311987876892,0.17207320034503937,0.24130128,0.9514270072258116,1.9216500520706177,0.09529288858175278,0.37042424,0.9402397070073858,1.852565884590149,0.2358149290084839,0.26714092,0.9637977020262426,1.7530070543289185,0.11146942526102066,0.26002896,0.9490415806822544,1.8433431386947632,0.29569754004478455,0.18282169,0.9682531785284442,1.454988956451416,0.07578045129776001,0.4376753,0.9909068987592361,2.0649917125701904,0.16395804286003113,0.2785517,0.9767517446923332,1.9291152954101562,0.09832777082920074,0.48623082,0.9975946183018213,2.2532434463500977,0.2095596194267273,0.2275804,0.9706128385401759,2.0973479747772217,0.09070461988449097,0.3356127,0.9794778762232694,2.4606354236602783,0.16990603506565094,0.24653009,0.9725626823521829,2.327225923538208,0.16830480098724365,0.3031558,0.9792500352811032,2.051807165145874,0.11122117936611176,0.40607196,1.010972976207313,2.0650665760040283,0.1574610024690628,0.41335288,0.9464083434906652,2.2872536182403564,0.13678447902202606,0.45087636,0.9272117913788895,1.8722286224365234,0.17547950148582458,0.33649197,0.9565600273398478,1.8333505392074585,0.20607039332389832,0.46023908,0.8921759940093705,2.5650510787963867,0.5354409217834473,0.4927656,0.5011780450182033,2.1385691165924072,0.2139517366886139,0.2066429,0.41820782346151336,2.2638919353485107,0.13986323773860931,0.19356498,0.6583102375139008,3.217526912689209
1,0.02882879041135311,0.2527143,0.7434743757747845,2.8109655380249023,0.012854445725679398,0.13809098,0.5461454221971758,2.0027668476104736,0.0004706787003669888,0.1181822,0.320420062751651,1.03014075756073,0.11645520478487015,0.34205088,0.9670952251181586,1.765083909034729,0.15631641447544098,0.24302785,0.9512480549448108,1.9193328619003296,0.10288993269205093,0.37318859,0.9414260974041516,1.7778661251068115,0.2221057265996933,0.26907626,0.9656549506419317,1.6761263608932495,0.10376106947660446,0.26044098,0.9509780776518436,1.7827692031860352,0.2644350230693817,0.18592924,0.9702600522697392,1.3758705854415894,0.07739183306694031,0.45610473,0.9939474086307504,2.093869209289551,0.1781960278749466,0.28238922,0.9798172542987137,1.665995717048645,0.10920696705579758,0.48555395,1.000709367947882,1.7815842628479004,0.19007103145122528,0.23420157,0.9744977645240861,2.0658340454101562,0.10946248471736908,0.35460427,0.9799883021196492,2.195082664489746,0.1936614066362381,0.24970657,0.9718461027264894,2.3616585731506348,0.18470734357833862,0.3025218,0.9769733546617251,2.1864051818847656,0.10693293064832687,0.41887093,1.0061833332690857,2.1445412635803223,0.17801696062088013,0.43316874,0.9501685634539824,2.1497859954833984,0.1648901402950287,0.48013514,0.9331465349874978,2.0546741485595703,0.1961873322725296,0.34720662,0.961041064627639,1.646963119506836,0.23908883333206177,0.46388692,0.8962516138501335,2.5210492610931396,0.5209593772888184,0.5078402,0.4890858725490202,2.151210069656372,0.19890591502189636,0.20745295,0.41663169988002396,2.241541624069214,0.1300661861896515,0.19214888,0.6763704541760637,3.3461172580718994
0,0.03074013814330101,0.26185554,0.7318234231524756,2.637295961380005,0.012888707220554352,0.14925094,0.526489774221111,1.8802051544189453,0.00018862563592847437,0.12331282,0.3150044356997574,1.1344071626663208,0.11222254484891891,0.34153697,0.9690074762995716,1.7192877531051636,0.1930978000164032,0.28633255,0.9547985663641181,1.9937673807144165,0.12111060321331024,0.39713734,0.9440377840776624,1.616215467453003,0.25293493270874023,0.3206701,0.9661875340961711,1.5963771343231201,0.1541420817375183,0.2415032,0.951866659205257,1.723266363143921,0.28018245100975037,0.1894436,0.9704553353105969,1.605504035949707,0.10291428118944168,0.44591513,0.997785295300442,1.9802865982055664,0.18750311434268951,0.3020486,0.9828568310264609,1.8991585969924927,0.10582007467746735,0.48923737,1.0194827621517661,2.0508949756622314,0.2270849496126175,0.24847968,0.9847526809305176,2.225767135620117,0.10165120661258698,0.34064332,0.9919578834930649,2.2627503871917725,0.20521296560764313,0.2268219,0.9764086425990477,2.0988850593566895,0.2061401605606079,0.2576875,0.9876254121892182,2.0963048934936523,0.19288474321365356,0.38688928,1.01424304717422,2.2101056575775146,0.15813316404819489,0.45105988,0.9501384649126418,2.035771369934082,0.16462330520153046,0.46160287,0.9436254053143783,1.9928627014160156,0.1952367126941681,0.33217832,0.968609498414385,1.7715837955474854,0.2934914529323578,0.47885504,0.9036642952949531,2.3427622318267822,0.6243528723716736,0.44408575,0.4737139798817575,1.8727425336837769,0.2612638771533966,0.22517939,0.389128866105806,2.2589659690856934,0.16098399460315704,0.20720358,0.6733268096143031,3.3411262035369873
0,0.047178033739328384,0.24839358,0.7327280772123892,3.070434808731079,0.010970959439873695,0.17196687,0.5441812809285953,2.298158645629883,0.0005875701899640262,0.14379139,0.31682719128140213,1.3655353784561157,0.10377776622772217,0.3598643,0.966626550440393,1.7228491306304932,0.18024535477161407,0.28156698,0.949995529574951,2.022538661956787,0.11501064896583557,0.3992389,0.9476582791245414,1.6043118238449097,0.21422509849071503,0.3058286,0.9574055005136063,2.1110739707946777,0.13224656879901886,0.26348752,0.9542002188630356,1.9033643007278442,0.30579304695129395,0.19804038,0.9613067282785482,1.4022841453552246,0.061867065727710724,0.48112082,0.9838453585132954,1.9208812713623047,0.17009282112121582,0.31879285,0.9739700356250154,1.6917598247528076,0.0949782207608223,0.57328147,1.0020805762951124,1.957664132118225,0.1594824641942978,0.2733892,0.9696184494837088,2.2114720344543457,0.08252326399087906,0.40584087,0.9853532608632113,2.4278407096862793,0.15180259943008423,0.29589197,0.9708730827111874,2.1271018981933594,0.15533529222011566,0.33312824,0.9761373238298279,2.2354323863983154,0.06268265843391418,0.38125527,1.0060599860196118,2.3030989170074463,0.1159551814198494,0.47898358,0.9536564819418114,1.9038705825805664,0.09680639952421188,0.49678907,0.947132982342505,1.969435691833496,0.14525221288204193,0.334495,0.9659811550220039,1.7081941366195679,0.1886170506477356,0.5228495,0.9156888303018473,2.6115474700927734,0.5463113784790039,0.49998727,0.47657863594807487,2.1264309883117676,0.22276924550533295,0.19434074,0.38925639043138544,2.373969554901123,0.1531146615743637,0.1699254,0.6557152022926055,3.3224143981933594
0,0.024106323719024658,0.23752473,0.7338216163990742,2.768165349960327,0.009742126800119877,0.16010079,0.5375355646371114,1.9565483331680298,0.0003295638889539987,0.12004375,0.31868525095717926,1.1048086881637573,0.11179469525814056,0.336197,0.9681211192027597,1.7191988229751587,0.1957755833864212,0.2525583,0.9522343075358122,1.913914442062378,0.1020391508936882,0.3698496,0.9479209649429811,1.7976722717285156,0.24213917553424835,0.28237408,0.9656724953064704,1.8646318912506104,0.12361602485179901,0.24866018,0.9541970340973612,1.7627451419830322,0.314210444688797,0.18036449,0.9662570414401866,1.6140321493148804,0.08569549024105072,0.4140721,0.9955919054157436,2.084315299987793,0.17906838655471802,0.26595968,0.9788987839559519,1.8364540338516235,0.09825559705495834,0.47251046,1.0114226979235108,2.0485992431640625,0.20939642190933228,0.22820051,0.9762748624855362,2.246891736984253,0.11683880537748337,0.27300435,0.9883629664976884,2.326300621032715,0.16641762852668762,0.22256435,0.9740141476573733,2.198834180831909,0.18414178490638733,0.27137965,0.9801027140028662,2.129451036453247,0.14387230575084686,0.3729181,1.0044618967937804,2.728722333908081,0.22775647044181824,0.42862836,0.9537409313915434,2.3087549209594727,0.14547330141067505,0.43355125,0.9405413318220277,1.9303498268127441,0.17668652534484863,0.29508492,0.9617831263815061,1.9570831060409546,0.23639024794101715,0.46277934,0.9049211791838204,2.316598892211914,0.5373197793960571,0.5052528,0.4597957331295012,2.138413429260254,0.22363939881324768,0.21503127,0.3956428438950509,2.326622247695923,0.13778991997241974,0.21272762,0.6515225558986765,3.2597482204437256
0,0.02549760788679123,0.26938203,0.7380109736366471,2.991241455078125,0.018328098580241203,0.15630601,0.5543852086734397,2.2666256427764893,0.00031046627555042505,0.14343789,0.315867081865498,1.264721155166626,0.10968207567930222,0.35574782,0.9663772288509278,1.598527431488037,0.20035171508789062,0.27370656,0.9518168924181184,1.9162580966949463,0.10927964746952057,0.39644274,0.9512305749349133,1.7325913906097412,0.2165389358997345,0.33225888,0.9600280585171225,2.0199599266052246,0.11819910258054733,0.28248006,0.9558427866062609,1.5942697525024414,0.30119892954826355,0.20190339,0.9640801443628711,1.633894920349121,0.06498323380947113,0.47905073,0.9852680321856245,1.9664973020553589,0.1604362428188324,0.32140693,0.9747350931748785,1.976164698600769,0.09248863160610199,0.52314395,0.9984747017566181,2.3348960876464844,0.17128778994083405,0.26274055,0.9711566227939145,2.314716339111328,0.0929512232542038,0.41064999,0.983870860973312,2.290708303451538,0.1657228320837021,0.29842743,0.969638443499994,2.0553336143493652,0.16048219799995422,0.32873753,0.9769576754281584,2.0998589992523193,0.0755317285656929,0.39762792,1.0077081314308853,2.0651087760925293,0.12313881516456604,0.46733126,0.9482194148555843,1.8287400007247925,0.10769850015640259,0.44106817,0.9395572022101978,2.164367198944092,0.1481332778930664,0.3421152,0.96184865220528,1.9474842548370361,0.20931245386600494,0.5139723,0.9108395009651754,2.2629337310791016,0.5398054122924805,0.48800337,0.48404798872110244,2.145030975341797,0.2245306521654129,0.1867252,0.38626584488932314,2.330805778503418,0.14751790463924408,0.15132836,0.6702961221811141,3.3678503036499023
0,0.025877617299556732,0.23263744,0.7378272045285394,2.5080041885375977,0.006477741990238428,0.15663642,0.5291001438646971,1.6906224489212036,0.00013139157090336084,0.10566343,0.320022001262632,1.1158949136734009,0.13565398752689362,0.31190377,0.9699340087883607,1.42280113697052,0.20471660792827606,0.23443079,0.9548620961843169,1.674670696258545,0.11351395398378372,0.350058,0.9416197027956459,1.4236117601394653,0.2652098536491394,0.25725758,0.9673420895425595,1.7383081912994385,0.13525739312171936,0.23117107,0.9473918639605883,1.775735855102539,0.32949092984199524,0.16429609,0.9693371814745844,1.5115535259246826,0.1076362207531929,0.3677586,1.0060019738466865,1.9083839654922485,0.20365792512893677,0.2418604,0.9825595582286004,1.7787986993789673,0.12794341146945953,0.44998318,1.017069633126686,1.9661870002746582,0.22672387957572937,0.20689866,0.9798095747479879,2.060645580291748,0.13111555576324463,0.22978897,0.9888762952021749,2.1406056880950928,0.19694410264492035,0.21572933,0.9795794911889377,2.2078394889831543,0.2039191871881485,0.23799478,0.9822811396867666,1.9558099508285522,0.16046461462974548,0.32903805,1.0162391402888256,2.642141342163086,0.22149886190891266,0.40400374,0.9598548924246098,2.4003989696502686,0.19650594890117645,0.4451497,0.948380914058951,2.10902738571167,0.2141699194908142,0.28772187,0.9605524506566736,1.9497089385986328,0.2769152820110321,0.43551102,0.8872165607244829,2.4888813495635986,0.5811693072319031,0.5058409,0.4462117702594608,1.9857068061828613,0.21112418174743652,0.22708383,0.36960788985664567,2.1552581787109375,0.11329429596662521,0.22628622,0.6140252624754304,2.9581592082977295
0,0.04964887350797653,0.2369852,0.7316120478685678,3.2166225910186768,0.019993936643004417,0.17003864,0.5448608881651968,2.4449405670166016,0.0005442285328172147,0.13677664,0.31353242612654886,1.6384093761444092,0.08674480020999908,0.3796573,0.96262395180014,1.814484715461731,0.18655693531036377,0.30318454,0.9454786492726395,2.1539363861083984,0.09848703444004059,0.42264596,0.9491399216347253,1.7978521585464478,0.19626034796237946,0.35713252,0.9519199163704315,2.094187021255493,0.10616271942853928,0.2875926,0.9519803993423513,2.087293863296509,0.24757911264896393,0.22821416,0.9555216069843878,1.540626049041748,0.054997388273477554,0.5181214,0.9771744600244127,2.127023220062256,0.147769495844841,0.33788764,0.9682735347422833,1.63804292678833,0.05644822493195534,0.5919055,0.992080091782026,2.314122200012207,0.18914873898029327,0.29555708,0.9652149248383658,2.2275166511535645,0.06489796936511993,0.4217354,0.9794404670493818,2.7141783237457275,0.1437734067440033,0.3031375,0.9645172169715073,2.0956130027770996,0.13729700446128845,0.339982,0.9731716525068385,2.539595127105713,0.04017475247383118,0.4034578,1.0113088320265256,1.9929312467575073,0.09792216122150421,0.46881607,0.9671447685674859,2.0289154052734375,0.07437658309936523,0.53583527,0.960259266459812,2.004509925842285,0.10740188509225845,0.3730336,0.9751783496757398,2.111837387084961,0.13613303005695343,0.5239528,0.9338642857887292,2.4317972660064697,0.49083372950553894,0.48714328,0.48892734349754596,2.346135139465332,0.220687597990036,0.18019627,0.4028702176125268,2.4060401916503906,0.1395658403635025,0.14404623,0.6840742774470091,3.525669574737549
0,0.05802254378795624,0.36488366,0.6987858731345955,3.647549629211426,0.05248556658625603,0.14324129,0.5442639166942843,3.2650907039642334,0.0010015751468017697,0.04537368,0.29038598786583764,1.2617206573486328,0.5362842082977295,0.46405888,0.9255127620404346,0.7416803240776062,0.5661090016365051,0.37188292,0.9002699222361477,0.7706277370452881,0.5342689156532288,0.5206294,0.9195695658718536,0.7472460269927979,0.5567063093185425,0.44788432,0.904815931477286,0.821050763130188,0.5320144891738892,0.40008473,0.9248689809450023,0.7391302585601807,0.5690339803695679,0.2373259,0.9009611100150955,0.8217282295227051,0.5164119601249695,0.5402942,0.9414091727421708,0.7249455451965332,0.5480948686599731,0.4454062,0.9212529930560232,0.7707747220993042,0.5206862092018127,0.6482215,0.9417598399277073,0.7366336584091187,0.5518604516983032,0.40721536,0.922738659710629,0.7594351768493652,0.5304337739944458,0.46352506,0.9356483346960719,0.7428668737411499,0.5532311797142029,0.40227842,0.9228006428048197,0.7552690505981445,0.548599362373352,0.41652465,0.9207906600338366,0.7872172594070435,0.506043553352356,0.27586508,0.9563022115136661,0.7485923767089844,0.5197094082832336,0.4392147,0.9315947764983933,0.7646780014038086,0.5211596488952637,0.54730177,0.925211061363906,0.7807204723358154,0.5446103811264038,0.36976647,0.9128411810920498,0.8174302577972412,0.5127633810043335,0.58292985,0.907822065517669,0.8776314854621887,0.28331151604652405,0.46231818,0.4665421554665392,2.346374034881592,0.09577188640832901,0.13138342,0.2765952132039939,2.3883228302001953,0.15766167640686035,0.09031677,0.5579308295190553,3.304825782775879
0,0.03794186934828758,0.25543755,0.743911859655421,2.82003116607666,0.012092739343643188,0.1435625,0.5493084764098595,2.0248172283172607,0.0005469705210998654,0.11594406,0.3201956533373705,1.1639286279678345,0.12395107001066208,0.33327731,0.9682896012665129,1.5161633491516113,0.15496733784675598,0.24418764,0.9516367123120492,2.0161125659942627,0.09728215634822845,0.3595798,0.9403570571938327,1.8227245807647705,0.23803234100341797,0.26810506,0.965121540855067,1.7076855897903442,0.11957332491874695,0.25708914,0.9508370651856183,1.760376214981079,0.28684669733047485,0.18224278,0.9695572988738377,1.3956706523895264,0.07617013156414032,0.43227196,0.9932970312589958,2.022944211959839,0.16958415508270264,0.27958885,0.9786596500541381,1.7756434679031372,0.0880206823348999,0.474265,0.9980182522899187,1.7479983568191528,0.21350033581256866,0.23243067,0.9722079828722832,2.1608190536499023,0.10412798821926117,0.33254352,0.9778648749620042,2.385991096496582,0.183184415102005,0.25043172,0.9717802779738605,2.1971044540405273,0.20095720887184143,0.30019927,0.9791494573491483,2.0345711708068848,0.14870145916938782,0.41039145,1.0077124418719594,2.2884082794189453,0.15662138164043427,0.41898778,0.955724753682705,2.2625668048858643,0.1507135033607483,0.48656145,0.9393117379740265,1.9911043643951416,0.19207625091075897,0.31578097,0.9639834906545871,1.7007488012313843,0.21344050765037537,0.46193445,0.905500507867778,2.681741237640381,0.515108585357666,0.49096775,0.4972475787748645,2.22721529006958,0.1844809651374817,0.20186183,0.4269129527830582,2.280708074569702,0.12807095050811768,0.19159362,0.6735600929903576,3.343543291091919
0,0.04794078320264816,0.24810371,0.7315917537026565,3.1189684867858887,0.02192697674036026,0.15989457,0.5396455896358762,2.3083419799804688,0.0004920194041915238,0.1494994,0.3174866588419881,1.3503901958465576,0.10692516714334488,0.35363898,0.9654653506927483,1.5867424011230469,0.17316895723342896,0.27298734,0.9493302801718915,2.1069679260253906,0.11212576925754547,0.40550238,0.9495403445175936,1.7280752658843994,0.19868513941764832,0.3419974,0.9590620739744038,2.049232006072998,0.12055627256631851,0.26888588,0.9547255260140793,1.82639741897583,0.27204880118370056,0.19525237,0.9609342579302055,1.6128710508346558,0.06025417894124985,0.4801652,0.9820092775128096,1.9384560585021973,0.17292799055576324,0.31421,0.9710612955378323,1.636936902999878,0.08136772364377975,0.55644083,0.9960661785995083,1.9926780462265015,0.19240552186965942,0.26234448,0.968918353680652,2.1193394660949707,0.08590327203273773,0.39288393,0.9796596379627069,2.4492580890655518,0.1520853340625763,0.28188044,0.9690375644809133,2.14943265914917,0.15200400352478027,0.32233703,0.9768047001792383,1.9968037605285645,0.0787118449807167,0.39991075,1.000844578354582,2.019146203994751,0.10882917046546936,0.46901202,0.9492527517232486,2.1052029132843018,0.09602116793394089,0.4921135,0.9427808909087659,1.9067554473876953,0.13533131778240204,0.34524447,0.9673984131786371,1.8734309673309326,0.1751253306865692,0.51621413,0.920844080969325,2.5920042991638184,0.5389493703842163,0.48342645,0.4928590350213599,2.1468286514282227,0.2326483130455017,0.17849301,0.3897006088907201,2.380520820617676,0.15042077004909515,0.16476762,0.6864051206983073,3.4553022384643555
0,0.0496835932135582,0.23990577,0.7502365739101061,3.2670276165008545,0.024683654308319092,0.1752478,0.5603718155013933,2.4064691066741943,0.0009342620614916086,0.15970157,0.318414659988649,1.3428809642791748,0.10359271615743637,0.36545566,0.9649986053964363,2.0664312839508057,0.18747776746749878,0.2760075,0.9465352584338934,2.170931339263916,0.09159211069345474,0.4116155,0.948179745663792,1.9698554277420044,0.20155584812164307,0.33212414,0.9541533636177003,2.038276433944702,0.10259371250867844,0.28164327,0.9520034595942062,1.8065495491027832,0.2807990610599518,0.19881849,0.9596903933265896,1.5017725229263306,0.05734815448522568,0.50327116,0.9822609569386006,1.9922910928726196,0.1734406054019928,0.31020248,0.9710312935502572,1.4521862268447876,0.0917990580201149,0.5481319,0.9963893220885762,1.8653743267059326,0.15785863995552063,0.2772087,0.9674493431359227,2.0652894973754883,0.07336829602718353,0.4108984,0.9813567230028422,2.26004958152771,0.14347651600837708,0.25905442,0.9686682350426482,2.2631351947784424,0.15670455992221832,0.34532562,0.9759140695997978,2.0124809741973877,0.04101959615945816,0.40056273,1.0035394939673243,1.8492666482925415,0.10567089170217514,0.4644933,0.9489773230604363,1.9371438026428223,0.09823674708604813,0.48139173,0.9391885722424838,1.92210054397583,0.14350715279579163,0.34907266,0.9613598931592854,1.9110386371612549,0.1690567284822464,0.5193114,0.9134454531007031,2.4547529220581055,0.5112874507904053,0.49052197,0.5018319576934042,2.2898309230804443,0.25465166568756104,0.16898568,0.4073706470470848,2.4239542484283447,0.13972100615501404,0.1470845,0.6806334699169786,3.43066143989563
0,0.035881441086530685,0.24067736,0.750871477765111,2.857693672180176,0.012548418715596199,0.13301657,0.5620162474134561,2.010246515274048,0.0005663125775754452,0.12755488,0.32019094722888797,0.9567544460296631,0.13902878761291504,0.33056828,0.9680205422463478,1.757009506225586,0.20357143878936768,0.24003583,0.9510764501101823,1.8332322835922241,0.11059848964214325,0.34348083,0.9389893785230151,1.7227733135223389,0.20237915217876434,0.29914647,0.9576129297168345,1.7275718450546265,0.116452157497406,0.24277359,0.944096252051157,1.7664793729782104,0.3027535676956177,0.18835956,0.9678817786292425,1.3674565553665161,0.08104617893695831,0.41084996,0.9908230412128339,1.896181344985962,0.18708536028862,0.2738605,0.9790353649917738,1.9218177795410156,0.09676011651754379,0.47980532,1.0091818553763117,2.002610921859741,0.19933679699897766,0.22229981,0.9763967098237382,2.261723279953003,0.10699065774679184,0.3001465,0.9889214712795036,2.1508448123931885,0.209071084856987,0.24393336,0.9762371232774862,2.0793182849884033,0.18720069527626038,0.2819826,0.9830020722352685,2.1613550186157227,0.07916781306266785,0.3784649,1.0195839925923433,2.418635129928589,0.16077540814876556,0.4491334,0.9515104417774475,2.1698269844055176,0.13670839369297028,0.46796992,0.9376457176879762,2.1262190341949463,0.18086768686771393,0.3014891,0.9580751300599734,1.7968424558639526,0.24928496778011322,0.41798568,0.8922182462154491,2.564666986465454,0.5285365581512451,0.49139202,0.48895397641772215,2.1601791381835938,0.2313101440668106,0.21659003,0.4034547010186748,2.2843661308288574,0.1282530128955841,0.17714155,0.6648332515294564,3.2880899906158447
0,0.0323023721575737,0.25115553,0.7436225056758862,2.828343391418457,0.010543832555413246,0.14740017,0.5635104050441421,2.0638861656188965,0.0004689617780968547,0.11163984,0.3275565923333017,0.9538367986679077,0.1161690279841423,0.329806,0.9671852961349929,2.0545549392700195,0.1953418105840683,0.2588185,0.9522900599033888,1.843299388885498,0.10211139172315598,0.3760171,0.9411314118044577,1.8513391017913818,0.2301202267408371,0.26361442,0.9640963616266947,1.7633312940597534,0.1195167675614357,0.2582598,0.9521467955152907,1.7348612546920776,0.2927984893321991,0.17573696,0.970270503314979,1.4910696744918823,0.08035551011562347,0.4416823,0.9984336533660295,1.9532511234283447,0.1848313808441162,0.28861013,0.9838971401042881,1.980067491531372,0.10697943717241287,0.5033828,1.0103488357579153,2.1411893367767334,0.20434165000915527,0.22788621,0.976179400990532,2.3133978843688965,0.10650414973497391,0.3009437,0.98881110622377,2.2433133125305176,0.20460893213748932,0.24600658,0.9764680378222272,2.32723069190979,0.1799663007259369,0.28851694,0.979788766103336,2.0071792602539062,0.12908022105693817,0.39427054,0.9926198941635493,2.2931482791900635,0.16669979691505432,0.40148416,0.92882982162393,2.10599684715271,0.14957377314567566,0.43675458,0.9091315060966834,2.050757884979248,0.18957224488258362,0.25589195,0.9475974547020481,2.0256595611572266,0.2518887519836426,0.49872628,0.8974275270744285,2.536278247833252,0.5641116499900818,0.47671136,0.4907977887685993,2.0441694259643555,0.22612904012203217,0.20736668,0.39807535668000604,2.2132387161254883,0.13808099925518036,0.20182636,0.6432988198092361,3.245077610015869
0,0.043527163565158844,0.26986668,0.7342524467843422,3.041158437728882,0.02332581952214241,0.17827468,0.5504037135349836,2.2955896854400635,0.0006194181041792035,0.15405571,0.3145889597990814,1.4432367086410522,0.10937018692493439,0.35815877,0.9670762980544861,1.692173719406128,0.1983388364315033,0.28294572,0.9512239093858765,1.8316776752471924,0.11025430262088776,0.3963763,0.9512227967158615,1.6317031383514404,0.20328594744205475,0.3285858,0.9586267473084549,1.7628610134124756,0.11400410532951355,0.27303684,0.9567652567339243,1.949064016342163,0.30202716588974,0.19841516,0.9631584759783928,1.4907114505767822,0.07267434149980545,0.4619304,0.985655923775856,2.1541731357574463,0.16959989070892334,0.31755373,0.9742098155264964,1.9234015941619873,0.06858126074075699,0.5258461,0.9985509427502113,2.229436159133911,0.18160302937030792,0.27388906,0.970964578369155,2.1431891918182373,0.08795955032110214,0.40289235,0.9810758774443418,2.485452651977539,0.15568609535694122,0.29029885,0.9695405167116573,2.352311134338379,0.16268689930438995,0.3092491,0.9762490958913537,2.1728615760803223,0.06025455892086029,0.4141656,1.0087822180373254,2.377516508102417,0.12372620403766632,0.47695917,0.957379180029744,1.9177645444869995,0.10086135566234589,0.4778342,0.949428093423466,2.1172728538513184,0.14523157477378845,0.34520867,0.9710631120733272,1.8866572380065918,0.17286962270736694,0.49454144,0.9177949251719039,2.5372474193573,0.5268231630325317,0.47928676,0.47702260247709855,2.1632351875305176,0.22650977969169617,0.17973404,0.3913281700156918,2.3263180255889893,0.137982577085495,0.15270407,0.672927452482343,3.3971846103668213
0,0.03826445713639259,0.25878733,0.7298571159786604,3.0448126792907715,0.024350034072995186,0.16247138,0.5439044653322196,2.243675708770752,0.0003741067775990814,0.1370994,0.30998117744791964,1.3854491710662842,0.10895825177431107,0.3535249,0.9659115691911041,1.9153438806533813,0.20391175150871277,0.28249466,0.9510723921791657,1.8782590627670288,0.10594135522842407,0.40174097,0.951729868714507,1.7925550937652588,0.2015635073184967,0.30505604,0.9567670857065388,2.0522804260253906,0.10634241253137589,0.2724075,0.9563236305646579,1.7618602514266968,0.27341416478157043,0.20675181,0.9621641940068835,1.5228898525238037,0.06594816595315933,0.4873978,0.9850490717482071,2.055821418762207,0.15974843502044678,0.3075344,0.9736560765679524,1.7861970663070679,0.07326044142246246,0.55592424,0.9999372989726492,2.196141004562378,0.17308726906776428,0.27612987,0.9707469383516021,2.207165479660034,0.0723058432340622,0.38656884,0.98378540406275,2.4884767532348633,0.15689782798290253,0.27077186,0.9702761207617724,2.3282558917999268,0.14828044176101685,0.3381073,0.9819983763165248,2.281886577606201,0.08245610445737839,0.40769747,1.0199731296694863,2.271130084991455,0.09233133494853973,0.47942242,0.9654583263509088,2.2234184741973877,0.09479085355997086,0.47354183,0.9614519026237239,1.801832914352417,0.15028542280197144,0.3442643,0.9830510697013626,1.770204782485962,0.15972967445850372,0.5045697,0.9307990373834845,2.5254077911376953,0.5535936951637268,0.49340937,0.5024385232584297,2.1594882011413574,0.23177893459796906,0.1881532,0.41059948050582473,2.393829822540283,0.14314575493335724,0.15555812,0.6933224912216549,3.4962832927703857
0,0.037957191467285156,0.2494559,0.7345582250537818,3.0786855220794678,0.015486829914152622,0.16208649,0.5464740722013798,2.228245496749878,0.0005258296732790768,0.14620739,0.31350113286056047,1.3098605871200562,0.10489363968372345,0.35629484,0.9658510711359979,1.9200299978256226,0.18682719767093658,0.27508232,0.9502996735601322,1.7952781915664673,0.1011422723531723,0.39997673,0.9508936170145917,1.8905858993530273,0.18336628377437592,0.335151,0.9590392720617672,2.1407630443573,0.11219821870326996,0.27634057,0.9557896188738628,1.7211370468139648,0.310824453830719,0.20889737,0.9623187686231619,1.5172141790390015,0.060781560838222504,0.4766123,0.9826307607027573,2.1832714080810547,0.16672100126743317,0.3241027,0.972430746239025,1.9397120475769043,0.07740271836519241,0.5494714,0.9971604573343298,2.1486525535583496,0.15540291368961334,0.27586415,0.969625128723456,2.0278172492980957,0.08337575197219849,0.4037033,0.9813624889176169,2.4623706340789795,0.16549739241600037,0.29553097,0.9681256811246625,2.211820125579834,0.15396910905838013,0.33220163,0.9757660281879785,2.198699474334717,0.06049305200576782,0.41284543,1.003760309204221,2.128795623779297,0.12910489737987518,0.46691352,0.9504209938262749,2.098681688308716,0.10144275426864624,0.49038342,0.9433488374736623,1.7347991466522217,0.13418637216091156,0.36086565,0.96554124751655,1.8684360980987549,0.17874421179294586,0.5290003,0.9170676803556855,2.447153091430664,0.5427457690238953,0.47658646,0.4923051246616582,2.167513847351074,0.23361098766326904,0.17658383,0.3929310864446607,2.4180409908294678,0.14633172750473022,0.14893481,0.6801303488327929,3.4399778842926025
1,0.043622810393571854,0.23888572,0.7301988779470728,2.9923810958862305,0.019267484545707703,0.17051762,0.5424045190368877,2.215118408203125,0.00042629215749911964,0.14335217,0.3181013079534921,1.4098269939422607,0.1257186383008957,0.3770926,0.9658342081723171,2.014326810836792,0.2007809430360794,0.27557534,0.950969165508272,1.9115941524505615,0.10506501793861389,0.40899754,0.9496028149624817,1.6058003902435303,0.22163920104503632,0.32830107,0.959585501493966,1.989026427268982,0.13844527304172516,0.2596351,0.9567934030720945,2.0974700450897217,0.2984217405319214,0.19390734,0.963251233810011,1.5960625410079956,0.07250935584306717,0.47170624,0.9885899165773051,2.2308096885681152,0.1567566841840744,0.32904866,0.9764328150288955,1.973333477973938,0.07132822275161743,0.5386348,1.0027050591592015,2.046867847442627,0.19957450032234192,0.27214235,0.9705581774323204,2.170353889465332,0.09606561064720154,0.42360494,0.98332181500203,2.5901224613189697,0.1589454859495163,0.2941368,0.9694030066767659,2.3855955600738525,0.1486918181180954,0.35227782,0.9797592343892185,2.121309518814087,0.0785096287727356,0.41372845,1.0063597145708685,2.197841167449951,0.1360980123281479,0.47430634,0.9591619898116137,1.958020806312561,0.11188095062971115,0.4374101,0.9578776860888244,2.0597026348114014,0.1572430580854416,0.31768742,0.9811804183691208,1.8140637874603271,0.1851276010274887,0.53023475,0.9303567079741342,2.4480743408203125,0.5368158221244812,0.49579597,0.4870653678699228,2.151365280151367,0.2307407706975937,0.17977801,0.4099800916135913,2.302682876586914,0.14941845834255219,0.16352639,0.6993415162339381,3.43730092048645
0,0.05562502145767212,0.2717335,0.7363504559453204,2.935974359512329,0.016997216269373894,0.15014596,0.5485970054502641,2.1077957153320312,0.00031327144824899733,0.14608642,0.31669465210468606,1.4856125116348267,0.10179492831230164,0.3552225,0.9667579418627829,1.9210559129714966,0.17963631451129913,0.2655683,0.9499031094257444,2.098416566848755,0.10725576430559158,0.39451343,0.9444605854702858,1.6646513938903809,0.22598160803318024,0.3153398,0.9606056715557949,1.8277151584625244,0.1444769650697708,0.24253769,0.9523794746567698,1.6422243118286133,0.29608583450317383,0.17141573,0.9635216140205181,1.7362191677093506,0.08356069028377533,0.41717815,0.9909513771895931,1.864829182624817,0.16876211762428284,0.3060678,0.9802757414489318,1.641770362854004,0.08999989926815033,0.4652674,1.0075194447850366,1.7887755632400513,0.2035612016916275,0.23446368,0.9729114905080306,2.1023764610290527,0.1155276969075203,0.30307806,0.9863368526194488,2.0518884658813477,0.16875271499156952,0.2760395,0.973642269017556,2.3439459800720215,0.16993436217308044,0.28582525,0.9810454564296919,2.1027464866638184,0.11561428010463715,0.38673136,1.000422299071301,2.25252366065979,0.1190188080072403,0.46185306,0.9462967597706492,2.1495163440704346,0.12067997455596924,0.46846226,0.9382623229103609,2.109490394592285,0.1470119059085846,0.32643613,0.9623049396914466,2.021636486053467,0.20811055600643158,0.50222933,0.9042289021319202,2.454519033432007,0.5498756170272827,0.48876938,0.4830037782543308,2.1140189170837402,0.2658900320529938,0.21693753,0.3992079401899351,2.3553004264831543,0.154920294880867,0.18412338,0.6739369732369398,3.3897438049316406
0,0.04323948919773102,0.23476347,0.7285161994880749,3.075263500213623,0.019125444814562798,0.17065665,0.5340855980761997,2.28902006149292,0.0005561713478527963,0.14140837,0.3133123007285793,1.2559651136398315,0.10780809074640274,0.36086133,0.9653148901480134,2.002095937728882,0.1890161782503128,0.29333866,0.9495889913109888,2.0015976428985596,0.11321642249822617,0.4114316,0.9489916717102925,1.9542213678359985,0.20167770981788635,0.3357479,0.9566879916948263,2.0137405395507812,0.12620656192302704,0.2764088,0.9535778610852572,2.0476620197296143,0.3063572347164154,0.19968623,0.9593113466058953,1.6317498683929443,0.07230096310377121,0.4730009,0.9835013277971254,1.9498610496520996,0.16030964255332947,0.33581647,0.9717316696182351,1.6451187133789062,0.07379602640867233,0.54674965,0.9976537876972346,1.8834125995635986,0.1597379595041275,0.27287954,0.9697041522185889,2.2110164165496826,0.07615060359239578,0.3879605,0.982916082704705,2.2413055896759033,0.14726129174232483,0.28477082,0.9667611235551428,2.304417371749878,0.14664216339588165,0.32485512,0.974111302505768,1.9021587371826172,0.10931967943906784,0.40826583,1.0008969443444031,2.336113214492798,0.11635033786296844,0.48281044,0.9563348380797143,2.089913845062256,0.10061243921518326,0.49620658,0.9487487295547208,2.0790677070617676,0.1220526397228241,0.36337143,0.9682202041131707,1.875549554824829,0.19104614853858948,0.5129667,0.9248686468537921,2.505014181137085,0.5363630056381226,0.47125414,0.48279666099096163,2.1315622329711914,0.24789895117282867,0.1848237,0.40003651780722577,2.3795881271362305,0.13641716539859772,0.16049169,0.6817806103770215,3.4566807746887207
0,0.05007241666316986,0.22479838,0.7281554216854011,3.2174506187438965,0.022789975628256798,0.16993678,0.5475707457241866,2.4790422916412354,0.001051040249876678,0.15065779,0.3128900525870916,1.774451494216919,0.10801591724157333,0.3683048,0.9633868129328328,1.9351935386657715,0.19986894726753235,0.2814238,0.9455153325286877,2.025359630584717,0.10801853239536285,0.41643026,0.948459379611189,1.9562058448791504,0.17460818588733673,0.32429883,0.9512457552059388,2.2117655277252197,0.11999952793121338,0.27208242,0.9527666284516217,1.9994990825653076,0.2813941538333893,0.19373734,0.9548704213501087,1.6850430965423584,0.05717788636684418,0.50241095,0.9802416956103507,1.8132144212722778,0.16993004083633423,0.30722967,0.9667572004529301,1.7043874263763428,0.09947893023490906,0.58584076,0.9925825863993633,2.461446762084961,0.18004633486270905,0.27616233,0.9640884332536813,2.1912691593170166,0.07606079429388046,0.41600287,0.9805388092500528,2.113569498062134,0.13070249557495117,0.24611284,0.9638280688480146,2.328784227371216,0.12682290375232697,0.33952272,0.9717301120026929,2.139939785003662,0.05133409425616264,0.38844785,0.9982824145038764,1.9767152070999146,0.08566398918628693,0.47429386,0.9548542047347155,2.091162919998169,0.08625008910894394,0.4664928,0.9484417434497687,1.8779902458190918,0.10824868083000183,0.3574078,0.9637958810337404,2.0804359912872314,0.13542334735393524,0.526735,0.9245844872335524,2.6040375232696533,0.5040185451507568,0.49633703,0.4975701263538958,2.2854371070861816,0.229525625705719,0.16789238,0.40162479158975256,2.474915027618408,0.14619103074073792,0.14797932,0.6784374520334306,3.495873212814331
0,0.028007561340928078,0.23599888,0.7252846220055298,2.328549385070801,0.009375746361911297,0.15339129,0.5234070470082538,1.580580472946167,0.00014093580830376595,0.108595595,0.3142264737349891,1.2666956186294556,0.13938120007514954,0.34413347,0.9699625232232181,1.7980742454528809,0.21388843655586243,0.27101803,0.9588076751241293,1.953455924987793,0.1288992315530777,0.39910635,0.9376648468162117,1.4850374460220337,0.27067452669143677,0.29710016,0.9725589021230929,1.5741708278656006,0.17422768473625183,0.23293605,0.9508862801936856,1.6114096641540527,0.3156338632106781,0.17944321,0.9773339032384324,1.579005241394043,0.13620911538600922,0.3922424,1.0153947068971336,2.2742466926574707,0.20183858275413513,0.29350516,0.9949471575701101,1.904797077178955,0.1578041911125183,0.4415169,1.0468737460285533,2.0729401111602783,0.24612435698509216,0.23706435,0.9970162005985569,2.1905593872070312,0.14304347336292267,0.2699129,1.0012639655368427,2.264369487762451,0.25863558053970337,0.22810338,0.9899217594734905,2.3162741661071777,0.2423580437898636,0.2675701,1.0022633970111237,1.987191081047058,0.23763366043567657,0.37900373,1.04463092684374,2.60107684135437,0.2827633023262024,0.46152398,0.9644879399692877,2.268097400665283,0.22253303229808807,0.43207672,0.9573487718191966,2.1545183658599854,0.25242117047309875,0.3055327,0.9880153040028946,1.8359744548797607,0.3499371111392975,0.45790038,0.9003276815822806,2.3613784313201904,0.6566815376281738,0.42740196,0.4735583142112132,1.7031558752059937,0.25146761536598206,0.23202334,0.3974453651034942,2.140403985977173,0.17650164663791656,0.21528308,0.6754909927049575,3.3524298667907715
0,0.03099304810166359,0.25526807,0.7479218357996372,2.705078125,0.01562902145087719,0.14985193,0.5583782178597075,1.925893783569336,0.00020177691476419568,0.12685041,0.3253933759935518,1.0712651014328003,0.12589749693870544,0.3164219,0.9687900903175282,1.5656968355178833,0.18815527856349945,0.23136097,0.9532226691594433,1.9539400339126587,0.12057921290397644,0.35581496,0.9396154629284952,1.636203408241272,0.25130602717399597,0.2601287,0.9612508249804509,1.6310524940490723,0.13890129327774048,0.24081062,0.9466418400954567,1.6397308111190796,0.3136307895183563,0.16966967,0.9679037262368158,1.5200388431549072,0.0913320779800415,0.39733788,0.9974762229986616,1.9842222929000854,0.18503373861312866,0.27894917,0.9837777839017479,1.6708879470825195,0.11686700582504272,0.524075,1.0135617700506172,1.9455292224884033,0.2170826643705368,0.21745779,0.9782914354068648,2.1215109825134277,0.1186763122677803,0.34566805,0.994720362252517,2.2722103595733643,0.2172408401966095,0.266923,0.976878280690189,2.0578160285949707,0.21737338602542877,0.31454676,0.9804712510133383,2.0075693130493164,0.15536534786224365,0.38391468,1.0125938022968144,2.129648208618164,0.18705260753631592,0.441316,0.9331274663661386,2.0689008235931396,0.1736261546611786,0.4436907,0.9115569701466986,2.2069950103759766,0.2115444839000702,0.32473427,0.9280959851114378,1.8749768733978271,0.2869495749473572,0.4732131,0.8575538662840433,2.455977439880371,0.5919304490089417,0.49125886,0.44896920188774586,1.8517781496047974,0.242132306098938,0.21578798,0.3711363050626212,2.190426826477051,0.16753415763378143,0.20575039,0.6195688871006844,3.110978841781616
0,0.0444394126534462,0.24110691,0.7411913215409474,3.085700273513794,0.02059308998286724,0.15295827,0.5535492530429293,2.2575337886810303,0.0005868829903192818,0.14780572,0.3193587782792575,1.3749984502792358,0.11855603754520416,0.35267037,0.9665986484811603,1.7075083255767822,0.20713648200035095,0.25548953,0.9503800958702041,1.7082890272140503,0.09147888422012329,0.3962086,0.9473536872343058,1.9225122928619385,0.2159346044063568,0.30132616,0.9564311384305483,1.996565818786621,0.11961153149604797,0.2520101,0.9535981465538641,1.9391779899597168,0.26820167899131775,0.18901865,0.9618754816625917,1.5333499908447266,0.06664250791072845,0.45868874,0.9826223727070681,2.03499174118042,0.1713702231645584,0.2924444,0.9724090527541042,1.573501467704773,0.08698538690805435,0.55019915,0.9981923534285589,2.08831787109375,0.20599740743637085,0.24832146,0.9701172041023386,1.9951108694076538,0.08362271636724472,0.38197243,0.9844598062714187,2.4336178302764893,0.15750810503959656,0.26650396,0.969863499765443,2.2320220470428467,0.16118845343589783,0.2943316,0.9783563056521384,2.1325502395629883,0.06447739154100418,0.41063964,1.0064851995118536,2.1713809967041016,0.10816814750432968,0.46293035,0.9542667478927044,2.0375795364379883,0.1083211675286293,0.43723845,0.9457260750332572,1.9203176498413086,0.14036929607391357,0.31383342,0.9639809782757537,1.8568134307861328,0.18482708930969238,0.4787428,0.9143769833177608,2.4368324279785156,0.5491668581962585,0.47409442,0.47264826635737867,2.1317856311798096,0.2422705739736557,0.1868522,0.38887033752280026,2.329799175262451,0.14571021497249603,0.16648155,0.6662047314340088,3.323758602142334
0,0.04824600741267204,0.24884816,0.7336935597692419,3.217731475830078,0.01971902884542942,0.16788562,0.5489578996611526,2.4347660541534424,0.00043660736992023885,0.14401129,0.3191035072253969,1.5882503986358643,0.10812842100858688,0.37098157,0.9637635837888247,1.910109519958496,0.20658308267593384,0.2859749,0.9468215705504212,2.200471878051758,0.11918347328901291,0.4054635,0.9483756570247999,1.525417685508728,0.22152940928936005,0.35061815,0.9542885841716009,1.8663164377212524,0.12099827080965042,0.27022383,0.9538944797645297,1.8186942338943481,0.2667838931083679,0.21763349,0.9590743534282491,1.344247579574585,0.05714747682213783,0.50449526,0.9786808576405043,1.9355233907699585,0.16540439426898956,0.3086573,0.970076305057984,1.67410409450531,0.05541437864303589,0.5465434,0.9941959672045173,2.374199390411377,0.18361879885196686,0.27430332,0.9670918890305176,2.082637310028076,0.07872329652309418,0.40856004,0.9817282942007266,2.2806570529937744,0.13381461799144745,0.2867975,0.9667577893933458,2.178372621536255,0.16040806472301483,0.32876468,0.9733894567825082,2.2635445594787598,0.04111603647470474,0.40153423,1.0063744775032681,2.037890672683716,0.09421227127313614,0.48779422,0.9586011011426077,1.9488673210144043,0.08733546733856201,0.48005566,0.9529744663324428,1.7691221237182617,0.1340918093919754,0.36890215,0.9688376044773276,1.6329596042633057,0.1390172839164734,0.52009994,0.9282381187991097,2.5766608715057373,0.5271628499031067,0.47559023,0.4813981870614057,2.2066702842712402,0.24739903211593628,0.17825626,0.3916438427954778,2.4012081623077393,0.16148026287555695,0.15104544,0.6862174403618085,3.441770076751709
0,0.031165186315774918,0.25634584,0.7499219021831052,2.95350980758667,0.019885540008544922,0.1309182,0.5661812778251677,2.134243965148926,0.00030607235385105014,0.12839667,0.32090095636901605,0.92310631275177,0.12412381172180176,0.33195448,0.9675429671469372,1.7029693126678467,0.1791628748178482,0.2480888,0.9514106666361789,1.9594249725341797,0.10987963527441025,0.36206964,0.9419299929501896,1.8243510723114014,0.22392421960830688,0.28006545,0.9599681843825724,1.8445160388946533,0.09863084554672241,0.24595307,0.9471351972152691,1.8333698511123657,0.30413615703582764,0.17688946,0.9669941667933311,1.5002434253692627,0.07342095673084259,0.45185247,0.9898939800098823,1.9599380493164062,0.16813525557518005,0.2724288,0.9778898362695939,1.8802947998046875,0.07602055370807648,0.4930878,1.006320815592515,2.116011142730713,0.1888699233531952,0.22895987,0.9746835982512774,2.323866844177246,0.09519641101360321,0.3427706,0.9902828852266868,2.3625600337982178,0.15542085468769073,0.2277357,0.9712014042548694,2.2814788818359375,0.1653694063425064,0.28581297,0.977424615433946,2.0291643142700195,0.07884007692337036,0.40277082,1.0154098438465529,2.2254409790039062,0.13902488350868225,0.4499261,0.9381264238485479,2.4428646564483643,0.12867651879787445,0.4677206,0.923230629056895,2.0539326667785645,0.1700194776058197,0.32941562,0.9500287065495575,1.8566585779190063,0.18965256214141846,0.45903605,0.8989988391604778,2.6173202991485596,0.5175049901008606,0.494562,0.5006385920652834,2.228689193725586,0.2549443542957306,0.19951956,0.4072697082408341,2.2701122760772705,0.14620833098888397,0.18948506,0.650906003743393,3.2669970989227295
0,0.03455787152051926,0.24225314,0.7409882968609561,2.706930160522461,0.00930253230035305,0.16094947,0.5666946592110659,1.965582251548767,0.0005053815548308194,0.10420909,0.3251065988332245,1.1371595859527588,0.12412150204181671,0.32079232,0.9663588014015865,1.3546737432479858,0.17921820282936096,0.24351695,0.9520463428900902,1.6926259994506836,0.11906196177005768,0.3600909,0.9392135379486846,1.7799745798110962,0.2502102255821228,0.2520673,0.9643074427251855,1.818982481956482,0.129134863615036,0.24593835,0.949998271441218,1.3154774904251099,0.29926106333732605,0.1781167,0.9715817324105397,1.45524001121521,0.09412270784378052,0.42278492,0.9994620455709413,1.9563947916030884,0.1916763335466385,0.28214377,0.9840688945793432,1.8392987251281738,0.11156567186117172,0.48167855,1.0071663321347304,2.048855781555176,0.23323088884353638,0.2190902,0.9756925243464566,2.166565418243408,0.1117427796125412,0.30917156,0.9902687969178601,2.317737102508545,0.20780332386493683,0.24253722,0.9761277029481685,2.1871821880340576,0.2136651575565338,0.29720187,0.9816270692591587,2.077329635620117,0.15097813308238983,0.39925072,0.9914167912724401,2.408719539642334,0.19233058393001556,0.41067454,0.9155049074728976,2.2248001098632812,0.16477975249290466,0.44608346,0.8955426554371018,2.1362032890319824,0.19784757494926453,0.29510543,0.9382518642116187,2.0050060749053955,0.2759489417076111,0.47746274,0.8781767922723169,2.453727960586548,0.5570035576820374,0.5267901,0.49142833827372767,2.0016326904296875,0.22087711095809937,0.21659988,0.3944810468100854,2.1846392154693604,0.13837724924087524,0.20724413,0.6300467944693322,3.1275577545166016
0,0.031703364104032516,0.2568565,0.7230442972906627,2.317331314086914,0.005321362987160683,0.14562947,0.5193459879207628,1.4744409322738647,0.00010264103184454143,0.1102854,0.31612775538866456,1.2764538526535034,0.1460496336221695,0.34097335,0.9704933893328989,1.8334362506866455,0.22397294640541077,0.27228424,0.9581953964007331,1.934150218963623,0.13069017231464386,0.3947241,0.9381457373575603,1.3915722370147705,0.2662753760814667,0.29900315,0.9727603788345609,1.614924669265747,0.1485188752412796,0.22191778,0.9496344624790813,1.8354918956756592,0.312500536441803,0.17406587,0.9750701738574032,1.5705533027648926,0.12728093564510345,0.38105416,1.007633156448058,2.2289462089538574,0.20493334531784058,0.29568842,0.9926479851242536,1.826036810874939,0.1365143209695816,0.4825931,1.043370796598349,1.8167864084243774,0.22731320559978485,0.24781515,0.9937149708523393,2.0306973457336426,0.13349652290344238,0.3134011,1.0039238081174344,2.389435291290283,0.21651461720466614,0.21915591,0.992915553146502,2.032796621322632,0.23791557550430298,0.2674583,0.9994573037840493,1.854540467262268,0.21383075416088104,0.38407376,1.0357460040143394,2.5405101776123047,0.21084128320217133,0.46651152,0.9559567373991313,2.1522176265716553,0.2293805330991745,0.456639,0.949184335894253,2.1117498874664307,0.2508094608783722,0.31853867,0.9806677316083412,1.8688790798187256,0.36151808500289917,0.45404282,0.8981506282083728,2.3264293670654297,0.6548295021057129,0.43077457,0.4725815609313963,1.734236240386963,0.2707644999027252,0.24892564,0.3941072221985985,2.1571648120880127,0.20181335508823395,0.25032097,0.673056779874035,3.300780773162842
0,0.07102025300264359,0.26936865,0.6960465704986045,2.681065797805786,0.009608125314116478,0.13394487,0.49532111586007005,1.8489474058151245,9.705242700874805e-05,0.17419806,0.3301392663349779,1.469129204750061,0.13931302726268768,0.35715497,0.9637566737134641,1.4356554746627808,0.13952919840812683,0.26711094,0.9475983071760112,1.5609180927276611,0.0948198139667511,0.35559243,0.9362832387226487,1.7141923904418945,0.1891382783651352,0.30649254,0.9620644227753933,1.7900185585021973,0.14528752863407135,0.23559915,0.9537885368422911,1.968018651008606,0.32426896691322327,0.17479369,0.9657782393002897,1.429814100265503,0.08096463978290558,0.4079407,0.9966294673302816,1.7986162900924683,0.17695246636867523,0.25744843,0.9820937371562448,1.6575934886932373,0.09215933084487915,0.4472131,1.014365206827401,1.8252838850021362,0.19441355764865875,0.223807,0.9787332469089116,1.8959040641784668,0.09389324486255646,0.23399729,0.9887446079128224,2.4996485710144043,0.18693871796131134,0.16230667,0.9729158994958841,2.459003448486328,0.17581328749656677,0.2980064,0.979184840535728,1.7785027027130127,0.07675353437662125,0.35287476,1.0077426197279964,2.34086275100708,0.11972532421350479,0.4084481,0.9620196638692464,2.388660192489624,0.11455654352903366,0.41411838,0.9533180600508121,2.166019916534424,0.18179498612880707,0.25385338,0.9543966607138803,1.7143819332122803,0.1602092981338501,0.37036884,0.9071678035205439,2.819645881652832,0.502155065536499,0.39592505,0.4321095654196073,2.2074687480926514,0.289224237203598,0.24602738,0.37854723430362125,2.3186707496643066,0.2993592917919159,0.23848426,0.5749404870932073,2.7700681686401367
1,0.040234312415122986,0.24389473,0.7455816952926533,2.7513856887817383,0.015163437463343143,0.1190097,0.5470425301794023,1.9187313318252563,0.0003869438369292766,0.11284272,0.32000629620569465,1.107832670211792,0.12923164665699005,0.33516556,0.9688671590507546,1.5512025356292725,0.17682631313800812,0.25776783,0.9542708127727811,1.8194525241851807,0.10180430114269257,0.37002796,0.9444135671739535,1.8130860328674316,0.2473173290491104,0.26781774,0.9656384237697493,1.8769705295562744,0.12658092379570007,0.2425321,0.9474261020704542,2.0196666717529297,0.2773846983909607,0.18206468,0.9722560805960897,1.5714524984359741,0.08356780558824539,0.42510262,1.000448569248897,2.0664403438568115,0.2099134922027588,0.27069166,0.98550411417798,1.8315935134887695,0.10711304843425751,0.46042866,1.0213266160938121,1.9272170066833496,0.23354189097881317,0.23746397,0.9888838753460961,2.071047782897949,0.11832929402589798,0.3070722,0.998061575507794,2.1764843463897705,0.19584771990776062,0.23391719,0.9830009035191772,2.205000400543213,0.21704146265983582,0.26986444,0.9898309833192848,2.036614179611206,0.1143336072564125,0.39821038,1.0292466492616374,2.329725503921509,0.19523082673549652,0.44227302,0.9469264784410529,1.895079493522644,0.15571975708007812,0.42385462,0.9323966192374894,2.1636054515838623,0.20462317764759064,0.31783333,0.955738295817921,1.858828067779541,0.28251224756240845,0.45272288,0.8803942891142824,2.4819796085357666,0.5944655537605286,0.47405398,0.4606640216367051,1.894999384880066,0.25190064311027527,0.20910719,0.3885881633028707,2.1356558799743652,0.13552144169807434,0.18816888,0.661663903258324,3.311868906021118
1,0.034986402839422226,0.2462429,0.7344485825476481,2.8249783515930176,0.018174469470977783,0.1525071,0.5554163289473607,2.161210775375366,0.0002502655843272805,0.13546245,0.31314871949736794,1.1994059085845947,0.1265547126531601,0.36160013,0.9659613063588858,1.6462242603302002,0.17581595480442047,0.2896189,0.9509564454510144,1.833544135093689,0.10055670887231827,0.41100153,0.9388351147905288,1.8061425685882568,0.25613194704055786,0.30134958,0.9554605332925596,1.7979018688201904,0.08581752330064774,0.27580175,0.9449068354658601,1.7129391431808472,0.2713654935359955,0.18107879,0.9667261011786079,1.5710999965667725,0.08035942167043686,0.39702013,0.9923546755381227,1.7276926040649414,0.1820109635591507,0.278634,0.980705176704658,1.5505257844924927,0.10250180959701538,0.48817015,0.9978534770874411,1.82149076461792,0.20065000653266907,0.2334415,0.9771748916523781,1.9454498291015625,0.11538592725992203,0.31878236,0.9911942829251106,2.172365665435791,0.22174285352230072,0.26411453,0.9742529485043564,1.6444854736328125,0.23213563859462738,0.27340212,0.9675989045504214,1.9573947191238403,0.10978104919195175,0.41496792,0.9938461749542012,1.7709243297576904,0.1865323781967163,0.44270617,0.9169608592149698,2.1210787296295166,0.20122334361076355,0.46605587,0.8969633210646363,1.8372802734375,0.1948683261871338,0.33215746,0.9105912992243848,1.7477880716323853,0.2844744920730591,0.4710006,0.8511097343514906,2.180715799331665,0.6008451581001282,0.48643696,0.40983582154041753,1.7680248022079468,0.2146313488483429,0.18337601,0.2913783297540668,1.993202805519104,0.16445907950401306,0.1521503,0.5831939950870887,3.1222331523895264
0,0.02602275088429451,0.2613132,0.7466142057787722,2.68257212638855,0.005957293324172497,0.1304018,0.565350829801624,1.9791259765625,0.0005072345375083387,0.113248676,0.31754562219592086,1.0361729860305786,0.11317545920610428,0.3273457,0.9661442127437527,1.8418282270431519,0.1682802438735962,0.25151476,0.9526643134191795,1.9864718914031982,0.11449384689331055,0.3606171,0.9427469437645173,1.5074926614761353,0.25742822885513306,0.25325167,0.964104801104705,1.8097096681594849,0.13443408906459808,0.2496227,0.9517263052288145,1.3323460817337036,0.31238964200019836,0.17886038,0.9717015280429322,1.4181690216064453,0.09846322983503342,0.4237171,0.9992786405609753,1.9303336143493652,0.18776942789554596,0.29327634,0.9837853668796254,1.755425214767456,0.12094829231500626,0.49327207,1.0058063378459006,2.067985773086548,0.24721044301986694,0.22352096,0.9752829226370238,1.9452333450317383,0.11652342975139618,0.32745582,0.9888786598167866,2.122093677520752,0.2383439838886261,0.23702574,0.9742101513954045,2.089326858520508,0.21268527209758759,0.29746908,0.9815482675802304,1.8194206953048706,0.15585508942604065,0.38506645,1.0039244827224032,2.2399086952209473,0.21541455388069153,0.4104652,0.9350112645116037,2.109478235244751,0.16575133800506592,0.42189288,0.9184933170422507,2.052955389022827,0.20363344252109528,0.30618325,0.9474969939548417,1.7895548343658447,0.2919362485408783,0.4570789,0.8853244727898325,2.406708240509033,0.5749971270561218,0.5160033,0.47367495747575805,1.9317561388015747,0.2319371998310089,0.21360123,0.380673403527567,2.2876434326171875,0.12678544223308563,0.19731867,0.6225450780164915,3.100043535232544
1,0.050666358321905136,0.24771649,0.7582287206990181,3.228248357772827,0.028419286012649536,0.19175282,0.583042821872917,2.482475996017456,0.0006096789729781449,0.14694808,0.3107630747967222,1.4182829856872559,0.12609878182411194,0.42990702,0.9656926668914622,1.7296751737594604,0.17125122249126434,0.35128042,0.9505861239032093,1.7428948879241943,0.08158700913190842,0.4475981,0.9524576715403291,1.830301284790039,0.20756569504737854,0.3430824,0.9532199976825659,1.7687454223632812,0.1008681058883667,0.34583294,0.9515391985704292,1.8439887762069702,0.28016340732574463,0.22604178,0.9604272973621227,1.3828468322753906,0.06956974416971207,0.4798215,0.9832308522072125,1.7578309774398804,0.1773061603307724,0.3334968,0.9704203297562807,1.835400104522705,0.07630111277103424,0.5211056,0.9850552244725859,1.9577527046203613,0.16462619602680206,0.3073284,0.9688962169165567,2.045557737350464,0.08008580654859543,0.37366003,0.9815407929239511,2.247774124145508,0.1803397387266159,0.3028596,0.9677575020597428,1.9100782871246338,0.17185761034488678,0.2982772,0.9667956439953345,2.120098829269409,0.05126512795686722,0.38792887,1.0013436608269788,1.9385325908660889,0.13424381613731384,0.48889259,0.9454877434260249,1.885129451751709,0.15472956001758575,0.48364815,0.9247437809530414,1.6793497800827026,0.2069316953420639,0.33334723,0.9227181116550607,1.6190621852874756,0.20711830258369446,0.4829776,0.880377838838971,2.309112548828125,0.5575786828994751,0.49272275,0.4207880055824497,1.9154106378555298,0.21230199933052063,0.16841564,0.3074618039880122,2.12980580329895,0.1628197878599167,0.13179651,0.5521746102428284,2.9900026321411133
1,0.026725662872195244,0.24765988,0.7268190905660878,2.6848394870758057,0.01457973662763834,0.14146249,0.5324232700869856,1.976426362991333,0.0004330675583332777,0.10902292,0.31658882647423386,1.537968635559082,0.1290925294160843,0.35265654,0.9661199004580974,1.430323839187622,0.191916361451149,0.26546785,0.9532736848441219,1.7960727214813232,0.09862365573644638,0.38641092,0.9459307033135004,1.9726139307022095,0.23707568645477295,0.30098966,0.9615357885221594,1.7905824184417725,0.12316510081291199,0.2515061,0.94752059706281,1.7641818523406982,0.28574028611183167,0.18993291,0.9668572282046459,1.3744796514511108,0.07864014804363251,0.45072484,0.9955324597291458,1.8663206100463867,0.1977774202823639,0.28367072,0.9818425287283002,1.8396879434585571,0.09836427867412567,0.50548106,1.004686265732844,1.6986031532287598,0.19943119585514069,0.25511917,0.9776027730262152,1.9658374786376953,0.09559912979602814,0.3158973,0.9897845631297164,2.336991786956787,0.2317819744348526,0.24156421,0.9787120539667991,2.4498062133789062,0.19700056314468384,0.2984732,0.9866906842474539,2.2614119052886963,0.1087387278676033,0.35952026,1.033970674342637,2.05905818939209,0.23966418206691742,0.4452488,0.9743961388655198,2.4026336669921875,0.14141429960727692,0.48370847,0.9605337572023479,1.9738746881484985,0.18253213167190552,0.3333896,0.9776523865194068,1.9769275188446045,0.22483937442302704,0.4664544,0.9019088607571111,2.4454329013824463,0.5131890773773193,0.53299564,0.4502915406259716,1.9838324785232544,0.21311764419078827,0.20362426,0.38538022166282115,2.1648950576782227,0.142439067363739,0.20933196,0.6679850731641882,3.3220531940460205
1,0.04251417517662048,0.22556944,0.7508771730175768,3.2868120670318604,0.023723481222987175,0.20074293,0.565071077067482,2.507521390914917,0.0009255340555682778,0.14314489,0.30728641187440553,1.4691555500030518,0.09982702881097794,0.43509352,0.9640723006119456,1.6480867862701416,0.17005981504917145,0.36578375,0.9477757760660974,1.9300199747085571,0.08119454979896545,0.45099998,0.9463264251656643,1.6934059858322144,0.2120874673128128,0.34592465,0.9515403041840611,1.811493158340454,0.09195318073034286,0.3735796,0.9492734654878173,1.832733154296875,0.28422659635543823,0.22407724,0.9561470459758632,1.5080150365829468,0.05790020525455475,0.49738604,0.9794647586690169,2.0703628063201904,0.14436230063438416,0.35191548,0.9710213042263489,1.689380168914795,0.06612398475408554,0.5355722,0.9868678593648024,2.1023645401000977,0.1773250848054886,0.3250352,0.9658548306676298,2.067478895187378,0.07532817125320435,0.36540562,0.9795164462936038,2.321901559829712,0.18712766468524933,0.26874548,0.9642752604352979,2.1906752586364746,0.2010507583618164,0.30258492,0.9635457209437412,2.059738874435425,0.056338611990213394,0.39083079,0.97884549895898,2.193784236907959,0.1288159042596817,0.4860945,0.9326083348110831,1.9040637016296387,0.15037010610103607,0.38371173,0.9184084301611266,1.8008170127868652,0.18212738633155823,0.29514974,0.9230647181341551,1.6937369108200073,0.20506921410560608,0.49597913,0.8849770331887545,2.3627800941467285,0.612899899482727,0.47569904,0.43621389490091045,1.830194354057312,0.22192934155464172,0.1792259,0.2914115270020322,2.155959129333496,0.17378027737140656,0.15510958,0.5582418643549758,3.0287413597106934
0,0.06496762484312057,0.24293627,0.7306648194158297,3.1706268787384033,0.02139178290963173,0.16866301,0.5377379146037624,2.363110065460205,0.0004892508732154965,0.13394654,0.3167501269656666,1.5300918817520142,0.1037384644150734,0.37030378,0.9633011642124616,1.9345136880874634,0.1967202126979828,0.2825488,0.9465832691242457,1.9600155353546143,0.09665721654891968,0.40969172,0.9509795654982273,2.1881885528564453,0.2170822024345398,0.34715378,0.9540342023942477,1.8376619815826416,0.13084568083286285,0.26918167,0.9540353284930051,1.560733437538147,0.26222050189971924,0.19900274,0.9561640414202209,1.3950289487838745,0.06034392863512039,0.48986465,0.9787773422187378,2.1439743041992188,0.1718151569366455,0.31440517,0.9675841177403595,1.5627760887145996,0.07497923821210861,0.57284087,0.9961874570383086,2.3447701930999756,0.19199642539024353,0.25294447,0.9657228974112595,2.288278818130493,0.08135436475276947,0.37929332,0.9818410153490157,2.3029427528381348,0.16301164031028748,0.2502375,0.9651199002452949,2.0918047428131104,0.16753101348876953,0.31880972,0.9734241527161495,2.1413042545318604,0.039343539625406265,0.38821757,1.0042750843963093,2.2060022354125977,0.08369573950767517,0.47528243,0.9605450698443916,2.096230983734131,0.11419947445392609,0.46919975,0.9527900440132169,1.9838659763336182,0.11593075096607208,0.33405018,0.972858506767869,2.0790364742279053,0.15702496469020844,0.50273424,0.92834345154857,2.3513567447662354,0.5254719257354736,0.47159258,0.492547036533186,2.2354259490966797,0.22559012472629547,0.15911348,0.40646712243372457,2.5113368034362793,0.1411750465631485,0.14066924,0.6868911435693986,3.4708852767944336
0,0.04521247744560242,0.25928757,0.7293235566054488,2.4054551124572754,0.009757439605891705,0.14062132,0.5280574997304047,1.5490429401397705,0.0001610810577403754,0.113379635,0.31117050087827464,1.1669291257858276,0.12342403829097748,0.33922246,0.9712470587402341,1.803072214126587,0.20689716935157776,0.2718894,0.9596728602844681,2.0258963108062744,0.12113963812589645,0.37790227,0.9431117242601835,1.7676856517791748,0.26654887199401855,0.2771226,0.9697931301627158,1.6516854763031006,0.13937263190746307,0.23589504,0.9520270499041875,1.4992848634719849,0.2902846932411194,0.18446346,0.9745182634322647,1.6503093242645264,0.11490213125944138,0.3709394,1.0058347637831406,1.695021629333496,0.19380983710289001,0.28620997,0.9908065639296045,1.8690805435180664,0.12484240531921387,0.4619802,1.038265207798362,2.115664005279541,0.21269342303276062,0.25053337,0.9924708112762727,2.133378505706787,0.12658217549324036,0.28336495,0.9985960726654141,2.5168282985687256,0.21775776147842407,0.23826848,0.9854899600255487,2.0329346656799316,0.21788263320922852,0.28185132,0.9978093602788314,1.8663551807403564,0.14462634921073914,0.3841396,1.039529365212613,2.3185977935791016,0.2206183522939682,0.4747814,0.9662375853706655,2.0608887672424316,0.1826326549053192,0.42275506,0.9524912107408595,2.180572986602783,0.23321831226348877,0.3246621,0.9768300663083644,1.829642415046692,0.30979248881340027,0.46471804,0.9021686824189842,2.332599639892578,0.6238112449645996,0.4543038,0.4613229516234243,1.865903377532959,0.2808714210987091,0.24653906,0.3943501887961839,2.1525166034698486,0.19504685699939728,0.24736443,0.6729921888139989,3.321107864379883
1,0.05753088742494583,0.2730487,0.7422135024195945,2.9567813873291016,0.01706331968307495,0.13853501,0.5435821811444185,2.0440733432769775,0.0005623121396638453,0.12667474,0.3183915329266044,1.0486589670181274,0.12062808871269226,0.3428179,0.9692089377021346,1.643044114112854,0.1834343671798706,0.27188724,0.953203458799429,1.910110592842102,0.10205460339784622,0.37443683,0.9476266743123848,1.7286931276321411,0.2140839546918869,0.2916627,0.9624707600246567,1.6846071481704712,0.1305597424507141,0.25619674,0.9552258632640802,1.9118921756744385,0.26587140560150146,0.1930946,0.9698147753048099,1.405771255493164,0.08974452316761017,0.44802332,0.9932169944350167,1.8569966554641724,0.19803278148174286,0.27339342,0.9801460493489983,1.9430515766143799,0.0781717374920845,0.51284933,1.0175673046562288,1.7813754081726074,0.1945781707763672,0.2204548,0.9800720109395586,1.9466959238052368,0.0856851190328598,0.31567731,0.994000967218072,2.528625011444092,0.18286564946174622,0.22141585,0.9782350184770446,2.122323989868164,0.17919310927391052,0.28512713,0.9874492813689004,2.065239906311035,0.10732904076576233,0.40393865,1.0168458600302377,1.9953408241271973,0.13925106823444366,0.4646294,0.950150455158905,1.811784267425537,0.13063682615756989,0.4218853,0.9419102059177334,1.895512342453003,0.15274514257907867,0.31720355,0.965314737372252,1.8889360427856445,0.21778258681297302,0.47528404,0.9103475938085167,2.384352684020996,0.5644064545631409,0.4349619,0.49616545795166245,2.094758987426758,0.23811158537864685,0.18747543,0.41583976610905915,2.3818509578704834,0.13385802507400513,0.16656989,0.6886474858972033,3.394681930541992
1,0.03807039186358452,0.28150928,0.7262927833129501,2.597230911254883,0.008442794904112816,0.16198038,0.5247771860556397,1.8253636360168457,0.0002381589583819732,0.13128497,0.3137455083371699,0.9761075973510742,0.11679378151893616,0.37177616,0.9700592509695445,1.627151370048523,0.17359188199043274,0.25530416,0.9589568191879143,1.9628013372421265,0.11536169052124023,0.40969837,0.9480932233232344,1.7065314054489136,0.19443508982658386,0.30815884,0.9674416573309593,1.861559510231018,0.13406462967395782,0.24427588,0.9564919171639811,1.8967459201812744,0.2964129149913788,0.17987281,0.9707109784010199,1.6273434162139893,0.10428415983915329,0.44594094,0.9997245501666899,2.043962240219116,0.18486227095127106,0.3129729,0.9873267695116672,1.6861050128936768,0.10423851758241653,0.5190467,1.0211439928965031,1.9357349872589111,0.2283485382795334,0.25476328,0.9859084416610493,2.1560561656951904,0.131919726729393,0.41222724,0.994121542513561,2.3463549613952637,0.1731284260749817,0.2782968,0.9785294367645745,2.374384880065918,0.201935812830925,0.33443806,0.9879009805433381,2.1998915672302246,0.23128770291805267,0.3969983,1.0226130351134899,2.6427974700927734,0.17988699674606323,0.47159967,0.9630315382859905,2.081042766571045,0.16384053230285645,0.43632278,0.9540003489048797,2.1183462142944336,0.21862377226352692,0.378901,0.9705758754874729,1.6974031925201416,0.26563361287117004,0.49876574,0.9055360933380051,2.466658115386963,0.6298336386680603,0.5004818,0.4676051952164237,1.8165984153747559,0.23530223965644836,0.20219707,0.38272565834268785,2.227165699005127,0.15384167432785034,0.19581728,0.6682946944529142,3.3047876358032227
0,0.05760513246059418,0.23161224,0.7303751796626785,3.231278419494629,0.02205638587474823,0.17629726,0.5424963878151191,2.487377882003784,0.0005492494674399495,0.14891931,0.3164537811961979,1.6895039081573486,0.10819173604249954,0.3815495,0.9625001528855435,2.0038704872131348,0.18040187656879425,0.29853058,0.9443009072737651,2.068709373474121,0.1062929704785347,0.41315928,0.9489044347507022,1.6996656656265259,0.1805865615606308,0.35657713,0.9519877077211172,2.0457139015197754,0.09335079044103622,0.28393182,0.9532291402887801,1.9451974630355835,0.25032973289489746,0.20575017,0.9553087706711232,1.690688133239746,0.050544604659080505,0.51677585,0.9786903308077313,2.121762275695801,0.17426657676696777,0.32130712,0.9666933054573403,1.5885295867919922,0.05538542941212654,0.49154282,0.9912415915987007,2.2496769428253174,0.1529623419046402,0.2818675,0.9630967280109145,2.08892822265625,0.0837957113981247,0.41499352,0.9790869388600894,1.866178035736084,0.13766129314899445,0.27715233,0.9641075049734851,2.309579610824585,0.13256312906742096,0.3391579,0.9721191647930468,2.39119029045105,0.040471483021974564,0.40699747,0.996778725259611,2.3217506408691406,0.08309680223464966,0.48056436,0.9561185623836732,2.047790050506592,0.07510759681463242,0.5010933,0.950423404790123,1.8969943523406982,0.11212289333343506,0.34627604,0.9689804734590022,1.9733085632324219,0.12454149127006531,0.5351405,0.9270657157779545,2.5545575618743896,0.4932801425457001,0.4905334,0.49670737368230883,2.356703996658325,0.23555347323417664,0.17932802,0.3969129465897719,2.4609293937683105,0.1368853598833084,0.14847916,0.6843371741288937,3.5058412551879883
0,0.05126846209168434,0.26255795,0.7393402571708301,2.83746337890625,0.01308752316981554,0.14538684,0.5523137300895307,2.0906684398651123,0.0004948744317516685,0.13540855,0.32176435638650813,1.0867481231689453,0.1304774284362793,0.31890884,0.9692760312439481,1.7157530784606934,0.21730570495128632,0.24703611,0.9532921672097935,1.9192276000976562,0.12668828666210175,0.36254504,0.942285236026121,1.8251699209213257,0.22897465527057648,0.28158885,0.9595576564443372,2.1799981594085693,0.12895405292510986,0.2591847,0.9501341002792686,1.734739065170288,0.30669963359832764,0.18089636,0.9650047461431205,1.690417766571045,0.07618296891450882,0.42759365,0.9931207256252503,2.1002888679504395,0.16899000108242035,0.3006343,0.9822835088198576,1.6511003971099854,0.09371547400951385,0.47259772,1.0087009004620968,1.599637508392334,0.1896183043718338,0.22680447,0.974078196952626,2.556492328643799,0.10320989787578583,0.31670564,0.9875555714094065,2.1921849250793457,0.1630840301513672,0.2859743,0.9763823739417645,2.4381942749023438,0.18177564442157745,0.2811744,0.98164475722603,2.030052661895752,0.12632042169570923,0.37925306,1.0020728506470433,2.305696487426758,0.1646551787853241,0.43788892,0.9424558192372835,1.9741737842559814,0.13039304316043854,0.4522129,0.9321632802954556,1.8233470916748047,0.17755571007728577,0.31138793,0.95931950845412,1.788800597190857,0.23741582036018372,0.47853222,0.8965220050244757,2.4450206756591797,0.5724150538444519,0.4747536,0.47182603542885515,1.9804039001464844,0.2321321666240692,0.20173706,0.3863802913320383,2.2615160942077637,0.14693284034729004,0.18575013,0.6578868758247345,3.258957862854004
1,0.03396888077259064,0.24754633,0.7489597238554216,2.599970817565918,0.015214327722787857,0.12906192,0.5533951265371759,1.7906453609466553,0.0002398510550847277,0.10715711,0.3173342824335501,1.1153903007507324,0.16101375222206116,0.3071993,0.9687827656132018,1.3668012619018555,0.20273713767528534,0.23157403,0.9550619022525343,1.8873692750930786,0.13574811816215515,0.3543886,0.9429964368972158,1.6412134170532227,0.2574605941772461,0.26766545,0.9655579156848059,1.6187634468078613,0.14539135992527008,0.24007656,0.9494035965020514,1.6787294149398804,0.2937796711921692,0.16866286,0.9708949117305907,1.631430983543396,0.11860533058643341,0.39190248,1.0030654360223303,2.0004162788391113,0.20496396720409393,0.29373994,0.9879901346955451,1.8027071952819824,0.13962166011333466,0.5057241,1.0213138218657605,2.222579002380371,0.22753171622753143,0.22411636,0.9809073553191672,2.1626803874969482,0.11495212465524673,0.38604197,0.9936012512548225,2.3310012817382812,0.20742115378379822,0.30907962,0.9821319299401331,1.9246758222579956,0.2235761433839798,0.3325614,0.9935281572363635,2.0226941108703613,0.16415688395500183,0.38310197,1.042447434954807,2.3611247539520264,0.21362754702568054,0.43644676,0.9576298777038416,2.168328285217285,0.19531221687793732,0.43183044,0.9474142675863894,1.948333978652954,0.2279665768146515,0.30810407,0.9659508828879763,1.8506442308425903,0.3237501084804535,0.4727663,0.8820352738343162,2.326953411102295,0.6048306822776794,0.51793057,0.4555148971767382,1.87320876121521,0.23128704726696014,0.22254272,0.38584826525690086,2.158752202987671,0.12609775364398956,0.22538492,0.6428994173550544,3.1347625255584717
0,0.049033649265766144,0.25160187,0.7357464527563158,2.789994716644287,0.01282757893204689,0.13460436,0.5410703456948325,1.8794724941253662,0.0004045334935653955,0.12562412,0.31402975912112857,1.1219456195831299,0.11961962282657623,0.32658532,0.9688717098241091,1.956891655921936,0.20931275188922882,0.24496354,0.9544280412357856,1.7214813232421875,0.1237950548529625,0.38077185,0.943141323372674,1.7757855653762817,0.2445492446422577,0.2849296,0.9636823087217301,1.7662029266357422,0.14472465217113495,0.24185343,0.9534781667765362,1.646349549293518,0.2941085398197174,0.18545087,0.9714769640102939,1.5094192028045654,0.09978213906288147,0.41811246,0.9989395259151265,2.0991480350494385,0.17971301078796387,0.28498137,0.9855264676652676,1.9439425468444824,0.10199030488729477,0.5173199,1.0246587556062021,2.0257043838500977,0.1963445246219635,0.2243477,0.9820360464427118,2.211947202682495,0.0974159687757492,0.35287878,0.9956236186783036,2.5975539684295654,0.19114239513874054,0.23241553,0.981535929882447,2.275486946105957,0.2140168398618698,0.27234378,0.9925433723662475,1.8543914556503296,0.12251327186822891,0.38488117,1.0258920006034702,1.8592417240142822,0.2306835800409317,0.4522407,0.9510490065313766,2.124943256378174,0.15644578635692596,0.40137193,0.9439422331924137,2.0145304203033447,0.2008592039346695,0.29144338,0.9647214731580339,1.715371012687683,0.27893105149269104,0.42302224,0.8968829033522746,2.457068920135498,0.6056127548217773,0.4842355,0.4614820426281427,1.9183405637741089,0.24665947258472443,0.21191558,0.3876092840300911,2.165529251098633,0.1391979604959488,0.19248353,0.651306778094462,3.1712701320648193
0,0.04647870734333992,0.27334243,0.7348699348422443,2.821967840194702,0.01589975133538246,0.15853208,0.5438327515532637,2.0582971572875977,0.000514656538143754,0.13809001,0.31419293287822675,1.0083855390548706,0.128889799118042,0.33969232,0.9689586413474115,1.888564944267273,0.21640686690807343,0.26340672,0.9530710548492725,1.813753366470337,0.11662368476390839,0.38035002,0.9483640525762876,1.6637059450149536,0.2593144178390503,0.28565216,0.96130904238348,1.8243035078048706,0.13325676321983337,0.2598867,0.9521223362242869,1.7485976219177246,0.31133759021759033,0.18082854,0.9635303599724365,1.701956033706665,0.07815916836261749,0.45528927,0.9930676045025479,2.0378339290618896,0.1723089963197708,0.28092375,0.9819936369890989,1.3722143173217773,0.09346402436494827,0.50432384,1.0144287722893839,2.1702792644500732,0.22439023852348328,0.22220281,0.9742433808504892,2.2738568782806396,0.10654977709054947,0.32017642,0.992934172028996,2.2384936809539795,0.17885996401309967,0.23428431,0.975359942617305,2.133007287979126,0.19619867205619812,0.25127032,0.9796171801953328,1.9622217416763306,0.09398011863231659,0.37843376,1.0135324880951226,2.1752169132232666,0.13160882890224457,0.4567,0.9545415596574663,1.9269956350326538,0.1360924392938614,0.4179008,0.9439939282121255,1.904552698135376,0.1646810621023178,0.2930919,0.9696195396387025,1.7958359718322754,0.215791717171669,0.43301222,0.9043890196151206,2.5968897342681885,0.5510222911834717,0.48781663,0.4802713945703432,2.15462064743042,0.22140340507030487,0.21366389,0.39890013134579233,2.28568696975708,0.12674687802791595,0.19111174,0.6461352955449995,3.2062606811523438
0,0.03861755505204201,0.27680293,0.724766890916859,2.7905054092407227,0.012968233786523342,0.16535719,0.5381526057160071,2.076570749282837,0.00041108662844635546,0.13751714,0.31780857547814667,1.2887507677078247,0.12018763273954391,0.34834263,0.9686201292669648,1.9351332187652588,0.2006787210702896,0.28628078,0.9532762423278701,1.9953025579452515,0.10515376180410385,0.39715445,0.9467151554536282,1.9335730075836182,0.21928773820400238,0.33197594,0.9619364073067052,1.918372392654419,0.12953823804855347,0.2650185,0.953048686696009,1.80076003074646,0.2984665632247925,0.19040132,0.9642503270220313,1.7711766958236694,0.06255418062210083,0.47246575,0.9906216066101674,2.0991086959838867,0.16177910566329956,0.34056163,0.9778412630018204,1.7680567502975464,0.07643989473581314,0.5711243,1.0079618299520126,2.1927852630615234,0.2045002579689026,0.26625,0.9730258552619655,2.2873189449310303,0.09707661718130112,0.4017697,0.98620268752152,2.433943271636963,0.18007966876029968,0.30904716,0.9738334632014671,2.132179021835327,0.16127271950244904,0.33349773,0.980206503838701,2.1776673793792725,0.09589595347642899,0.3849197,1.0075918766743865,2.145570755004883,0.1610097438097,0.46478343,0.9501100135073918,2.0666463375091553,0.12210890650749207,0.4939982,0.9425371433761486,1.7296905517578125,0.16334331035614014,0.34465003,0.9641671276068048,1.721980333328247,0.23526056110858917,0.5305479,0.9094140752581695,2.5323331356048584,0.5813699960708618,0.48940846,0.4715711559736824,1.9407377243041992,0.246948704123497,0.20943674,0.38618344919449754,2.291712999343872,0.15091517567634583,0.18598002,0.679307413027657,3.3833212852478027
0,0.05302470922470093,0.2303941,0.7366104956707394,3.1551122665405273,0.020905733108520508,0.1597592,0.544883819166271,2.3488717079162598,0.0006361102568916976,0.1311164,0.32043419481960383,1.549288034439087,0.11055175215005875,0.35808554,0.9647401535255031,1.6971937417984009,0.20807044208049774,0.26770133,0.9485757961948207,1.9114378690719604,0.10562732070684433,0.40555808,0.9517577999856129,1.8559268712997437,0.21126581728458405,0.3309039,0.9554401346540538,1.9524911642074585,0.12730710208415985,0.275447,0.9543090252230667,1.9083588123321533,0.28983309864997864,0.20101795,0.9585873283872466,1.5023890733718872,0.05984404683113098,0.49528152,0.9813340350939319,2.0531370639801025,0.18018604815006256,0.29686657,0.9697928993156646,1.7558913230895996,0.06261719763278961,0.57308996,0.997401529363665,2.2934813499450684,0.206743985414505,0.26560873,0.9685676502267799,1.9906113147735596,0.07993435114622116,0.3796748,0.9827874714618071,2.2358908653259277,0.1586953103542328,0.2475095,0.9663972415897552,2.180837869644165,0.16466793417930603,0.32595947,0.9749257334037853,1.9468398094177246,0.035503141582012177,0.39403698,1.0068696020668164,2.3943490982055664,0.09527048468589783,0.47755116,0.9595356770004548,1.8030118942260742,0.08879491686820984,0.44971287,0.9495364969300211,1.7714924812316895,0.12240981310606003,0.33626103,0.9706320673583857,1.984870433807373,0.14863812923431396,0.49540988,0.9247067404068493,2.688955307006836,0.5143216848373413,0.46323228,0.48809829539982663,2.277630090713501,0.24094416201114655,0.17846903,0.4034143257995193,2.3929011821746826,0.13634082674980164,0.15937254,0.6834895800310077,3.4762377738952637
0,0.047664545476436615,0.2606283,0.7202832446219571,2.9606375694274902,0.013935666531324387,0.16891018,0.5219564248951062,2.151405096054077,0.00048429574235342443,0.14428198,0.3131350557906124,1.4286117553710938,0.12991787493228912,0.36858246,0.9667939865828358,1.7650871276855469,0.19942577183246613,0.2979642,0.9518946499993496,1.6188498735427856,0.11865033954381943,0.4080887,0.9519553048930299,1.7930771112442017,0.20273065567016602,0.34791818,0.9602602132304168,1.9815491437911987,0.1234351322054863,0.27319786,0.9561005375986446,1.763739824295044,0.28050848841667175,0.21779555,0.9614230040643704,1.694434404373169,0.0778326764702797,0.45083106,0.9850828362822666,1.7252277135849,0.17468702793121338,0.3340706,0.9745652021034701,1.5380760431289673,0.08216666430234909,0.54082096,1.0041481200678912,2.103829860687256,0.1988813430070877,0.2870432,0.9723467230179971,2.3075361251831055,0.09231540560722351,0.383221,0.9856140864350794,2.3125197887420654,0.17678667604923248,0.3129491,0.9715901415754132,2.3306469917297363,0.16966725885868073,0.31562063,0.9793287456357448,2.315819025039673,0.07542480528354645,0.39946687,1.009202600256014,2.0760626792907715,0.14751824736595154,0.48041034,0.9637186427818244,2.177022695541382,0.10758902132511139,0.45122656,0.9596438594431537,1.8105411529541016,0.14047184586524963,0.3612916,0.9828360918963714,2.008528232574463,0.18760046362876892,0.51435167,0.9385757609767443,2.4451467990875244,0.5449019074440002,0.47718146,0.4829420801256916,2.136394739151001,0.249275803565979,0.19096234,0.4107150852028311,2.3533833026885986,0.16681477427482605,0.17174962,0.6926589321997806,3.4817821979522705
0,0.0485365204513073,0.23230983,0.7263484895464797,3.072848081588745,0.02111288346350193,0.17169021,0.5325592386167335,2.2644810676574707,0.0003403593727853149,0.14502731,0.31114195819742946,1.6399306058883667,0.10955001413822174,0.36406407,0.965057812607366,1.5514857769012451,0.18945400416851044,0.29014173,0.9489099407059679,2.1381232738494873,0.10486111044883728,0.4074508,0.9505936394826384,1.980871558189392,0.19613446295261383,0.33569652,0.9562466313432352,2.0278384685516357,0.11748506873846054,0.28101197,0.9552684022926804,1.9960875511169434,0.2933505177497864,0.2103473,0.958683588477939,1.6972402334213257,0.06298819184303284,0.49279848,0.9814058075690029,2.020249366760254,0.16550584137439728,0.32298562,0.9715774011792825,1.4580398797988892,0.07642693817615509,0.5854728,0.9992739447982084,2.23618483543396,0.16285908222198486,0.28297,0.969353624793512,2.1796722412109375,0.08228462934494019,0.40075445,0.9853572921776866,2.3325347900390625,0.1495225876569748,0.28926316,0.968652521879197,2.048769474029541,0.15019333362579346,0.319063,0.9778929376885623,2.0973966121673584,0.04440384730696678,0.4107749,1.0124959980883443,2.0571208000183105,0.09551122784614563,0.47037777,0.9677716339761401,1.7600263357162476,0.0931912511587143,0.49702203,0.9630925830798042,1.949126124382019,0.1285133957862854,0.36966026,0.9829900253669552,1.803476095199585,0.1590835005044937,0.5249819,0.939067814488375,2.2685322761535645,0.5232999324798584,0.46093073,0.4810884914991649,2.286836862564087,0.23941472172737122,0.16205421,0.4060508673012956,2.3506271839141846,0.13891980051994324,0.15290354,0.6931875468193328,3.5136492252349854
0,0.033295199275016785,0.22484581,0.7364411843366971,2.7886173725128174,0.01710514910519123,0.15917233,0.5597550004545508,2.079106092453003,0.0004671124625019729,0.12037612,0.3176747010343634,1.0180085897445679,0.10975977033376694,0.3353336,0.9676909268145452,1.7949306964874268,0.18274463713169098,0.26304108,0.9505829979529852,1.5718104839324951,0.11592202633619308,0.3703564,0.9411188393679657,1.5731420516967773,0.2297424077987671,0.28167093,0.963855937222537,1.5772660970687866,0.14413578808307648,0.2526615,0.9455849336431749,1.566004753112793,0.3021228313446045,0.18026248,0.9655935670056877,1.3425472974777222,0.09277660399675369,0.4126895,0.9869337645145941,1.9752150774002075,0.19223234057426453,0.2818766,0.9792267109285125,1.887371301651001,0.11237645149230957,0.44973525,0.9994993560377802,1.8078962564468384,0.20304033160209656,0.2200943,0.9727470613237025,2.213732957839966,0.10297030955553055,0.2673809,0.9840549805951342,2.141793727874756,0.18795807659626007,0.24479845,0.9763430574204475,2.2270803451538086,0.21637794375419617,0.27131715,0.976239362047174,1.9413959980010986,0.13225796818733215,0.3843483,0.9926129351718984,2.482931137084961,0.18684571981430054,0.42709967,0.928857110644362,2.3090097904205322,0.14796604216098785,0.46720934,0.9130662839446649,1.8980380296707153,0.19049619138240814,0.29191357,0.9411251882335482,1.7174288034439087,0.2660885453224182,0.48319802,0.8771501838645966,2.4660472869873047,0.5399532914161682,0.4833683,0.4585375836172886,2.0911178588867188,0.2187936007976532,0.21719776,0.36906330619715516,2.20241641998291,0.1471213698387146,0.19207077,0.6376255860852511,3.1855475902557373
0,0.0526537150144577,0.27970725,0.7207021616896298,2.854562997817993,0.007180803455412388,0.16784488,0.5236388326124746,1.9957934617996216,0.00020724999194499105,0.14275938,0.3132699266388582,1.268554925918579,0.11473715305328369,0.39508983,0.9682814546716801,1.8097684383392334,0.19275832176208496,0.31343752,0.9532667306431899,2.018219470977783,0.12362734973430634,0.43392047,0.9485115849149521,1.6227622032165527,0.22324217855930328,0.32920775,0.9640774246239152,1.8751730918884277,0.14854075014591217,0.2591402,0.9575374292762019,1.8513381481170654,0.26990488171577454,0.20421639,0.9679554993969491,1.5441441535949707,0.08895599097013474,0.44242865,0.995936645056037,2.0954971313476562,0.18086877465248108,0.3132123,0.9814075373160255,1.765355110168457,0.10199635475873947,0.5137268,1.0174888939535593,2.008701801300049,0.19383971393108368,0.30810207,0.9801598317445959,2.355614185333252,0.09354735910892487,0.37145326,0.9884362389263127,2.0127146244049072,0.17126047611236572,0.24715166,0.9761836779657145,2.253742218017578,0.18312665820121765,0.29773113,0.9868623270038507,1.9817571640014648,0.1310754120349884,0.37865832,1.0123905822357346,2.608375072479248,0.15280115604400635,0.45919433,0.9532755539015846,2.035853385925293,0.12804652750492096,0.432851,0.949227649785315,2.024296760559082,0.15507417917251587,0.3288365,0.9720383608178704,1.7234842777252197,0.23668986558914185,0.49336848,0.914554101941231,2.430668830871582,0.6089334487915039,0.43477368,0.4766494591987688,1.936350703239441,0.25023552775382996,0.18686968,0.3856573755949019,2.2666819095611572,0.1708892285823822,0.19050898,0.679706781917237,3.3565564155578613
1,0.04505674168467522,0.25620937,0.7425795311269128,3.155207633972168,0.017739567905664444,0.1692224,0.5599961655647319,2.366095781326294,0.0006967843510210514,0.16096978,0.32040479326239096,1.31338632106781,0.1087067723274231,0.36857614,0.9669037437116118,2.007009983062744,0.20143777132034302,0.26551932,0.9489431097831792,1.984877586364746,0.10886679589748383,0.37799668,0.9472319621982074,2.010540246963501,0.21013973653316498,0.29295325,0.9549390666456945,1.9148775339126587,0.12347523868083954,0.26311663,0.9510295418003126,1.8146449327468872,0.2849697172641754,0.17497471,0.9587689166114107,1.560306429862976,0.0618753619492054,0.4414662,0.9859618684304866,1.8673038482666016,0.1652551293373108,0.2480082,0.9742664434413102,1.8191777467727661,0.07253044098615646,0.4407414,1.007405365473489,2.1547296047210693,0.19402596354484558,0.1801758,0.970135877500116,2.214796781539917,0.0764533206820488,0.30211887,0.9937780278230812,2.1683850288391113,0.15579737722873688,0.16868514,0.9727416424242071,2.3268890380859375,0.17712105810642242,0.22273745,0.9770707229653484,2.005870819091797,0.062350351363420486,0.4264933,1.0176409500956196,2.206716537475586,0.11666173487901688,0.4301198,0.9639956973832263,1.903521180152893,0.11179979890584946,0.35428414,0.9499896612152102,1.8529410362243652,0.14034351706504822,0.28764004,0.9567695830153333,2.006849765777588,0.17382080852985382,0.39099512,0.9104091316787959,2.52152419090271,0.5230801105499268,0.4320559,0.48797971983203037,2.181074619293213,0.21277500689029694,0.16490903,0.381742501388502,2.3321471214294434,0.1439204066991806,0.14539433,0.5938060618299285,3.0656912326812744
0,0.049928613007068634,0.2731288,0.7223992563793766,2.599100112915039,0.013587724417448044,0.15409224,0.5212936284458957,1.752691388130188,0.00014567373727913946,0.120022014,0.3164064354296193,1.2702853679656982,0.12213172763586044,0.3609286,0.9690699296781897,1.9519253969192505,0.20562420785427094,0.30004236,0.9563487534642537,1.9671995639801025,0.12146788835525513,0.40385208,0.9463484553622411,1.534419298171997,0.24043366312980652,0.30757713,0.9684330880347592,1.8416810035705566,0.12967386841773987,0.22397637,0.9563831514533719,1.9792773723602295,0.2977342903614044,0.1829237,0.97163686620963,1.545896053314209,0.0976012647151947,0.44545338,0.9994286933020059,2.373471975326538,0.19395238161087036,0.30124146,0.985778833064471,1.8493895530700684,0.11125548183917999,0.533724,1.026857381156131,2.1171035766601562,0.20931625366210938,0.26766124,0.9870113125131084,2.2671873569488525,0.11324386298656464,0.36370486,0.9961407754878373,2.2002129554748535,0.2055255025625229,0.2193053,0.9805538547187918,2.302769899368286,0.2051779329776764,0.2834366,0.9925337774107441,1.9400440454483032,0.14340046048164368,0.39732558,1.0271055459319385,2.505664110183716,0.17397551238536835,0.46608096,0.9606367388509031,2.152625322341919,0.16384492814540863,0.4812072,0.9589638896820718,2.1202685832977295,0.1974463164806366,0.34811115,0.9898733641313231,1.7168127298355103,0.28310129046440125,0.49843043,0.9183711480117783,2.287684679031372,0.6286716461181641,0.4183301,0.4797258144996921,1.8779033422470093,0.24928611516952515,0.21430717,0.40040485469736586,2.220231533050537,0.17410866916179657,0.20794415,0.682489333827721,3.391832113265991
1,0.03478364273905754,0.265008,0.770649877390278,2.8668270111083984,0.023549294099211693,0.18228543,0.6075641137153108,2.136389970779419,0.0014031932223588228,0.12734509,0.3247640473499538,1.1337389945983887,0.1123160719871521,0.38500598,0.9663344323705585,1.6985807418823242,0.19709907472133636,0.30846003,0.9527801531249367,1.4288344383239746,0.13176417350769043,0.4138252,0.9445351965876222,1.5238677263259888,0.2569440007209778,0.31394953,0.9558824067693045,1.7442797422409058,0.12105747312307358,0.34207386,0.9405321980935375,1.5929423570632935,0.3085324764251709,0.1905289,0.9666016962013558,1.6020395755767822,0.08606728911399841,0.48514107,0.9939760363697425,1.970780611038208,0.20741821825504303,0.28687647,0.9760931842521933,1.9475173950195312,0.10127153992652893,0.5327437,0.9963465289201348,2.2632601261138916,0.2070091962814331,0.24678518,0.9780614723279824,2.0758790969848633,0.09973085671663284,0.32630333,0.9974279372125721,2.270709991455078,0.19710004329681396,0.19801527,0.9783996249159227,2.290512800216675,0.24250856041908264,0.259386,0.9684968955262987,2.0151126384735107,0.10523856431245804,0.45557484,1.0046964522854562,2.196396589279175,0.23040536046028137,0.44091344,0.920406261842682,1.9676916599273682,0.248250350356102,0.417049,0.8914300718899055,1.840672254562378,0.27710241079330444,0.2886006,0.8877966788276275,1.7946637868881226,0.33953768014907837,0.43280745,0.8302355474854335,2.1340274810791016,0.6205292344093323,0.46598822,0.40417455849116984,1.6350277662277222,0.2513273358345032,0.19948074,0.2995083595747241,1.927015781402588,0.2703148126602173,0.15678544,0.5030060727150081,2.7093164920806885
0,0.03635679930448532,0.26073313,0.7266572866783001,2.9818804264068604,0.01905898004770279,0.18320198,0.5369279684853034,2.16933012008667,0.00033703577355481684,0.14788325,0.3120869160384823,1.436068058013916,0.1183578297495842,0.36734572,0.9660577747163952,1.6163485050201416,0.2041337490081787,0.29136306,0.9508899168878688,1.9783132076263428,0.10353950411081314,0.4067496,0.9504232506352529,1.9909744262695312,0.2038816511631012,0.3467012,0.9589112380690572,2.014683723449707,0.12625524401664734,0.26284525,0.9564705552333358,2.1235828399658203,0.29442131519317627,0.21163842,0.9615057527765728,1.6403496265411377,0.07647731155157089,0.44945842,0.9837046451184107,2.2674338817596436,0.15652838349342346,0.35761958,0.9727379980630178,1.877651333808899,0.07769551128149033,0.55428666,1.0011359051031261,2.123542547225952,0.1871594488620758,0.29203975,0.9684190840059905,2.0012552738189697,0.10082950443029404,0.42519438,0.982589504104576,2.2935197353363037,0.14481773972511292,0.349961,0.9707523425724534,2.45175838470459,0.16445891559123993,0.40552402,0.9817082681672975,1.846329927444458,0.07218021154403687,0.40916374,1.0076538467516356,2.070265054702759,0.10676642507314682,0.4750708,0.9614270890081843,1.990962266921997,0.10419674217700958,0.45505017,0.9596940642726534,1.8904480934143066,0.15045417845249176,0.3403896,0.9804320315822315,1.8649194240570068,0.17413346469402313,0.5530782,0.9324150941202048,2.594189167022705,0.5365053415298462,0.4954635,0.49663940108327564,2.1777749061584473,0.23982922732830048,0.18461537,0.4107831564659354,2.387094259262085,0.13156354427337646,0.16396186,0.6896844603755495,3.4415574073791504
0,0.03952355682849884,0.24579298,0.7411615521632046,3.2762904167175293,0.021257592365145683,0.18024616,0.5560411894927502,2.480170488357544,0.0005644842167384923,0.14678618,0.31810647583294227,1.6036227941513062,0.11270324140787125,0.37293497,0.9640900915879286,2.093385696411133,0.19280152022838593,0.29807022,0.9466647038694349,1.8399171829223633,0.11138112097978592,0.41055572,0.9483772826966489,1.742507815361023,0.2031346559524536,0.3608609,0.9540177058926919,1.7889049053192139,0.11452174931764603,0.28847796,0.954198626595839,1.60239839553833,0.2797508239746094,0.21955158,0.9593963515978216,1.3755065202713013,0.04842481017112732,0.5056841,0.9788677509974729,1.8519269227981567,0.15571464598178864,0.31380138,0.9704549223630424,1.7224326133728027,0.06527183204889297,0.55084074,0.9927883179425293,2.181260347366333,0.158507838845253,0.2770015,0.9673164787374297,1.8876514434814453,0.07948347181081772,0.41690394,0.9810327137309385,2.184307336807251,0.14203882217407227,0.29369253,0.9667704438454302,2.263768434524536,0.12822020053863525,0.33184627,0.9735841788943762,2.076110601425171,0.042121946811676025,0.393887,1.0056126547938233,2.369619131088257,0.10506302863359451,0.4847721,0.9564536686444596,1.8203123807907104,0.08562410622835159,0.4858222,0.9498489350319556,1.9732736349105835,0.13265855610370636,0.3675145,0.9664999461593017,1.9077327251434326,0.13744883239269257,0.49371386,0.9258187445084364,2.440894603729248,0.5116360187530518,0.47336364,0.4785739366743709,2.208725690841675,0.23764002323150635,0.1680217,0.386588762302099,2.3308207988739014,0.1450502872467041,0.14521527,0.6839402978880145,3.461519241333008
0,0.04999168962240219,0.2598064,0.731922432954491,2.614499807357788,0.008218479342758656,0.12466503,0.540960871968902,1.7216507196426392,0.0003148856631014496,0.10020331,0.31458862693237266,0.9830213785171509,0.11996393650770187,0.32444215,0.9696226590158515,1.863662838935852,0.17142604291439056,0.24178544,0.956465610906381,1.8527991771697998,0.10885174572467804,0.363552,0.9430801724748091,1.639116883277893,0.24587343633174896,0.24097897,0.9652591793818245,1.405318021774292,0.13047364354133606,0.24971475,0.9478963027047942,1.7936683893203735,0.2907491624355316,0.17773117,0.9699077055195395,1.5687823295593262,0.10875654220581055,0.4129812,0.9966220172580018,1.7708688974380493,0.18244147300720215,0.2720832,0.9864671492998452,1.8917124271392822,0.12887005507946014,0.44005507,1.01656548849342,1.8722628355026245,0.2171846479177475,0.22353007,0.9846199316175325,2.204481601715088,0.10476918518543243,0.27556205,0.9902429693605779,2.4858932495117188,0.1847596913576126,0.20353352,0.9774665316899315,2.2533342838287354,0.21914584934711456,0.24626999,0.9876886483470966,2.096954107284546,0.19568614661693573,0.39833137,1.0137552748061258,2.515291213989258,0.18359874188899994,0.4109361,0.9436204043122969,2.2992613315582275,0.1618720293045044,0.41333878,0.9302626357469834,2.1587815284729004,0.21240492165088654,0.29918706,0.9578440530401486,1.6976268291473389,0.28236454725265503,0.41613868,0.8878833265994954,2.404500722885132,0.5732290148735046,0.46956515,0.4673515318086918,1.8975390195846558,0.22061485052108765,0.21324097,0.3861608992016071,2.1700305938720703,0.13430115580558777,0.2189814,0.6415495015141313,3.1546666622161865
0,0.030591724440455437,0.24855453,0.7327510460339506,2.7776730060577393,0.013221913017332554,0.1588849,0.5311009050561716,1.894770860671997,0.0002946790191344917,0.1263789,0.3138127279385271,1.2950232028961182,0.1400972157716751,0.3403017,0.969246246578667,1.6785647869110107,0.19681599736213684,0.27931252,0.9553866896144035,1.8034608364105225,0.11169005930423737,0.40383634,0.9465054409566751,1.5758970975875854,0.23669520020484924,0.3040833,0.9659430162849479,1.8236786127090454,0.13221652805805206,0.2634139,0.9576101820778873,1.9247275590896606,0.28748631477355957,0.2040551,0.9723517749428726,1.5695080757141113,0.09713811427354813,0.4527143,0.9993149158514918,2.0654425621032715,0.1786537915468216,0.28957298,0.9830851334472867,2.041630983352661,0.1021161749958992,0.5169835,1.018838551009586,1.8212361335754395,0.23140618205070496,0.24758968,0.9812222984012952,2.2746634483337402,0.09699025005102158,0.35650414,0.9908135052995998,2.3404529094696045,0.17777426540851593,0.230714,0.9784062368468412,2.2363579273223877,0.22106914222240448,0.2789214,0.9901214194923336,2.068176031112671,0.10908921808004379,0.39525428,1.0212380903466733,2.336273670196533,0.1462787538766861,0.45464575,0.9535754367200227,1.8555940389633179,0.14737512171268463,0.43765157,0.949098323726647,1.9354709386825562,0.18339481949806213,0.32777837,0.9708350374504446,1.653041124343872,0.2417943775653839,0.46580482,0.908516439918446,2.4820733070373535,0.5973395705223083,0.4464186,0.47424589308385906,1.9863741397857666,0.23472364246845245,0.2111669,0.39742163754442267,2.157236099243164,0.14059939980506897,0.1871997,0.6807325548405563,3.3911497592926025
0,0.03806769475340843,0.26780307,0.7330704491806136,2.851910352706909,0.013582425191998482,0.13621888,0.5409523915917208,2.0193042755126953,0.0002624029584694654,0.1408349,0.32070699771119193,1.36506187915802,0.1222207173705101,0.34402242,0.9682780202625747,1.7243688106536865,0.1910156011581421,0.270125,0.9521248309780714,1.8257553577423096,0.1164889708161354,0.4132975,0.947714117642726,1.9139350652694702,0.23253905773162842,0.30854744,0.9621607329012888,1.902957797050476,0.12353266030550003,0.26247928,0.9544315120020687,2.1134376525878906,0.2869294285774231,0.1984629,0.9688164828433286,1.500773549079895,0.0781761184334755,0.47140956,0.9940691790276786,1.868552565574646,0.19366441667079926,0.29666254,0.9810546147866953,1.6663422584533691,0.08886981010437012,0.5308474,1.0152404151143488,1.965214490890503,0.19650225341320038,0.23389356,0.9809551067052844,2.2944488525390625,0.08916755765676498,0.33628568,0.9896850175009257,2.5522327423095703,0.1655701845884323,0.24026558,0.9755952596218412,1.893563985824585,0.17842997610569,0.29754543,0.9860548500953635,2.1082067489624023,0.09117050468921661,0.3929054,1.0157079793035462,2.2599713802337646,0.14125050604343414,0.46533796,0.9541810574732168,1.855346918106079,0.1297982931137085,0.48387283,0.9429955031333884,1.8147741556167603,0.14999954402446747,0.34162715,0.9666562530134315,1.8368459939956665,0.22585339844226837,0.46071848,0.9045353545493637,2.323026180267334,0.5960057377815247,0.44810697,0.48498422162861315,1.990045189857483,0.256780207157135,0.20036188,0.38782778264987705,2.2436752319335938,0.15146280825138092,0.17366487,0.6746519107152864,3.4021265506744385
0,0.04658273234963417,0.2564692,0.7403490569350074,2.9714467525482178,0.010861661285161972,0.15198949,0.5466757407717967,2.1230978965759277,0.0005301308119669557,0.14088541,0.32103764251133265,1.1653202772140503,0.1364985853433609,0.34104532,0.9674464354542256,1.68281090259552,0.2072388380765915,0.26327926,0.9526153180957974,2.0334277153015137,0.11193562299013138,0.3860259,0.9482236012416193,1.5710657835006714,0.23058003187179565,0.29960328,0.9617454587251717,1.9175102710723877,0.11342926323413849,0.2709248,0.9545849166657742,1.9930884838104248,0.3189702033996582,0.19404233,0.9645580965055721,1.5257200002670288,0.07230398058891296,0.45497093,0.9892208407221526,2.050168991088867,0.18232479691505432,0.30516112,0.9776613997047318,1.6844849586486816,0.08373352885246277,0.5346978,1.0058815486714805,2.3184139728546143,0.2047889232635498,0.24607632,0.9730726271327881,2.4472720623016357,0.10587858408689499,0.40012977,0.9858916838686915,2.489572048187256,0.1780037134885788,0.28820756,0.9733632388381203,2.2535672187805176,0.19564582407474518,0.32806256,0.9796859820751902,1.97701895236969,0.07409687340259552,0.3793806,1.0160340850851586,2.25541353225708,0.15526187419891357,0.48107842,0.9549630101167299,2.048612594604492,0.13364240527153015,0.46908748,0.9458982936990844,1.9520156383514404,0.16464394330978394,0.31464535,0.9649593248370324,1.813792109489441,0.22506403923034668,0.5086937,0.9050200149433207,2.6008944511413574,0.5421255826950073,0.47493014,0.4771361028108093,2.1187078952789307,0.23810911178588867,0.18712753,0.40136794702606854,2.3474578857421875,0.15367542207241058,0.17279975,0.6745103172469105,3.297715425491333
0,0.021994497627019882,0.21954592,0.7409705802701666,2.406459093093872,0.01246829517185688,0.11759897,0.5500929233582087,1.6769962310791016,0.0002465873840264976,0.09254036,0.32236589656681486,1.3031898736953735,0.12902233004570007,0.31172347,0.9668541237072044,1.736821174621582,0.20028312504291534,0.23714164,0.9536176575382671,1.8682557344436646,0.11850596964359283,0.34733006,0.9309128082699818,1.4058029651641846,0.27957630157470703,0.24137768,0.967896582862768,1.4511361122131348,0.16948476433753967,0.22097103,0.9467109514442057,1.6530451774597168,0.30103883147239685,0.17463462,0.976772227256557,1.5658032894134521,0.1255711317062378,0.41289392,1.0102497966753337,2.2301416397094727,0.21156412363052368,0.27290568,0.9924758888883767,1.783299446105957,0.14364425837993622,0.45869297,1.0328060877048308,2.290865659713745,0.2692687213420868,0.21946293,0.9880068402366374,1.9029994010925293,0.13574336469173431,0.2976274,0.9957841314656445,2.1963653564453125,0.25427767634391785,0.21176724,0.9828383994078395,2.048879623413086,0.235993430018425,0.25621563,0.9944083200280605,2.02500057220459,0.23267406225204468,0.37851134,1.016181449082789,2.3809432983398438,0.2278382033109665,0.41012573,0.9247552742434478,2.2799997329711914,0.24115833640098572,0.4268519,0.9068658087080603,2.0192813873291016,0.2502387762069702,0.2742382,0.9562633280904211,1.9166607856750488,0.34142619371414185,0.4648746,0.880596873621352,2.3422110080718994,0.6113942861557007,0.47270194,0.48148721408300527,1.8764514923095703,0.2542797327041626,0.23501039,0.396164460054383,2.1433939933776855,0.14841455221176147,0.22907375,0.6507386852427552,3.1466152667999268
0,0.0445837676525116,0.2670319,0.7440638851124759,3.00675892829895,0.02272072620689869,0.1545848,0.5585249991173605,2.2136480808258057,0.0005075782537460327,0.14980839,0.3172350078878275,1.2546290159225464,0.114628367125988,0.34954706,0.9687933332805573,1.4563649892807007,0.19932758808135986,0.2476872,0.9518938830579193,1.9540687799453735,0.10935958474874496,0.38124427,0.947837571915487,1.756456732749939,0.23119738698005676,0.27845743,0.9576592654558546,1.991331696510315,0.12243056297302246,0.26725903,0.954153852939893,1.9271240234375,0.311197966337204,0.18356584,0.9647563533595941,1.542755126953125,0.07173440605401993,0.4738257,0.9893616863446174,2.137946367263794,0.1775660663843155,0.27838367,0.9776766886850367,1.7095195055007935,0.08534153550863266,0.547885,1.0045562802891923,1.9373531341552734,0.19912707805633545,0.23343395,0.9743994820794039,2.0763258934020996,0.09960128366947174,0.40138876,0.989807810289193,2.2833938598632812,0.17670920491218567,0.2689998,0.9728356349548138,2.4120404720306396,0.18798579275608063,0.2904065,0.9799628298840071,1.758776068687439,0.07165509462356567,0.40943262,1.0155787167283694,2.2161624431610107,0.10759798437356949,0.46241882,0.9528420927348172,2.1522209644317627,0.12040159851312637,0.43787545,0.9418691857867323,1.9471826553344727,0.15267765522003174,0.32854396,0.9625375812402677,1.9515217542648315,0.19253097474575043,0.44909474,0.9061202329359808,2.5865933895111084,0.5206275582313538,0.5124574,0.4679130959906452,2.1116530895233154,0.21757344901561737,0.19438413,0.38313263549248916,2.254744052886963,0.133368119597435,0.1777413,0.6496253065088611,3.285440444946289
0,0.035604897886514664,0.259922,0.7378320459743943,2.9901227951049805,0.01262119971215725,0.14892377,0.5539995523609795,2.1750457286834717,0.0002663621853571385,0.13852626,0.319867191099565,1.0318022966384888,0.09853518754243851,0.34772047,0.9668150503530202,1.910644292831421,0.19967198371887207,0.2590739,0.9516372773626154,2.092869997024536,0.10910682380199432,0.3791423,0.947227183562774,1.8360838890075684,0.23380400240421295,0.3108329,0.9616487598529474,1.6700763702392578,0.11015117913484573,0.27612522,0.956538935205319,2.0748119354248047,0.2617712914943695,0.19551972,0.9676018902995269,1.6105815172195435,0.0766478031873703,0.45928353,0.9902926349152871,1.9144787788391113,0.17261262238025665,0.31592107,0.978184501371489,1.8580238819122314,0.07757755368947983,0.51786184,1.0048039345829647,2.108107089996338,0.21064524352550507,0.254402,0.9722922985587806,2.2122390270233154,0.08758319914340973,0.39689437,0.9835021126697677,2.177584409713745,0.1566874086856842,0.30028751,0.9736395562605725,2.3673887252807617,0.1707206666469574,0.35362825,0.9816035732347373,2.247227191925049,0.06400015205144882,0.387894,1.0023822481839255,2.2057924270629883,0.13422349095344543,0.45938012,0.9427707557268187,1.8078055381774902,0.12212242186069489,0.4839761,0.931796891593839,2.0694124698638916,0.15650345385074615,0.3520998,0.9624718591511493,1.88096284866333,0.18686819076538086,0.510898,0.9068409628756827,2.5958125591278076,0.5500797033309937,0.4826858,0.5096669426252336,2.108759641647339,0.23873496055603027,0.17747636,0.4041138731283831,2.29870343208313,0.1429949700832367,0.17403461,0.6698820945060748,3.4288101196289062
0,0.04735381528735161,0.26694995,0.7399018346392854,3.002042531967163,0.011039020493626595,0.16538003,0.546470066301448,2.1730878353118896,0.0005545745952986181,0.15249126,0.31705782647672587,1.3266828060150146,0.10742796212434769,0.34814712,0.9658215111867181,1.699716329574585,0.1811428666114807,0.27021343,0.9489768659076202,1.9831576347351074,0.11273057013750076,0.38017833,0.9477234225362612,1.593690276145935,0.2125801146030426,0.32360813,0.9594757006639364,1.8089126348495483,0.10963060706853867,0.2646134,0.9524193045994085,1.7404268980026245,0.2865346670150757,0.18691303,0.9616881813747705,1.6523678302764893,0.07158523797988892,0.45277378,0.9841650207373425,2.0129270553588867,0.17271384596824646,0.31099835,0.9740502550794322,1.7525720596313477,0.08933242410421371,0.51890355,1.003286887444324,2.0101168155670166,0.16027280688285828,0.24166417,0.9701852288934951,2.1953792572021484,0.0941770076751709,0.37226892,0.9849541968511843,2.249805212020874,0.16292518377304077,0.29996857,0.9705577015371856,2.3970770835876465,0.18529538810253143,0.3244816,0.9775518478709494,1.9943821430206299,0.05530036613345146,0.38680074,0.9975270360879316,2.366950035095215,0.12438590824604034,0.46883726,0.9477319141616662,2.13163161277771,0.11236763745546341,0.49763757,0.9387492596105617,1.8771321773529053,0.14371450245380402,0.32178184,0.965477784733855,1.9537993669509888,0.19811224937438965,0.49481234,0.9104120381978493,2.4283699989318848,0.500860333442688,0.49582246,0.4921218701803132,2.243182420730591,0.22104786336421967,0.17289945,0.40247531647680346,2.3736050128936768,0.1392810046672821,0.15526801,0.6791683125677179,3.4242782592773438
0,0.04807020351290703,0.26087803,0.7733555917347403,3.1556434631347656,0.014240588992834091,0.19063637,0.590705914737666,2.198441505432129,0.0003606783284340054,0.15365034,0.3260003493143892,1.139656662940979,0.12061920762062073,0.41585654,0.9670851362185309,1.5292906761169434,0.20858754217624664,0.3412452,0.953436326209036,1.5354045629501343,0.10744158923625946,0.47792894,0.9494392781136677,1.7530224323272705,0.2635948657989502,0.34962353,0.9525923129324283,1.662062644958496,0.10404422134160995,0.37040573,0.9465938070866831,1.416434407234192,0.3286674916744232,0.199253,0.9627946468256009,1.484850525856018,0.07695233076810837,0.518812,0.9900243008695122,1.6399012804031372,0.1808909922838211,0.38088503,0.9751380694997047,1.7301924228668213,0.09658581763505936,0.5509327,0.990255072900812,2.14340877532959,0.18885743618011475,0.2822902,0.9731500269355147,1.923529863357544,0.09248652309179306,0.4128021,0.989544046619495,2.086644411087036,0.19925984740257263,0.33056265,0.9736212557209318,1.9662410020828247,0.18390890955924988,0.32789984,0.9695173343047329,2.234625816345215,0.09697696566581726,0.4120659,1.0223894319566396,1.9154638051986694,0.20530274510383606,0.5013531,0.951568595290873,1.793865442276001,0.19427607953548431,0.42357734,0.9264825640150155,2.020082473754883,0.23266850411891937,0.30937743,0.9101537394306661,1.8209985494613647,0.2390294075012207,0.52709,0.8502158828085328,2.4268527030944824,0.555942952632904,0.49774918,0.41797283403866436,1.9044867753982544,0.20164147019386292,0.18237278,0.29697439732172015,2.017197608947754,0.16406796872615814,0.13547473,0.49195482564260895,2.6121413707733154
0,0.052528802305459976,0.25796297,0.7248417043164695,2.939812660217285,0.011877707205712795,0.18503569,0.5272541672217093,2.105809450149536,0.0001734635152388364,0.14322476,0.31341629481250116,1.2006994485855103,0.12303866446018219,0.37359306,0.9670326053617261,1.6693919897079468,0.20982468128204346,0.29637465,0.9522044060413329,1.6936488151550293,0.12575647234916687,0.40606084,0.9500988737819617,1.582528829574585,0.19344253838062286,0.34389982,0.9609312037009076,2.0634424686431885,0.12655942142009735,0.2719258,0.9557481866524367,1.635190725326538,0.3037160336971283,0.21367039,0.9615646504424751,1.4044737815856934,0.07546357810497284,0.47507298,0.9836567184655621,1.5744645595550537,0.1716412901878357,0.3231476,0.9745504005355311,1.7450830936431885,0.08573019504547119,0.54358727,1.004309801927772,2.036409616470337,0.17082513868808746,0.27097943,0.9724137909519592,2.2620575428009033,0.09428483247756958,0.35928103,0.9879471041096533,2.4978487491607666,0.15670537948608398,0.2591713,0.9722746137493455,2.5090677738189697,0.1519910991191864,0.32329452,0.98067961776878,1.9345206022262573,0.10950875282287598,0.39093053,1.0092911922114813,2.1567211151123047,0.11256860941648483,0.48280516,0.9645233202871674,2.190070867538452,0.10938873142004013,0.42731756,0.960485385874522,2.032212018966675,0.13964317739009857,0.34958717,0.9840215935883788,2.020557165145874,0.18742765486240387,0.5177139,0.9370419771985007,2.5879766941070557,0.5564754009246826,0.4636013,0.4861402405874313,2.1403698921203613,0.23616410791873932,0.19042294,0.41076746017883414,2.309629440307617,0.1586255133152008,0.17710091,0.6950000398002614,3.46828293800354
0,0.04581371694803238,0.26409847,0.7333910748722807,2.855802059173584,0.02310519479215145,0.1679352,0.5408727467287952,2.0916645526885986,0.0003589188272599131,0.13766305,0.3133308430862324,1.1754908561706543,0.12174799293279648,0.35416073,0.9688832964898416,1.960072636604309,0.21432045102119446,0.2639404,0.9529214400242606,1.8503392934799194,0.12617923319339752,0.36566287,0.9484184466605468,1.6166678667068481,0.2377929538488388,0.28807148,0.9617945325191173,1.711564302444458,0.12299451977014542,0.27030125,0.953348896233911,1.899865984916687,0.2781389057636261,0.18528217,0.963743184724038,1.698678970336914,0.08736076205968857,0.4324165,0.9906116431009264,2.136885404586792,0.17619696259498596,0.31230712,0.9814772293696226,1.4722446203231812,0.09261300414800644,0.47728595,1.0090071531836757,2.02728533744812,0.20711550116539001,0.22822286,0.9732602261967913,2.188110589981079,0.10073548555374146,0.28204376,0.9872281336772047,2.07782244682312,0.17286252975463867,0.26554313,0.9722221232104067,2.2807419300079346,0.19706131517887115,0.26582345,0.978544610810962,1.8152360916137695,0.1134631335735321,0.37474087,1.00816683627413,2.1435399055480957,0.12293758988380432,0.46255887,0.9572121482302179,2.0990607738494873,0.11994633823633194,0.47639376,0.9502967867929489,1.8704535961151123,0.15769463777542114,0.33735818,0.9768403471039573,1.8920190334320068,0.2180468589067459,0.4603091,0.910698316192484,2.483060836791992,0.5339678525924683,0.5016932,0.4783717117096766,2.1184215545654297,0.21244361996650696,0.2010624,0.4027119763224872,2.285907506942749,0.12815050780773163,0.19776039,0.661415269479482,3.326632499694824
0,0.037424180656671524,0.26308817,0.7274043154297931,2.6635777950286865,0.01585880108177662,0.139354,0.5308836517485511,1.8790783882141113,0.00022016953153070062,0.11871682,0.3170151911991014,1.1848922967910767,0.12554289400577545,0.3407784,0.9702208697694917,1.5964921712875366,0.1982286274433136,0.28149173,0.9555180233201541,1.8857970237731934,0.12199599295854568,0.41565877,0.9440849347673606,1.4388841390609741,0.2537229061126709,0.31234714,0.9661945874015563,1.7307324409484863,0.14847920835018158,0.22818951,0.9541618490939483,1.7994513511657715,0.3050857186317444,0.18997596,0.9714403085180343,1.461225986480713,0.10481976717710495,0.44990706,0.9988901601403677,2.130756139755249,0.19135920703411102,0.3037324,0.9843130271913684,1.5106539726257324,0.12272759526968002,0.5442954,1.0232325088219734,2.05187726020813,0.20281700789928436,0.28118148,0.9854905753935992,2.143450975418091,0.10004940629005432,0.36439902,0.9947689937783349,2.256106376647949,0.21122367680072784,0.24617675,0.9801070855361047,2.0053365230560303,0.2019122689962387,0.29617897,0.9902800611506237,1.7453442811965942,0.1255815029144287,0.39228228,1.0217065578056157,2.5154616832733154,0.14109255373477936,0.47266045,0.9491536546290396,1.8627885580062866,0.16651657223701477,0.4639815,0.9426079659543861,2.0763039588928223,0.1967504322528839,0.3483361,0.971261892179442,1.7181296348571777,0.29102179408073425,0.49677548,0.9031291298105837,2.3026580810546875,0.6302522420883179,0.43611422,0.470010634961547,1.8289319276809692,0.29126253724098206,0.2329297,0.39145814868850315,2.119879722595215,0.1638474017381668,0.2099568,0.6795441356833715,3.354550838470459
0,0.05155922472476959,0.23630017,0.7286189425440949,3.2593436241149902,0.02073410525918007,0.20217016,0.5345198649835234,2.494424343109131,0.0007762665045447648,0.15900612,0.3094041552679946,1.8226499557495117,0.09681059420108795,0.37902817,0.9613147939643196,2.0762836933135986,0.16376811265945435,0.3195033,0.9441457611523623,2.339154005050659,0.1075831800699234,0.41471452,0.949016886796642,1.8700246810913086,0.18195919692516327,0.36751327,0.9484144511244519,2.283959150314331,0.1139979362487793,0.2869461,0.9500724624526141,2.2576069831848145,0.28043803572654724,0.22014345,0.951314085810748,1.6298145055770874,0.06728813797235489,0.5133574,0.9754612329279378,2.0075125694274902,0.15595181286334991,0.32710496,0.9634343957974851,1.7676656246185303,0.06416888535022736,0.5677462,0.9889494705864911,2.3256940841674805,0.1416616588830948,0.29080755,0.961703427458277,2.085948944091797,0.06443321704864502,0.41931778,0.9788885940175169,2.304999828338623,0.1259162425994873,0.3233134,0.9630672088438028,2.0836920738220215,0.13026867806911469,0.36322567,0.9700366710565059,2.428483009338379,0.044404286891222,0.4021202,0.9999895938123254,1.9658621549606323,0.07399559766054153,0.4788451,0.9610928543687107,2.129638671875,0.07494285702705383,0.5401348,0.9565429398956978,1.6774104833602905,0.10888838768005371,0.3797944,0.9727579646080998,1.9310182332992554,0.11635474115610123,0.55327165,0.935044790001915,2.524876117706299,0.49020689725875854,0.49044973,0.49919180410160985,2.4127280712127686,0.21220006048679352,0.17603956,0.407129420577534,2.473386287689209,0.1347176730632782,0.14824781,0.7005545695375163,3.5849478244781494
0,0.03209151700139046,0.2462684,0.752225127574569,2.924767255783081,0.019019296392798424,0.13387303,0.5653887454102539,2.070110559463501,0.0004875861923210323,0.13314003,0.3182030627938427,1.029631495475769,0.11763962358236313,0.33286148,0.9686989690626889,1.7919481992721558,0.19044068455696106,0.24154833,0.9522210079349772,1.6892566680908203,0.10756245255470276,0.37373853,0.9415249638276247,1.6841838359832764,0.23922045528888702,0.2726885,0.9589805258906937,1.8100581169128418,0.11616073548793793,0.2433544,0.9466767455996941,1.6996361017227173,0.27943670749664307,0.18049273,0.9668578641110152,1.5180957317352295,0.07555646449327469,0.44881526,0.9928135824792802,1.9179977178573608,0.1781960129737854,0.2582448,0.9786821421008824,1.7557591199874878,0.08564888685941696,0.49627241,1.0082712817106674,1.643442988395691,0.19551990926265717,0.22861555,0.9755059255098021,2.1546664237976074,0.09487813711166382,0.3441088,0.9927711050296758,2.201028347015381,0.19009266793727875,0.21894816,0.9724327080401698,2.3806514739990234,0.16037054359912872,0.27800047,0.9771351068250604,2.0462417602539062,0.0837457925081253,0.41382846,1.0162503319612268,2.2951040267944336,0.12856364250183105,0.4473597,0.938803220981195,2.2978081703186035,0.14425982534885406,0.4619522,0.9237140101707325,2.15366268157959,0.1798378974199295,0.33468768,0.9446364133275443,1.8245611190795898,0.2335604727268219,0.4356089,0.8861212315258623,2.421595811843872,0.5616740584373474,0.4857024,0.4864142435327645,2.0096352100372314,0.27160316705703735,0.20958842,0.3878495613290647,2.244798421859741,0.14721333980560303,0.1852728,0.6393946689835897,3.195460796356201
0,0.04026190936565399,0.23056284,0.7223429974854025,3.087984800338745,0.019155435264110565,0.19915383,0.535532829351483,2.312307119369507,0.0001812075643101707,0.1406163,0.30950866246525127,1.5502033233642578,0.10744287818670273,0.38165146,0.9647440636444101,1.5374032258987427,0.2071627378463745,0.3118076,0.949833899534385,2.09635329246521,0.11269903182983398,0.41678834,0.9505117817186268,1.8941949605941772,0.1986720710992813,0.3360446,0.9563293646509162,2.1140060424804688,0.11384523659944534,0.2730757,0.9546824659782036,1.9697189331054688,0.27744773030281067,0.20354736,0.9591360919719669,1.6647940874099731,0.07429267466068268,0.47835952,0.9829726560348999,1.8087373971939087,0.15484504401683807,0.32294586,0.9710443933911479,1.5999629497528076,0.08077967166900635,0.561405,0.9978859555286171,1.9767870903015137,0.17728622257709503,0.28575173,0.9681551051578609,2.278620958328247,0.07785075157880783,0.38110998,0.982050951829382,2.369943380355835,0.13792775571346283,0.29903948,0.9685374660160035,2.4144210815429688,0.14075139164924622,0.35218373,0.9797335153408644,2.104509115219116,0.0770469605922699,0.40086073,1.0101632964519716,2.433983087539673,0.10206552594900131,0.47633663,0.9657416071652931,2.108013868331909,0.08777225762605667,0.49584022,0.9637743468454529,1.909393310546875,0.13485108315944672,0.32602322,0.9838188805239246,1.8039848804473877,0.15539705753326416,0.502874,0.933952400891354,2.3941617012023926,0.5406175255775452,0.458377,0.5028883100737845,2.198345184326172,0.20455302298069,0.182246,0.4101939692073893,2.386767625808716,0.1315307915210724,0.15828118,0.6866394300570619,3.4694936275482178
0,0.043115027248859406,0.22410405,0.7206894197487793,3.1280899047851562,0.02141050435602665,0.18529947,0.5252647397747676,2.379708766937256,0.0006220773211680353,0.14120488,0.3148449787506159,1.6068775653839111,0.08951051533222198,0.3922898,0.9635181025477522,2.020101547241211,0.1706220507621765,0.31421492,0.9457463163570587,2.2073748111724854,0.11886429786682129,0.43349436,0.949395041007129,1.7470412254333496,0.17193633317947388,0.364053,0.9547307551670591,2.1674137115478516,0.14169636368751526,0.28414884,0.9544852909480094,2.192135810852051,0.2737092673778534,0.21540608,0.95564003100746,1.7164660692214966,0.05808920040726662,0.4990878,0.9799441080862442,2.028644561767578,0.15026207268238068,0.35259598,0.9688910627322992,1.7024257183074951,0.06906968355178833,0.56427664,0.9976673561109856,2.446315050125122,0.15933984518051147,0.33000606,0.965614881221065,2.2927305698394775,0.08053317666053772,0.4113486,0.9803095626536995,2.6003921031951904,0.12065183371305466,0.31467348,0.9675052360127677,2.3601975440979004,0.13862989842891693,0.36374202,0.9758094773249667,1.8942890167236328,0.058599866926670074,0.39693478,1.0013972171504515,2.0682260990142822,0.08239241689443588,0.48345798,0.9608826420944686,2.030531644821167,0.08383756875991821,0.51727027,0.9570981627468362,1.9366275072097778,0.11477035284042358,0.37563404,0.9717995714826239,2.054313898086548,0.1363048106431961,0.5426499,0.9342621004283342,2.4661107063293457,0.5221568942070007,0.48822808,0.4860186880413196,2.287184715270996,0.23711739480495453,0.18815422,0.3979505263654472,2.489586353302002,0.1313677579164505,0.15615451,0.6871100279281521,3.499541759490967
0,0.030389010906219482,0.24738477,0.7324264730825333,2.795741558074951,0.011667010374367237,0.13688019,0.5487217015119287,2.0545055866241455,0.00018303735123481601,0.11320875,0.3144931623017765,0.9740540385246277,0.10193637013435364,0.34423333,0.9660900315628449,1.8699042797088623,0.1837390512228012,0.2592923,0.9536837767555316,2.0602097511291504,0.12017493695020676,0.36310035,0.9459375226299915,1.6804141998291016,0.2514715790748596,0.26475534,0.9635227077680347,1.7479615211486816,0.12327753007411957,0.26142603,0.9540062350544544,1.648409366607666,0.2845659554004669,0.18269932,0.9681197237659337,1.665966510772705,0.09960030764341354,0.4272232,0.9932783668404206,1.790778398513794,0.16893444955348969,0.28585684,0.9801839565308145,1.7765929698944092,0.09953158348798752,0.50503385,1.0058697545590816,2.1020402908325195,0.24009151756763458,0.22357738,0.9748570925773802,2.1793549060821533,0.10326752066612244,0.33202606,0.9858772056164848,2.295912265777588,0.19760772585868835,0.24165718,0.9734568273865867,2.158491611480713,0.17825590074062347,0.2895574,0.9783689170427176,1.9991636276245117,0.14284321665763855,0.3895326,0.9969897967037837,2.358494281768799,0.19557496905326843,0.41438192,0.9437771796944335,2.2679128646850586,0.1373130828142166,0.43336535,0.9308241449397899,2.0297553539276123,0.17943428456783295,0.30270153,0.9577792386882684,1.7216053009033203,0.22928336262702942,0.4852152,0.905528487280744,2.41048264503479,0.5770590305328369,0.49657324,0.47963435225573914,1.975872278213501,0.221266970038414,0.216206,0.39227701583997876,2.2270545959472656,0.14836826920509338,0.20371029,0.6483373688332461,3.1721057891845703
1,0.0509159080684185,0.22477935,0.7490465523755854,3.2413108348846436,0.0274458359926939,0.16569775,0.5782940773514664,2.47983980178833,0.00022734131198376417,0.14041527,0.311207588105185,1.398393988609314,0.09376617521047592,0.40220594,0.9630576641406771,1.9074535369873047,0.14505332708358765,0.33604455,0.9486457914659726,1.872994065284729,0.08693666011095047,0.45366555,0.9474523097110408,2.0514309406280518,0.19952675700187683,0.34537378,0.9524740298245229,1.9076628684997559,0.0764000415802002,0.35002968,0.9496376897063374,1.5266001224517822,0.28598102927207947,0.23508383,0.9582912381798414,1.3643358945846558,0.06435993313789368,0.5143952,0.976444715456064,1.76207435131073,0.1549823135137558,0.36105874,0.970708172800921,1.6723607778549194,0.06653107702732086,0.5529338,0.9828247788883803,1.980090856552124,0.17356786131858826,0.31553793,0.970588772629261,1.7218314409255981,0.07564054429531097,0.36352968,0.9820006513222427,2.0791351795196533,0.14874230325222015,0.2858502,0.9700778674265128,2.1411783695220947,0.12788181006908417,0.29626408,0.964710845366599,2.3012444972991943,0.04947679489850998,0.4068173,1.0018007230977133,2.1168019771575928,0.1290673017501831,0.49054253,0.9497855634108832,1.9578925371170044,0.14009201526641846,0.44402593,0.9319977901154887,1.7869007587432861,0.17686612904071808,0.31841388,0.9291175026780223,1.9562333822250366,0.1982218474149704,0.49512148,0.8819771163660916,2.435370445251465,0.5846171379089355,0.50892276,0.4206157999202625,1.813103437423706,0.19445644319057465,0.14233054,0.2904597933703653,2.08695912361145,0.14278818666934967,0.12664244,0.5372885190451865,3.0121970176696777
0,0.037587594240903854,0.25747055,0.722501681279644,2.681579351425171,0.01020940113812685,0.14470454,0.5283293038748872,1.873416781425476,0.00025681123952381313,0.11738723,0.3175935407836382,1.0435223579406738,0.11292270570993423,0.33899835,0.9692787685355778,1.7165950536727905,0.1787026822566986,0.25475731,0.9559266253591462,1.9677722454071045,0.11532653868198395,0.36227205,0.9469001758776571,1.8680412769317627,0.24363985657691956,0.27491394,0.963946877529014,1.687389612197876,0.11113052815198898,0.25351515,0.9519473135386715,1.7331974506378174,0.29477065801620483,0.18359467,0.9653572141792575,1.5723096132278442,0.0776582881808281,0.43243074,0.9900162023681391,1.902738094329834,0.16058900952339172,0.28476605,0.9793645587870852,1.862321376800537,0.0884423702955246,0.48776275,1.0124906481739184,2.229503870010376,0.22148872911930084,0.23600909,0.9791271379670768,2.2719850540161133,0.10730267316102982,0.3142446,0.9921656654775146,2.3038907051086426,0.1641382873058319,0.23833397,0.9771350309967562,2.352775812149048,0.1958465874195099,0.25253934,0.9839767145592646,1.9996767044067383,0.17552053928375244,0.38796234,1.0102831576046052,2.3574252128601074,0.14425089955329895,0.42953676,0.9589565449312897,1.9493906497955322,0.13762496411800385,0.42246315,0.9492542714194551,1.9906895160675049,0.16014499962329865,0.30225852,0.9728959809363509,1.8739526271820068,0.24298825860023499,0.42091015,0.9159004242712732,2.4784650802612305,0.5529025793075562,0.49293867,0.47216096357558063,2.1267337799072266,0.23199746012687683,0.19747397,0.399593261416415,2.330845594406128,0.14645811915397644,0.22737092,0.6611849124420144,3.2883121967315674
0,0.05288730561733246,0.2386483,0.7387015830397607,3.1510164737701416,0.026888491585850716,0.15484679,0.5613806837940366,2.467984676361084,0.0006040522712282836,0.15089841,0.31619117420722137,1.453582763671875,0.11196240037679672,0.36172488,0.9652838217041583,1.8331819772720337,0.18032659590244293,0.27370617,0.9476258428258171,2.017239809036255,0.10580016672611237,0.40332195,0.9497167255098355,1.6501601934432983,0.2123028188943863,0.3119742,0.9536539799567216,2.123544692993164,0.10916336625814438,0.2702357,0.9528967316416302,1.9602497816085815,0.2797718346118927,0.19530913,0.9583948071206388,1.603318214416504,0.06152467429637909,0.4938703,0.9837051921953999,2.017685651779175,0.17734721302986145,0.29141316,0.9706602591622349,1.767972707748413,0.08002565801143646,0.5718735,0.9969382026119099,2.2471015453338623,0.169771209359169,0.26511914,0.9684779963349687,1.806293249130249,0.07175690680742264,0.4018983,0.9840036837511794,2.3050081729888916,0.14988218247890472,0.2509632,0.9659492598722409,2.2643120288848877,0.16454991698265076,0.32037786,0.9734205992568987,2.1052019596099854,0.04619421437382698,0.39542422,1.0029923876736566,1.955700397491455,0.09441836923360825,0.48513788,0.9501846812115355,2.0415430068969727,0.09678727388381958,0.47086567,0.9399251636258139,1.8771711587905884,0.1415635198354721,0.3526401,0.9584960984283603,2.005605936050415,0.15147697925567627,0.50059134,0.9147320218216946,2.5838940143585205,0.5168670415878296,0.5005377,0.4899051831509209,2.184595823287964,0.2486521154642105,0.16319975,0.39794929982622407,2.379828929901123,0.16033628582954407,0.15137412,0.6695108067249329,3.373258590698242
0,0.04525269567966461,0.2622704,0.732020482098786,3.0924508571624756,0.019780047237873077,0.15065144,0.5467004620225132,2.3228209018707275,0.00036803699913434684,0.14229526,0.313948716206643,1.2679202556610107,0.1204398050904274,0.3458219,0.9668558250104416,1.5956190824508667,0.18957822024822235,0.26135647,0.9499337219566406,1.85304856300354,0.10432293266057968,0.39571184,0.9498700372114401,1.69575834274292,0.22578954696655273,0.2903156,0.9564211461366295,1.9212517738342285,0.11628149449825287,0.27123576,0.954457805832775,1.6540416479110718,0.289225310087204,0.18547073,0.9601751345763166,1.7986057996749878,0.07731311768293381,0.4567206,0.984640640337394,1.6686675548553467,0.1817796230316162,0.2971698,0.9742290093040159,1.5912692546844482,0.07261732220649719,0.5235357,1.0008606303830418,2.0437347888946533,0.1909002810716629,0.2448741,0.9698017985223514,2.2328481674194336,0.08819863200187683,0.35318738,0.9839891591087647,2.198068380355835,0.14263880252838135,0.2818033,0.9684542648124992,2.2984511852264404,0.1397283375263214,0.30683208,0.9748496717218349,2.1211466789245605,0.07021134346723557,0.40325746,1.0041493527161953,2.2259397506713867,0.09665124118328094,0.46779713,0.9515308230330661,1.9875048398971558,0.09028423577547073,0.45682886,0.9438914681772099,2.0493907928466797,0.13866524398326874,0.320431,0.9610631910115787,1.9007488489151,0.18965701758861542,0.49233246,0.9145965474229476,2.46798038482666,0.5232526659965515,0.4889763,0.4742469988044426,2.182711124420166,0.22271761298179626,0.18190876,0.3890804543003884,2.398512601852417,0.13848723471164703,0.15437034,0.6440030059391678,3.3018922805786133
1,0.047063197940588,0.23590878,0.7497610696917683,2.715712070465088,0.00769583648070693,0.12554058,0.5494833987968609,1.7682464122772217,0.0003068982041440904,0.10896835,0.3161281312743191,1.2515826225280762,0.13316714763641357,0.30728373,0.9682729120385688,1.7917735576629639,0.21631713211536407,0.2261866,0.9533312879871965,1.581334114074707,0.11901155114173889,0.34858122,0.9376527269715812,1.5841128826141357,0.27172723412513733,0.24287307,0.962550545797503,1.5067614316940308,0.12984846532344818,0.24453086,0.9480921820579287,1.6373860836029053,0.2924826443195343,0.18134004,0.9752225569954444,1.5286359786987305,0.12655550241470337,0.41876796,1.0092374949517078,1.7122328281402588,0.19056980311870575,0.25937256,0.9919769800651593,2.042316198348999,0.11122190952301025,0.48503605,1.0312739460906064,1.8991326093673706,0.22572143375873566,0.20781788,0.9864321049704423,2.043994903564453,0.1188478097319603,0.2584124,0.9941787083809226,2.2145707607269287,0.21921776235103607,0.19948578,0.98143373628873,2.1211905479431152,0.21613578498363495,0.25625786,0.9937251796944087,1.928810715675354,0.16756819188594818,0.36416933,1.0331609730367406,2.3108971118927,0.20161502063274384,0.4315879,0.9325678020242367,1.9617456197738647,0.19596001505851746,0.38589102,0.9182927026633364,2.090688705444336,0.22409069538116455,0.28402126,0.9439426994021592,1.8483701944351196,0.31068822741508484,0.44565675,0.8710400739908899,2.349848985671997,0.6110877394676208,0.4699076,0.46614696404919315,1.8461264371871948,0.2582165598869324,0.2259782,0.3895840181485014,2.1400856971740723,0.13137784600257874,0.20744336,0.6339268532342117,3.186271905899048
0,0.05449923872947693,0.2236714,0.7459668748594943,3.23874831199646,0.02698865346610546,0.1499082,0.5597329265316691,2.4401791095733643,0.0005503663560375571,0.15365043,0.31455081172619387,1.4103995561599731,0.12118932604789734,0.36024427,0.9650438710442693,1.8398103713989258,0.19102391600608826,0.26641306,0.9470983245789428,1.69451904296875,0.09930210560560226,0.41776004,0.948949723009698,1.6978238821029663,0.21384894847869873,0.32323608,0.9538090402952583,2.035903215408325,0.10732393711805344,0.27256444,0.9536278573279429,2.150585651397705,0.27993452548980713,0.1993793,0.9594731431037425,1.6392408609390259,0.05660351365804672,0.4987135,0.9818423171968254,1.9915200471878052,0.15886090695858002,0.29887187,0.9700178074782022,1.6755905151367188,0.06704489886760712,0.5823878,0.9938842594098906,2.0612101554870605,0.15685226023197174,0.27235782,0.9675451369189536,2.223121166229248,0.06564104557037354,0.4100209,0.9796107674808401,2.0918240547180176,0.1453758329153061,0.2536171,0.9673781806684932,2.006237030029297,0.14572358131408691,0.34989703,0.9760568584353364,1.9370909929275513,0.03348522633314133,0.42303663,1.0043630208301244,1.876162052154541,0.08769278973340988,0.46898147,0.9494285646648714,1.7372217178344727,0.08454782515764236,0.48189545,0.9397242849478533,1.816204309463501,0.13222067058086395,0.3457028,0.9616368906866208,1.8507516384124756,0.15853820741176605,0.5065883,0.9168504523599422,2.593036413192749,0.5248662233352661,0.4868067,0.5035601380204722,2.2041893005371094,0.26091253757476807,0.17943224,0.4049586855778146,2.4100441932678223,0.1593509018421173,0.14675148,0.6814146653322175,3.4601523876190186
0,0.04633944854140282,0.27534357,0.7246801152031589,2.904784917831421,0.01048310101032257,0.17075203,0.528797416056918,2.145843982696533,0.00018030912906397134,0.14279449,0.3185207847532816,1.2061057090759277,0.12346579134464264,0.3646551,0.9668621276273058,1.5883599519729614,0.19536738097667694,0.2908563,0.9513636667537655,2.1053473949432373,0.11994985491037369,0.40579066,0.9505750116691675,1.7530320882797241,0.21038521826267242,0.3320086,0.9608878758334214,1.9667046070098877,0.12211830914020538,0.27888438,0.9561381707309914,2.009695529937744,0.295583039522171,0.21259654,0.9624539303693148,1.478203296661377,0.0769457146525383,0.47160292,0.9851297275195056,2.0921480655670166,0.1576908528804779,0.3277049,0.9759491653451565,1.7068665027618408,0.0905584916472435,0.54933405,1.004048879387538,1.7220877408981323,0.21423542499542236,0.28177848,0.9721295471170281,2.2109615802764893,0.11513015627861023,0.35942495,0.9844626958769188,2.3344779014587402,0.16303682327270508,0.29529396,0.9723842209933625,2.22066330909729,0.1738397181034088,0.3174539,0.980581835309867,1.7706093788146973,0.07613247632980347,0.39510262,1.0117992896336643,2.413055658340454,0.11705946177244186,0.4806087,0.9630948917367955,1.9881949424743652,0.10701964050531387,0.49032512,0.9572326810778591,1.9971095323562622,0.14289860427379608,0.34377396,0.9831409840649589,1.9756989479064941,0.21123754978179932,0.5026768,0.928831719802042,2.553954601287842,0.5458188056945801,0.45437354,0.490526282331397,2.118633985519409,0.2342723309993744,0.20438299,0.40834530004673597,2.3455703258514404,0.1670653223991394,0.16946056,0.6902960438281038,3.458746910095215
1,0.04627886041998863,0.26750845,0.728283846276686,2.674051284790039,0.007782533299177885,0.16978598,0.5296741660895602,1.855039358139038,9.180904453387484e-05,0.12693359,0.31755740172137514,1.0107636451721191,0.12100997567176819,0.35982218,0.970133500240561,1.9454257488250732,0.18412399291992188,0.25366065,0.9565476229785851,2.006135940551758,0.1010512039065361,0.40227336,0.9472440665109875,1.9167168140411377,0.20946060121059418,0.2938654,0.9659836750271111,1.815656304359436,0.13252781331539154,0.23885165,0.9539780412360843,2.0586891174316406,0.3116716742515564,0.18268475,0.9699642322833342,1.4700851440429688,0.09737541526556015,0.45862278,0.9967391911023642,1.730146884918213,0.1975579410791397,0.29777586,0.9846158080119511,2.0050740242004395,0.11517160385847092,0.55144703,1.0199184128483292,2.4614412784576416,0.18473444879055023,0.2585393,0.9865222924005649,2.195075273513794,0.09594104439020157,0.40636733,0.9956128744994719,2.322819709777832,0.19280627369880676,0.26762766,0.9790072101730897,2.060540199279785,0.20518016815185547,0.32274258,0.9896004537368921,2.084238052368164,0.1761462539434433,0.42285687,1.0257346404530723,2.185683012008667,0.2190888673067093,0.49396792,0.9634706021577116,2.1163482666015625,0.1514122635126114,0.5111613,0.9514722991290104,1.8003098964691162,0.1864222288131714,0.39227092,0.9789716916159672,1.9239957332611084,0.2585543692111969,0.5023364,0.9110849586281322,2.384202003479004,0.5954906344413757,0.4933173,0.46582083681792136,1.9524976015090942,0.24370886385440826,0.19677712,0.4003398801383148,2.3104686737060547,0.1603315770626068,0.20018232,0.6859766246309842,3.3659441471099854
0,0.03296148031949997,0.27868712,0.7707715435511617,2.8354854583740234,0.02052629180252552,0.21513721,0.5987182677236006,2.0504939556121826,0.0005883433041162789,0.13792494,0.32610612420319995,0.941341757774353,0.1381324678659439,0.36188886,0.969359883705955,1.4402012825012207,0.21507567167282104,0.30423436,0.9508484382450968,1.5747923851013184,0.1167534664273262,0.4251162,0.9481417088569752,1.5738831758499146,0.28905078768730164,0.28644785,0.9530581498530029,1.9422028064727783,0.1071215495467186,0.34310937,0.9392586801595741,1.2255057096481323,0.30629757046699524,0.17657083,0.9670956849867804,1.5429725646972656,0.10807298123836517,0.4252349,0.9990746311921019,1.7188912630081177,0.21662093698978424,0.3049573,0.9802893899456447,1.6811293363571167,0.11439301073551178,0.52172095,1.0062459481060644,1.8371260166168213,0.21131272614002228,0.2419277,0.9810497155760665,1.8340327739715576,0.11719076335430145,0.2979768,1.007561715448162,1.937472939491272,0.2336316853761673,0.2927339,0.987253630440281,1.769289255142212,0.26127704977989197,0.2968375,0.9787623501456043,1.770855188369751,0.08277630805969238,0.41908732,1.0394472315628454,2.0539798736572266,0.2503533661365509,0.50539374,0.9360849276816211,1.773097276687622,0.263265460729599,0.40186003,0.9041083390625306,1.8663768768310547,0.282236248254776,0.28436068,0.890403017694643,1.5836308002471924,0.33441784977912903,0.4495902,0.8176501507100924,2.1334829330444336,0.6418564319610596,0.4912905,0.42299193737799834,1.6445173025131226,0.25042831897735596,0.17236687,0.28572335784239444,2.0096139907836914,0.1924852728843689,0.13923664,0.4462485092706571,2.3947577476501465
0,0.061022792011499405,0.2549211,0.7367938258681708,2.751018524169922,0.009711561724543571,0.12985036,0.5400190130603157,1.8762059211730957,0.00021773723710794002,0.12078845,0.3192274587101011,1.2645663022994995,0.11347366869449615,0.33705634,0.9676486387383386,1.9567008018493652,0.21074312925338745,0.26631427,0.9537246443679963,1.5951594114303589,0.10554248839616776,0.38565758,0.9446316354805384,1.778273105621338,0.22634005546569824,0.29608884,0.9661555107210565,1.888350486755371,0.1255262792110443,0.23057207,0.951422850222596,1.6746330261230469,0.2810381054878235,0.18432167,0.9709803916079958,1.5397042036056519,0.10264749825000763,0.4518827,0.9929046624495791,1.829439640045166,0.18697918951511383,0.27529272,0.9819287871249351,1.8494572639465332,0.1254519820213318,0.49147305,1.0191108769776502,2.0937769412994385,0.19818750023841858,0.24098445,0.9840477729898116,2.4048900604248047,0.10479314625263214,0.3266569,0.9934400498052417,2.0209953784942627,0.1936720460653305,0.2507356,0.979476114404345,2.370093822479248,0.20302098989486694,0.2581252,0.9888030014144882,2.033472776412964,0.09408533573150635,0.38423216,1.016179386760135,2.3532426357269287,0.15128257870674133,0.47855094,0.945359711264315,1.9539234638214111,0.17049254477024078,0.44092405,0.9321714194215387,1.7973994016647339,0.191719189286232,0.32712218,0.9634358455773006,1.786228060722351,0.27191272377967834,0.45133406,0.8939301047114772,2.423417329788208,0.5904670357704163,0.44368398,0.4779094073271415,2.0334653854370117,0.24637489020824432,0.2091543,0.41003009375615435,2.2517592906951904,0.1387714296579361,0.21209456,0.6796943984229732,3.3641910552978516
0,0.039383117109537125,0.256074,0.7559331659520528,3.2287144660949707,0.037097930908203125,0.22407761,0.5894454306276571,2.4919631481170654,0.0015225923852995038,0.15431777,0.3081922876896491,1.451541543006897,0.10446040332317352,0.4240602,0.9628956293562325,1.680823802947998,0.1761242151260376,0.37166348,0.9468012829347415,1.7690091133117676,0.08413626253604889,0.45412618,0.9455509023234281,1.775178074836731,0.20210541784763336,0.34185398,0.9497417162724708,1.7091915607452393,0.08101361989974976,0.39442295,0.9522993600323334,1.6905426979064941,0.32210493087768555,0.19594853,0.9526229124401303,1.6897470951080322,0.05716023966670036,0.49761897,0.978057859028622,1.7625471353530884,0.15024234354496002,0.3268921,0.967866811053403,1.9486640691757202,0.07705551385879517,0.5497385,0.9853985147295959,1.772963523864746,0.163481667637825,0.30569676,0.9640265960892603,1.9561153650283813,0.07880764454603195,0.37654272,0.9803804357447417,1.9723511934280396,0.17924948036670685,0.26104608,0.9644396018951864,1.9993770122528076,0.1708403080701828,0.31621787,0.9636692498667029,2.2298669815063477,0.0594242699444294,0.3832417,0.984541980611054,1.9659814834594727,0.12747184932231903,0.47310337,0.9338144103717194,2.022235870361328,0.1635984629392624,0.41291615,0.9210746854237307,1.642783522605896,0.19492177665233612,0.28695333,0.9140536571656003,1.6845060586929321,0.22030304372310638,0.5173194,0.8896223172281256,2.2774603366851807,0.6478549838066101,0.4747395,0.4435557566785293,1.7131463289260864,0.2202407568693161,0.1594269,0.3006101238881463,2.1749935150146484,0.16068139672279358,0.1216487,0.5247019553873451,2.9030845165252686
0,0.04619399830698967,0.2563631,0.7241369920938994,3.0801453590393066,0.020322276279330254,0.17300338,0.5336541614781486,2.30080246925354,0.0005878666997887194,0.1321848,0.3126183632332966,1.513425350189209,0.10434899479150772,0.3727873,0.965174218334482,1.7619078159332275,0.19018016755580902,0.30186033,0.9485142605535016,2.0808074474334717,0.09253816306591034,0.4049038,0.9469757247454925,2.054677963256836,0.20588064193725586,0.33053306,0.9559082017061986,1.8979092836380005,0.11612942814826965,0.26573145,0.951753303608142,1.8551582098007202,0.30579322576522827,0.19726704,0.9570368330177639,1.601945400238037,0.06178634613752365,0.47320247,0.9813259167828441,2.046558380126953,0.15956583619117737,0.31199187,0.9705352924876816,1.6641011238098145,0.06995175778865814,0.5301066,0.9956180853312977,2.0124311447143555,0.1550741344690323,0.2768004,0.9678881852431132,2.19450306892395,0.07425444573163986,0.36795285,0.9810400011997923,2.128335475921631,0.13347657024860382,0.23873329,0.9668178287217158,2.1314327716827393,0.12726396322250366,0.32564625,0.974476902219881,2.135812520980835,0.08978184312582016,0.4040002,0.9977892286387872,2.233508586883545,0.07351876050233841,0.48440808,0.9551349209190885,2.2937254905700684,0.08926014602184296,0.50921637,0.9507226115015445,2.0518436431884766,0.1222037598490715,0.36843073,0.9709902210857584,1.9092962741851807,0.12910814583301544,0.5204359,0.9302092587703116,2.4091413021087646,0.5171118378639221,0.48327753,0.500758934731613,2.2539379596710205,0.2461162656545639,0.18406175,0.4083652644035382,2.4109714031219482,0.13304978609085083,0.1751602,0.6903341428883626,3.51334285736084
0,0.04474664479494095,0.27872434,0.7252203180183102,2.581754207611084,0.014719994738698006,0.14114569,0.5283880464918476,1.7440414428710938,0.00011499310494400561,0.113776356,0.3164708265247124,1.278043270111084,0.13483013212680817,0.33426246,0.9700689148075106,1.5349634885787964,0.2090437263250351,0.25577906,0.9553257277838478,1.940968632698059,0.12132444232702255,0.42971885,0.9411418831033848,1.685715675354004,0.24917128682136536,0.31091717,0.9668949708470104,1.8431637287139893,0.1398669332265854,0.24730222,0.9530533025312268,1.8061494827270508,0.27426841855049133,0.19608897,0.9717700474319729,1.4438083171844482,0.10558493435382843,0.41038707,1.0019570635506037,2.1305830478668213,0.17582668364048004,0.30481818,0.9895357174225096,1.9188454151153564,0.11440713703632355,0.484281,1.0302270011947432,1.998369812965393,0.20180107653141022,0.26927593,0.9862383149593582,2.2270004749298096,0.09912876784801483,0.34219286,0.9960038028589052,2.151688814163208,0.20668646693229675,0.24718948,0.9841341712152918,2.0197227001190186,0.21239182353019714,0.2956705,0.9953796068972668,2.004615306854248,0.10968965291976929,0.36968368,1.0208574779473119,2.12847638130188,0.19530533254146576,0.47161487,0.9466317995339235,1.9763970375061035,0.16042304039001465,0.4258505,0.9408831399587494,1.9504778385162354,0.20673567056655884,0.33586833,0.9654244641553666,1.7363615036010742,0.29055556654930115,0.47961187,0.8987186446533231,2.390726327896118,0.628221333026886,0.45262703,0.4619020806541403,1.8695237636566162,0.27842769026756287,0.22885658,0.38209737309803826,2.242373466491699,0.1732253134250641,0.21082789,0.6660200829332156,3.3090999126434326
1,0.029219048097729683,0.22425775,0.730259229314467,2.413909673690796,0.008477316237986088,0.11214929,0.5403982494328847,1.6256431341171265,0.00024302027304656804,0.09795888,0.3215505860139873,1.345706582069397,0.14420099556446075,0.29953596,0.9668340389032913,1.707390546798706,0.20115022361278534,0.22405684,0.9529617405793386,1.7528481483459473,0.12531636655330658,0.346066,0.930186137677233,1.5400664806365967,0.26957330107688904,0.23309442,0.965286123730053,1.4265129566192627,0.15218114852905273,0.2277749,0.943089970667534,1.6429386138916016,0.3084256052970886,0.1590758,0.9739675517704727,1.6054964065551758,0.12732914090156555,0.39468184,1.008320501812094,2.037541627883911,0.21268203854560852,0.26107743,0.988817860161597,1.646019458770752,0.13723383843898773,0.49603388,1.0325136133806805,2.117264747619629,0.2613513767719269,0.19876915,0.9878225780482083,2.1144256591796875,0.12208118289709091,0.31255165,1.0005892837555794,2.4632296562194824,0.2562946379184723,0.24608646,0.9826673762746538,1.9986554384231567,0.2500142753124237,0.25195915,0.9832288302946841,1.9483811855316162,0.22094158828258514,0.3770538,1.0217208527117976,2.2348597049713135,0.2238072156906128,0.42641696,0.9271533077945087,2.131452798843384,0.236807718873024,0.43406662,0.9138641961808176,2.119130849838257,0.24346734583377838,0.3067633,0.9410691513945272,1.7511826753616333,0.3361133933067322,0.42786407,0.8593836647678359,2.328944444656372,0.5877537131309509,0.49355292,0.44893663817693436,1.850770354270935,0.23581090569496155,0.22959542,0.38222553246171376,2.0855250358581543,0.13720272481441498,0.23813768,0.6548573619719531,3.265803575515747
1,0.03974556177854538,0.2425597,0.7535108665190592,3.3005566596984863,0.04501892253756523,0.14535387,0.5951774863670717,2.5924787521362305,0.0006629335111938417,0.14767976,0.3121066980352753,1.2408229112625122,0.09859407693147659,0.40035254,0.9624697504937276,1.8125207424163818,0.1481875628232956,0.31202066,0.9472270592112064,1.8478549718856812,0.09295988827943802,0.42463773,0.9473422587460717,1.7075209617614746,0.2095004916191101,0.33766165,0.9517238295749414,1.8421484231948853,0.09689940512180328,0.31196126,0.9524784686955389,1.8177142143249512,0.29080384969711304,0.21866995,0.9573802749325685,1.5525423288345337,0.0589427687227726,0.4788253,0.9808326492836245,1.879831314086914,0.16027313470840454,0.307049,0.9699218592070621,1.7968239784240723,0.07701636850833893,0.50410485,0.9884488350804065,1.9748177528381348,0.17822030186653137,0.27657202,0.9712692499717968,1.949772834777832,0.08665831387042999,0.34818912,0.9858168169899013,2.381070852279663,0.17776678502559662,0.25805908,0.9676013506392248,1.949575662612915,0.17122994363307953,0.2871255,0.9632466930662963,2.1136765480041504,0.04288150370121002,0.38525355,0.9891965390544278,2.2012827396392822,0.1170428916811943,0.4754428,0.9329301524526762,1.863632321357727,0.1255234032869339,0.43201423,0.921049298430641,1.622894287109375,0.17334921658039093,0.30904877,0.9240976862082649,1.828107476234436,0.21506942808628082,0.48176154,0.88245087518222,2.2968287467956543,0.5476042032241821,0.48915073,0.42547069626046563,1.9638628959655762,0.20121651887893677,0.16128746,0.3114185835833323,2.127474546432495,0.1393369734287262,0.1255547,0.5671112198799702,3.1323750019073486
0,0.037804391235113144,0.22729084,0.7369497556807226,2.2680916786193848,0.006984591484069824,0.10871863,0.5424296014095764,1.4482355117797852,0.00010288260818924755,0.09106263,0.319255628399419,1.175576090812683,0.15924814343452454,0.2933907,0.9665075184880391,1.6352639198303223,0.22047309577465057,0.21636914,0.9514085355024403,1.8047780990600586,0.14489586651325226,0.33547437,0.9219648709673384,1.3835937976837158,0.27546435594558716,0.23260951,0.9676574473518292,1.324775218963623,0.16620779037475586,0.22107884,0.9388911567340483,1.3890764713287354,0.30958858132362366,0.16235888,0.976499765837962,1.5539729595184326,0.1656539887189865,0.3855696,1.0179065999727286,2.0722508430480957,0.22555416822433472,0.24975127,0.9931475068782364,1.6911959648132324,0.18100251257419586,0.42916808,1.0424852520514745,2.1117522716522217,0.25623002648353577,0.19415793,0.9932329291836022,1.9509491920471191,0.16356603801250458,0.26315635,1.003392443700733,2.4146504402160645,0.27465301752090454,0.21500601,0.9863406213724571,2.0767109394073486,0.2701956629753113,0.20743626,0.9889151584494652,1.9409539699554443,0.254938542842865,0.36180845,1.0290320364604324,2.2913894653320312,0.29366058111190796,0.40697885,0.923842744810434,2.2711830139160156,0.285302996635437,0.39696568,0.9096403830257277,2.1416893005371094,0.28378933668136597,0.2749078,0.935076631662789,1.8900140523910522,0.3803321123123169,0.3866626,0.8413062863443722,2.1921260356903076,0.6167291402816772,0.45411393,0.43679008182869156,1.7299904823303223,0.23547396063804626,0.2687406,0.3745045234671456,2.015944480895996,0.16570010781288147,0.23788582,0.6285699397553977,3.0786478519439697
0,0.04633961245417595,0.21759848,0.7352720998314715,3.152873992919922,0.021561026573181152,0.18133652,0.547482533621063,2.4179654121398926,0.0005682607879862189,0.1522282,0.3182388251637975,1.6669690608978271,0.11149733513593674,0.3671788,0.9640908870145218,1.5392286777496338,0.186456561088562,0.2924628,0.9472431501976489,1.610557198524475,0.11451283097267151,0.41349953,0.9481738063530313,1.6948816776275635,0.20254544913768768,0.3531445,0.9544468912927325,1.7650322914123535,0.11499090492725372,0.25764966,0.9538506570247389,1.956097960472107,0.2504335641860962,0.21729504,0.9593644493718824,1.4676896333694458,0.05566859990358353,0.49680644,0.979258171812792,1.9973505735397339,0.16416402161121368,0.30014938,0.9704242434491129,1.638109803199768,0.05439614877104759,0.5514253,0.994776920969194,2.440847635269165,0.1579461246728897,0.27550393,0.9674925001069374,2.0439159870147705,0.0673365667462349,0.41075674,0.98237981788545,2.219714403152466,0.13559164106845856,0.2812482,0.9675472482433632,2.3303372859954834,0.1469530612230301,0.33114353,0.9746508307240485,1.8719830513000488,0.03996993601322174,0.4052226,1.0085023766744312,1.8606137037277222,0.08936094492673874,0.4892672,0.9592936471406117,2.318363904953003,0.08897605538368225,0.47164464,0.953516178468863,2.002131462097168,0.12526072561740875,0.36777183,0.9686628414478251,1.8543245792388916,0.15256367623806,0.5235708,0.9270086117021009,2.6035492420196533,0.5144767165184021,0.48733276,0.48021999224907597,2.195507764816284,0.23348137736320496,0.16061385,0.39118467868810736,2.391789674758911,0.14774377644062042,0.14747307,0.6817485314182538,3.435680627822876
0,0.046506792306900024,0.276333,0.7318455502849232,3.032505512237549,0.013895861804485321,0.15576755,0.5434421956883215,2.1816084384918213,0.0004977364442311227,0.1417246,0.3148865898132762,1.4037013053894043,0.12013831734657288,0.35860252,0.9663883480641384,1.4495540857315063,0.2028275430202484,0.2789797,0.9504327166045309,1.8596348762512207,0.11359070241451263,0.41073838,0.9481951915993687,1.696739673614502,0.21248114109039307,0.33442593,0.96013837654,1.8978749513626099,0.12939020991325378,0.26993522,0.9545169091923056,1.8187264204025269,0.3018595278263092,0.19980085,0.962846879643876,1.7058789730072021,0.07181951403617859,0.45820493,0.9837621537237601,1.8020131587982178,0.17461137473583221,0.32703856,0.9728522597512573,1.321697473526001,0.08262127637863159,0.5715208,1.0030152919716662,2.0987675189971924,0.16994664072990417,0.2710058,0.9716995793825637,2.227262258529663,0.09405208379030228,0.4203661,0.9865920543700933,2.24670147895813,0.1642647236585617,0.30856767,0.9716356103958081,2.275535821914673,0.1710919290781021,0.34816104,0.9827358919740055,1.9077181816101074,0.06375493109226227,0.39686364,1.0132897869876785,1.967483639717102,0.10884545743465424,0.4779405,0.9612618543089073,1.9703686237335205,0.10105714946985245,0.46011904,0.9542369850452678,1.9399691820144653,0.14200690388679504,0.33697608,0.9773239192219375,1.7365775108337402,0.19545279443264008,0.53287494,0.9239292867198313,2.303393602371216,0.5567795634269714,0.4874786,0.4911827230878615,2.131131887435913,0.24490469694137573,0.19024147,0.4021594363647421,2.3150086402893066,0.14804530143737793,0.16357417,0.6874348998504991,3.4355437755584717
1,0.04207413271069527,0.27510658,0.7667099134973869,3.1040308475494385,0.02543625235557556,0.20488702,0.5950408968372056,2.2737009525299072,0.0004218567337375134,0.14141119,0.3148567733891367,1.2665218114852905,0.11794440448284149,0.40440503,0.9670952503318716,1.4777650833129883,0.15715870261192322,0.34859172,0.9525533068705737,1.9900461435317993,0.08971516042947769,0.4622383,0.9433051338380697,1.9157967567443848,0.2512272894382477,0.361029,0.9539927826540952,1.5686098337173462,0.09216935932636261,0.3747192,0.9482791089615048,1.6029536724090576,0.29447612166404724,0.20226951,0.9618177311843961,1.5243277549743652,0.07039763033390045,0.5183903,0.9941994103632841,1.6692441701889038,0.17729279398918152,0.31232786,0.9769970966694891,1.5664870738983154,0.09843405336141586,0.5240555,0.9930481078447397,2.2918789386749268,0.1869010031223297,0.27362108,0.9750867590588214,2.245546579360962,0.09849418699741364,0.35182017,0.9928200884699288,2.22316312789917,0.21851027011871338,0.24388216,0.973402358013245,2.279186725616455,0.22018061578273773,0.29478016,0.9705583760242166,1.8644497394561768,0.08517223596572876,0.42380106,1.0212054050243653,2.1077663898468018,0.17513620853424072,0.496813,0.9524842137343299,2.1711063385009766,0.19894424080848694,0.38026422,0.9282152038380861,1.999562382698059,0.2601030468940735,0.27422887,0.9116228270227432,1.591666579246521,0.2645016014575958,0.45146066,0.8638173467340016,2.220116138458252,0.613274097442627,0.47115684,0.41605727736583115,1.7987685203552246,0.22520650923252106,0.17457822,0.2883333552628892,2.0946474075317383,0.16120284795761108,0.14634328,0.4403475254099252,2.5222866535186768
0,0.04968171939253807,0.27052146,0.7349198708235501,2.8712339401245117,0.017269805073738098,0.1576948,0.5423394874668005,2.065227746963501,0.00039010943146422505,0.1421142,0.3133133557780804,1.0717614889144897,0.125296488404274,0.33844024,0.9690628934007365,1.6959842443466187,0.21088452637195587,0.2609631,0.9533091985864256,1.78448486328125,0.10688582062721252,0.38601512,0.9482432398114744,1.7508865594863892,0.255210816860199,0.2890741,0.9617861785247084,1.6574206352233887,0.12673379480838776,0.2691198,0.9548409286301582,1.8330821990966797,0.2896915078163147,0.17383616,0.9644174843861533,1.749365210533142,0.0742826908826828,0.45966646,0.9921682426611642,2.0313494205474854,0.15305308997631073,0.29274717,0.9807964979870185,1.8471052646636963,0.08177987486124039,0.5157707,1.0120677932951063,1.8916184902191162,0.21824218332767487,0.22826311,0.9748855990823359,2.2757441997528076,0.11693590879440308,0.3625733,0.9917726538567,2.26011323928833,0.17527788877487183,0.25133526,0.9749897662809062,2.273853063583374,0.18729981780052185,0.28061557,0.9812826985271509,1.874184489250183,0.07091587036848068,0.400547,1.0190551340427119,2.353424310684204,0.13000698387622833,0.46200657,0.9565380810096854,1.971028208732605,0.12841391563415527,0.43494618,0.9449203573903316,2.0597071647644043,0.1611192375421524,0.33630657,0.9713770605678093,1.9833264350891113,0.23121069371700287,0.46656153,0.9053747096662004,2.4260334968566895,0.5764307379722595,0.49789852,0.4869462983070888,2.0995821952819824,0.23509648442268372,0.20511684,0.3969709502561302,2.333439588546753,0.13992901146411896,0.19347042,0.6584038539368021,3.295832872390747
0,0.040233127772808075,0.26787034,0.725120212157158,2.9551737308502197,0.020983273163437843,0.19197859,0.5324744353461358,2.1483957767486572,0.0005672439583577216,0.15715513,0.31361698818587624,1.5621627569198608,0.11663331091403961,0.3612793,0.9668373785242262,2.1393821239471436,0.2264081984758377,0.2756643,0.9500057636478175,2.028550386428833,0.09657572209835052,0.40388513,0.9460965766725034,1.8310441970825195,0.20430000126361847,0.34324232,0.9592855947970398,1.7498726844787598,0.1466280221939087,0.25799435,0.9546468810654778,1.8663392066955566,0.26789426803588867,0.18957074,0.962226007155918,1.8915706872940063,0.07277771085500717,0.46147943,0.9885468801985521,2.0725960731506348,0.1607806235551834,0.3353326,0.9780636039864911,1.8308740854263306,0.08819801360368729,0.54726315,1.0082341139734583,2.083721160888672,0.17427890002727509,0.269087,0.9722895886191044,2.2289774417877197,0.09617625921964645,0.3926405,0.9852321000546763,2.267531156539917,0.1749587506055832,0.29925495,0.9724734427665384,2.2929880619049072,0.17522679269313812,0.3438635,0.9821570372486166,2.2658872604370117,0.09760186076164246,0.38237044,1.0068915489797055,2.3968052864074707,0.12168829888105392,0.4732708,0.9601249891463015,2.129012107849121,0.1225271224975586,0.5012549,0.9553159293924129,1.8968385457992554,0.1412205547094345,0.34097767,0.975772812428311,1.8276829719543457,0.18923719227313995,0.53598416,0.9186181581540064,2.447958469390869,0.5585428476333618,0.48829222,0.48707266128344723,2.1136937141418457,0.2648460865020752,0.20263304,0.40540113788657894,2.4108095169067383,0.14786803722381592,0.17629415,0.6750597257835476,3.419264316558838
0,0.04871643707156181,0.20970373,0.7298773195406252,3.262784004211426,0.022727040573954582,0.17963976,0.5451629362574814,2.4684157371520996,0.00047051304136402905,0.14735523,0.3139082400373411,1.7408828735351562,0.11012152582406998,0.37788212,0.9629115365163888,1.9351906776428223,0.1651342660188675,0.27490488,0.9451055385123773,2.0220391750335693,0.11078538000583649,0.39835134,0.9477445944847627,1.8562493324279785,0.18692459166049957,0.31585076,0.9524843544118251,1.8022540807724,0.10549626499414444,0.27815458,0.9550375392758818,2.0725724697113037,0.27469268441200256,0.21459438,0.957326022693762,1.7054104804992676,0.055526845157146454,0.4963805,0.9826380166233308,2.1368772983551025,0.15271171927452087,0.3263943,0.9693724757841848,1.5253219604492188,0.056906796991825104,0.54754186,0.9948931629659205,1.9459595680236816,0.14597643911838531,0.26568294,0.9640388572937623,2.097472906112671,0.07046625018119812,0.346345,0.9809879984396539,2.5030431747436523,0.14117120206356049,0.2468414,0.9657424504770314,2.533200263977051,0.129865363240242,0.37233517,0.9744692067036546,1.986627221107483,0.0571061447262764,0.4009612,1.0012270103142793,1.8057888746261597,0.08006106317043304,0.45833126,0.9585088369976804,2.0110390186309814,0.07791681587696075,0.4708629,0.9557054372422107,1.8158783912658691,0.12358444929122925,0.30781963,0.9695333177774091,2.0091776847839355,0.11680588871240616,0.49888885,0.9299018749972188,2.533632278442383,0.4832584857940674,0.40948638,0.4927291093171446,2.429381847381592,0.22568939626216888,0.18405627,0.41309428146906213,2.555851936340332,0.1423916518688202,0.15922847,0.6679814811029043,3.4452507495880127
0,0.057414308190345764,0.2336884,0.7268628626285396,3.277992010116577,0.027945809066295624,0.1915443,0.5399855048531219,2.547901153564453,0.0004207710735499859,0.15095292,0.31644815550990857,1.7386574745178223,0.10194174200296402,0.40452906,0.9615732486120263,1.9309468269348145,0.2036505788564682,0.3216427,0.9426969431398303,1.9083287715911865,0.09869320690631866,0.436423,0.9497124325144712,1.628877878189087,0.17336340248584747,0.38293418,0.9504979493657403,2.0784008502960205,0.12820523977279663,0.28999233,0.9535626198807831,2.0165116786956787,0.2787213921546936,0.22404188,0.9523060479624543,1.852771282196045,0.046582676470279694,0.5071588,0.9770271201872742,1.9005765914916992,0.1536020189523697,0.35709205,0.9648780343117853,1.9522705078125,0.08038084954023361,0.5950477,0.9907082930534457,2.1337037086486816,0.14830653369426727,0.3271613,0.9613944131366063,2.0830583572387695,0.07134047150611877,0.40163934,0.9770235628618182,2.4087073802948,0.12714265286922455,0.30051652,0.9628260734965279,2.4319193363189697,0.1296726018190384,0.3541593,0.9696966429587549,2.149754047393799,0.03320419788360596,0.39007863,0.9991210919899894,2.1214492321014404,0.07516276091337204,0.46491447,0.9613811410666,1.931777834892273,0.06608027219772339,0.4944129,0.9587587227653382,1.9911450147628784,0.10821826756000519,0.3637092,0.9706214563346793,2.051440715789795,0.1266273409128189,0.53034526,0.9327833273549542,2.5879759788513184,0.49103617668151855,0.490257,0.48848975392892596,2.387995719909668,0.20809197425842285,0.1690168,0.39276389316281224,2.4125332832336426,0.12873464822769165,0.1416915,0.6872906092734625,3.5492055416107178
0,0.034791577607393265,0.24794897,0.729176918331091,2.36177659034729,0.00912107340991497,0.14383875,0.5240782418908752,1.5506129264831543,0.0002921444538515061,0.107565425,0.31566145705143983,1.3356388807296753,0.12567898631095886,0.33814967,0.970789030503535,2.0440099239349365,0.21895425021648407,0.27493426,0.9584990046293494,1.873833417892456,0.1267925649881363,0.41214955,0.9367025244601924,1.6414599418640137,0.25076383352279663,0.29372334,0.9718140264068575,1.5549988746643066,0.15045170485973358,0.24780214,0.949109612228638,1.7680296897888184,0.30375510454177856,0.20190857,0.9773352419488788,1.6398290395736694,0.13669267296791077,0.37359408,1.012555883258336,2.0945420265197754,0.2008538693189621,0.3001043,0.9954100699415713,1.7855936288833618,0.14822886884212494,0.4629394,1.0460059055942161,2.0759479999542236,0.22453193366527557,0.24652404,0.9953412509841115,1.9509446620941162,0.1323906034231186,0.27823687,1.0016040708563947,2.623080253601074,0.21759982407093048,0.21908398,0.9899177723298567,2.150460720062256,0.2435387372970581,0.25165048,0.9974509707313466,1.9836750030517578,0.18372990190982819,0.37540814,1.039862805240295,2.6478352546691895,0.2442333996295929,0.47671244,0.9537364060937973,2.2705044746398926,0.21996083855628967,0.4200293,0.9419226327190809,2.1287779808044434,0.2551116347312927,0.327368,0.9713456070021569,1.7384593486785889,0.31732267141342163,0.43323907,0.8946987440413774,2.457857131958008,0.6360840797424316,0.43599406,0.4625221119822764,1.7560794353485107,0.23860222101211548,0.24146307,0.383120827932096,2.1403379440307617,0.17282046377658844,0.22261262,0.665826496980778,3.2968711853027344
0,0.03925258293747902,0.26907033,0.7259073546610924,2.6776490211486816,0.006372957956045866,0.15488061,0.5270561623958729,1.782452940940857,0.00025586318224668503,0.1265772,0.3128416688948133,0.9682305455207825,0.12464877218008041,0.36917144,0.9687557113809827,1.920047640800476,0.20075233280658722,0.29351404,0.953978780342952,1.9656167030334473,0.11644026637077332,0.41619787,0.9446389069942027,1.340708613395691,0.24853022396564484,0.30577096,0.965093830864259,1.7568888664245605,0.14330194890499115,0.23238578,0.9540336831149892,2.0425338745117188,0.31137141585350037,0.18887602,0.9699932985292978,1.5641376972198486,0.09990736097097397,0.42921832,0.9971730947783997,1.8555704355239868,0.17919915914535522,0.3059767,0.9819130842957122,1.856259822845459,0.0983889251947403,0.50809175,1.0198899438323226,2.094543218612671,0.17878982424736023,0.2869321,0.9809540086198507,2.192319869995117,0.10268859565258026,0.39113617,0.9922945295635234,2.2465407848358154,0.18984124064445496,0.254345,0.978060636001948,2.27980375289917,0.1984502673149109,0.3321237,0.9915630189045652,1.643085241317749,0.14043302834033966,0.39407155,1.0133881467763086,2.574728488922119,0.16400669515132904,0.459285,0.9528241713704989,1.8837742805480957,0.1452455222606659,0.4505169,0.9509023226291101,2.1138641834259033,0.19710727035999298,0.32942787,0.9777431996989925,1.6615055799484253,0.24493290483951569,0.5151813,0.9115622548806415,2.465360641479492,0.6072450280189514,0.46992606,0.47673278890354354,1.9585621356964111,0.2734659016132355,0.22101909,0.4018600579411179,2.2231314182281494,0.1485138088464737,0.19957767,0.6799359394027181,3.4407951831817627
0,0.032954223453998566,0.2735654,0.7384009600384632,2.6789844036102295,0.011195461265742779,0.17468512,0.5486430838236509,1.852198600769043,0.00019699649419635534,0.1349163,0.3168989949082328,0.9846211075782776,0.1294451355934143,0.3846466,0.9691569338842742,1.6259982585906982,0.17770206928253174,0.25145176,0.9569243671344025,1.9143891334533691,0.12070800364017487,0.3994835,0.9482418416273865,1.7690123319625854,0.2344440519809723,0.29714677,0.9682918869790592,1.8894721269607544,0.1329718977212906,0.2337161,0.9550926573336632,1.851197600364685,0.2874171733856201,0.18157318,0.9736611819144274,1.5959254503250122,0.10350194573402405,0.44609925,1.0014728499194863,2.0347166061401367,0.18237248063087463,0.30153027,0.9888058582700946,1.9384188652038574,0.11362362653017044,0.48208508,1.0184393755714587,1.5700905323028564,0.2026159167289734,0.25328436,0.986606731550142,2.1486215591430664,0.10561780631542206,0.3823869,0.9940369931913987,2.4958996772766113,0.2053627073764801,0.296014,0.9782736204228507,2.2269999980926514,0.19687357544898987,0.33403358,0.9856793828894369,2.2381591796875,0.17903053760528564,0.39697006,1.0136119317597871,2.2702717781066895,0.19249694049358368,0.49242225,0.9498249992485902,1.9889204502105713,0.14987310767173767,0.44803232,0.9466843476081557,1.9263181686401367,0.20733386278152466,0.33331123,0.9676802813428668,1.7757940292358398,0.26433077454566956,0.52882445,0.8974257754645434,2.457820415496826,0.6074891686439514,0.48208365,0.46287261668370977,1.8731876611709595,0.23235583305358887,0.20302525,0.3861554255378077,2.0706164836883545,0.14457078278064728,0.18150824,0.6725825004978998,3.2483625411987305
0,0.04355573654174805,0.2450896,0.7274553204967036,2.758513927459717,0.01027299277484417,0.14410572,0.5279422229357057,1.8496733903884888,0.0002288846008013934,0.13509737,0.314437427690023,1.3045525550842285,0.14016348123550415,0.34132618,0.9686031774459904,1.658097743988037,0.21029643714427948,0.27466825,0.9539197279895779,1.8754922151565552,0.1155276894569397,0.40697157,0.9459145970838838,1.7124719619750977,0.23769472539424896,0.31015518,0.964189289538892,1.698495864868164,0.13795621693134308,0.23940174,0.9553117188304575,1.7579243183135986,0.29928046464920044,0.19186415,0.9692458263317284,1.54885733127594,0.09190269559621811,0.44961575,0.996720349484692,2.069432020187378,0.19223468005657196,0.29772067,0.98199290665218,1.8506702184677124,0.09820782393217087,0.535746,1.0201530204911642,2.4144339561462402,0.1874954253435135,0.25058216,0.9832097582566036,2.427865505218506,0.10545308887958527,0.358234,0.9937381769374913,2.289555072784424,0.19303447008132935,0.21591434,0.9775280855506814,2.197810411453247,0.18053404986858368,0.26322466,0.9885168562105111,2.072523355484009,0.1306886523962021,0.39108974,1.0172713377320455,2.1697115898132324,0.15346254408359528,0.46406454,0.9553807284540511,2.0105679035186768,0.14693360030651093,0.47317585,0.9512988134239548,1.7667863368988037,0.18077588081359863,0.3332378,0.9767685817291866,1.7116878032684326,0.27029895782470703,0.48453748,0.9135067689069538,2.2794599533081055,0.6181657314300537,0.42767653,0.466546216254465,1.9025567770004272,0.2868097126483917,0.20952764,0.39002651523777343,2.2579898834228516,0.1588657647371292,0.197819,0.6710928028201938,3.3751721382141113
1,0.044566452503204346,0.26043743,0.7382245420355981,3.013942003250122,0.014738915488123894,0.13835426,0.5361345633707482,2.090327501296997,0.0006143090431578457,0.13284917,0.31189562732012244,1.043944001197815,0.11419960111379623,0.3593764,0.9671985618658068,1.6210660934448242,0.19246625900268555,0.2691526,0.952625611902874,1.9575302600860596,0.11437369883060455,0.38280696,0.9472346597375804,1.5567703247070312,0.19420155882835388,0.31146577,0.9593211394470058,1.959081768989563,0.1365191787481308,0.2558848,0.9520742086658477,1.7888391017913818,0.29132023453712463,0.17874445,0.9639266815121939,1.551964521408081,0.08103335648775101,0.43393177,0.9907295686096703,1.9775638580322266,0.17554593086242676,0.2932251,0.981000874140528,1.8264336585998535,0.084352046251297,0.46999067,1.0085701017600224,2.274707555770874,0.17685820162296295,0.24322186,0.9756188749152601,2.2123117446899414,0.0992024764418602,0.29161203,0.9881827953243729,2.2034857273101807,0.15449877083301544,0.26876616,0.9740667566913255,2.3949360847473145,0.17104074358940125,0.3068642,0.9786923777786753,2.0634758472442627,0.097413569688797,0.4139545,1.0062657960321337,2.495957136154175,0.12219282984733582,0.47183958,0.9497528318409084,1.8514509201049805,0.10798840969800949,0.46925855,0.9394389273354996,1.809432029724121,0.15135671198368073,0.3518891,0.9646177216346649,1.6837314367294312,0.20214374363422394,0.47332558,0.9106037761913318,2.5202012062072754,0.5191769003868103,0.48160574,0.472182478161137,2.193748950958252,0.2496219277381897,0.19757792,0.40136989699091064,2.371718168258667,0.14724424481391907,0.16623254,0.6539205634778362,3.3727715015411377
0,0.04997909441590309,0.27040654,0.7215558540438257,2.9295847415924072,0.023228678852319717,0.14664766,0.5377222267127826,2.1809659004211426,0.0006310465396381915,0.149803,0.31533733433391026,1.4297040700912476,0.10025082528591156,0.34942034,0.9671131075320466,1.9601144790649414,0.22967775166034698,0.26416087,0.9501954209752708,1.8746438026428223,0.09323763102293015,0.42488983,0.9478374245311126,1.8288147449493408,0.19948171079158783,0.3297433,0.9600431443105695,2.020141839981079,0.1347915679216385,0.26366353,0.9548704829850871,1.978722333908081,0.3049221932888031,0.20211285,0.9626077722491674,1.50267493724823,0.07461477071046829,0.46849954,0.9874111242220268,1.7609771490097046,0.15645241737365723,0.32243222,0.9779603107602428,1.7018572092056274,0.08204379677772522,0.53368235,1.006870827506166,2.120415210723877,0.18683621287345886,0.2664391,0.9717204829724114,2.3806254863739014,0.09473833441734314,0.377078,0.9850817545837888,2.331681489944458,0.15195880830287933,0.29150876,0.9729652241819146,2.26873779296875,0.14488449692726135,0.3485027,0.9831068339369771,2.1306769847869873,0.07664446532726288,0.39464852,1.0039704420853812,2.543163299560547,0.10084350407123566,0.4827112,0.9561312877340593,1.998582363128662,0.1071796864271164,0.43463048,0.9515997867129682,1.953498125076294,0.13208001852035522,0.3425878,0.9729618377114084,1.950372576713562,0.18829543888568878,0.5250809,0.9228792287210567,2.5265705585479736,0.5593744516372681,0.4947089,0.49221799028064345,2.1037399768829346,0.28163236379623413,0.18242723,0.4101954841794503,2.345371961593628,0.15670247375965118,0.18103594,0.6847658990784118,3.42353892326355
0,0.050715431571006775,0.24683587,0.7359552208337993,3.093600273132324,0.018266160041093826,0.15861033,0.5436979160818532,2.264085531234741,0.00037717074155807495,0.14978278,0.31262953818260336,1.3520245552062988,0.12158960103988647,0.3549945,0.9654915640464267,1.5889418125152588,0.1898898482322693,0.27649808,0.9485901855584288,1.776130199432373,0.12377297878265381,0.39890268,0.9485155260928899,1.7912263870239258,0.21040385961532593,0.32133263,0.9561427694227468,2.027437686920166,0.11113207042217255,0.27959648,0.9537976269303693,1.8020851612091064,0.2975066900253296,0.20537312,0.9608820117580895,1.539963960647583,0.06534259021282196,0.44967484,0.9814953090534502,1.9696019887924194,0.18788403272628784,0.30626208,0.970588318054612,1.9594794511795044,0.07649781554937363,0.56753045,0.9958152675214572,2.323171615600586,0.18630753457546234,0.2789812,0.96886125969592,2.0932109355926514,0.10068394243717194,0.40652943,0.9825973208066292,2.366183280944824,0.1348758041858673,0.31602308,0.9683871283743297,2.4716875553131104,0.16550534963607788,0.3361701,0.9748417911569512,2.1337361335754395,0.044269997626543045,0.3921253,1.0046998443595518,2.335996627807617,0.11148669570684433,0.47614485,0.9551544964335272,2.016859531402588,0.0975431576371193,0.50163484,0.946772828041037,1.7733023166656494,0.13616293668746948,0.3669864,0.9689748364726879,1.9452908039093018,0.17079828679561615,0.53149766,0.921848427771325,2.406480073928833,0.5208731293678284,0.48070967,0.49010640385708615,2.2626354694366455,0.2336757779121399,0.16860464,0.39805973507929904,2.402496814727783,0.1413753777742386,0.14218834,0.6856974033811881,3.4203643798828125
0,0.043004218488931656,0.25872248,0.7348138393092788,3.1130290031433105,0.020086878910660744,0.15189105,0.5433086412530804,2.311781167984009,0.0005478520761243999,0.14348239,0.3176123441390442,1.1856682300567627,0.11264386028051376,0.34637615,0.9654800168878206,1.502393126487732,0.20919349789619446,0.26278,0.9492744965413383,1.9728907346725464,0.11885949224233627,0.3996459,0.9469520803414485,1.5984781980514526,0.2130214273929596,0.31219614,0.9563512650478325,1.7749360799789429,0.11511336266994476,0.25574297,0.9534159546576955,1.449163556098938,0.29158663749694824,0.19973673,0.9606099902340501,1.5305355787277222,0.0695144534111023,0.47206602,0.9838192470237783,1.8707785606384277,0.16188944876194,0.30589592,0.9730565842210336,1.502124547958374,0.06845522671937943,0.5546032,0.9994100212912835,1.9216783046722412,0.2058403342962265,0.2635782,0.9713261310275633,2.121138572692871,0.08119676262140274,0.37312317,0.9831681440712747,2.2488327026367188,0.14576277136802673,0.25005355,0.968524572916366,2.239994525909424,0.16768436133861542,0.3190646,0.9752767730933883,1.9891009330749512,0.058213457465171814,0.4039349,1.0027083742208573,1.761721134185791,0.1075042337179184,0.46569636,0.9511264969469143,1.9846274852752686,0.1011539027094841,0.4681756,0.9439065934550382,1.980492115020752,0.14197088778018951,0.33783597,0.9672832537923869,1.9296655654907227,0.17737071216106415,0.4827906,0.9220080850818837,2.4273695945739746,0.5276849865913391,0.4877458,0.4963275008968998,2.2072384357452393,0.2564483880996704,0.19315672,0.40973691201718127,2.3586857318878174,0.13129587471485138,0.15484774,0.6835553392252588,3.442348003387451
0,0.04955483600497246,0.23431006,0.7317224660943487,3.1912410259246826,0.035093922168016434,0.18905666,0.5481142678313632,2.3521716594696045,0.0006054457044228911,0.1447439,0.31553873072397853,1.417057991027832,0.11194798350334167,0.38347962,0.965925744795028,1.7058037519454956,0.1990775465965271,0.30619252,0.9487137196369833,1.877269983291626,0.11795016378164291,0.41450995,0.9500262599862016,1.6663483381271362,0.21884885430335999,0.3487457,0.9556114203373437,2.073962926864624,0.11961714923381805,0.28337866,0.9545520923115774,1.7608894109725952,0.2718655467033386,0.21426825,0.9590261534407178,1.5565123558044434,0.05966627225279808,0.49304453,0.9837946014584036,2.255842685699463,0.16356654465198517,0.3283135,0.9715923125438689,1.8451814651489258,0.06385253369808197,0.5267307,0.9992615774470622,2.293570041656494,0.18211954832077026,0.29189932,0.9687995945096228,2.1073436737060547,0.09526440501213074,0.3903309,0.9855443645106405,2.4025938510894775,0.1659332811832428,0.30473855,0.9691725993906679,2.361473560333252,0.16157816350460052,0.32457307,0.9769291032231519,1.7152103185653687,0.08555876463651657,0.3995842,1.0054483765550124,2.3001110553741455,0.08718165010213852,0.4736603,0.9625955107468196,2.0587515830993652,0.10021425038576126,0.50428545,0.9579484607240131,1.9362492561340332,0.130899578332901,0.34547332,0.972529115553287,1.843091368675232,0.15750546753406525,0.53382945,0.9276777785188396,2.513103723526001,0.5102696418762207,0.49702913,0.4811663690472456,2.2383575439453125,0.2281866818666458,0.18672162,0.3984986476461867,2.3439903259277344,0.13759200274944305,0.15448374,0.685023316284867,3.4975430965423584
0,0.04665685072541237,0.22880872,0.7321984781328115,3.249877691268921,0.03535187616944313,0.20299058,0.552518471965008,2.53273868560791,0.00046335163642652333,0.1463648,0.31796446466042205,1.4897948503494263,0.11076344549655914,0.38422298,0.9637234648767108,1.7200387716293335,0.2050096094608307,0.29176566,0.945394886835337,1.6229760646820068,0.10319696366786957,0.40837848,0.949700127098188,1.9052177667617798,0.17878030240535736,0.34699538,0.9530291467252882,1.9657803773880005,0.11291584372520447,0.27416492,0.9539279463632168,1.897982120513916,0.27360302209854126,0.21013862,0.9566558838688198,1.5354804992675781,0.05932176858186722,0.46147087,0.9800202817163026,1.8469921350479126,0.1561342179775238,0.3313834,0.968365422185888,1.8127508163452148,0.06826261430978775,0.5320544,0.9933715113465093,2.0771636962890625,0.17319348454475403,0.29182944,0.9643873936673283,2.0716288089752197,0.07717908173799515,0.39475024,0.9803487236766028,2.4712777137756348,0.13950620591640472,0.27627838,0.9654226976157346,1.921095371246338,0.14678363502025604,0.29590482,0.9715158733945944,2.0816004276275635,0.06622759997844696,0.39574292,1.0006175853936679,2.3201680183410645,0.10315369814634323,0.4797555,0.9615154461872045,1.8789454698562622,0.08353787660598755,0.48685113,0.957185654190475,2.1790335178375244,0.11931487172842026,0.36738482,0.9705694940051571,2.0724029541015625,0.14191429316997528,0.4875608,0.927652485295615,2.380004405975342,0.4855077266693115,0.5017314,0.47963469981476037,2.3625452518463135,0.19940099120140076,0.17554994,0.39829044330255386,2.465146780014038,0.13159534335136414,0.1479197,0.6829461316367905,3.514503240585327
0,0.02912520430982113,0.26925308,0.7257154528798285,2.6769094467163086,0.01367491576820612,0.13684204,0.5356386299536726,1.759597897529602,0.0003832763177342713,0.1214975,0.31737205854736905,1.0448594093322754,0.12369197607040405,0.32791603,0.9689161141467322,1.6882774829864502,0.20513170957565308,0.24550425,0.9557957376366655,1.8617565631866455,0.12333351373672485,0.38071325,0.9440703481123713,1.8113685846328735,0.2348756492137909,0.28521433,0.9667739744740642,1.6883248090744019,0.13341772556304932,0.25556672,0.9551857905956269,1.7229523658752441,0.31650134921073914,0.18499494,0.9699214298146734,1.556453824043274,0.09285225719213486,0.42064703,0.9982745413072123,1.8707984685897827,0.1690753996372223,0.3012077,0.9819192513143433,1.855954647064209,0.11569646000862122,0.5388687,1.02190755191423,1.9726966619491577,0.18483088910579681,0.2365494,0.9821914826959369,2.1356313228607178,0.10061971843242645,0.3404073,0.9943784012167807,2.353546380996704,0.21240292489528656,0.26694375,0.9794261874055379,2.073786735534668,0.21285349130630493,0.289756,0.9844595823475424,1.8977720737457275,0.09640344232320786,0.37649876,1.0194052273755905,2.2416069507598877,0.15766696631908417,0.45090103,0.9487163188865821,2.12264084815979,0.16427385807037354,0.425866,0.9414049999350733,2.07100772857666,0.21320728957653046,0.3153546,0.9610676585809511,1.709822177886963,0.2762448489665985,0.49174237,0.8998906786940877,2.395545244216919,0.606481671333313,0.48151475,0.47302756651203964,1.8855652809143066,0.2667102515697479,0.22746828,0.3921036964323394,2.273815155029297,0.16010625660419464,0.2219125,0.6734057611300694,3.2914459705352783
0,0.035561446100473404,0.25305972,0.724847192743927,3.0017852783203125,0.01364500168710947,0.16962236,0.533180228099729,2.1727447509765625,0.0005684727802872658,0.15021159,0.3159140836492114,1.2980724573135376,0.11355280131101608,0.35732546,0.9671001606010351,1.3426952362060547,0.20255528390407562,0.29436344,0.9508586904132148,2.0427184104919434,0.12532083690166473,0.40139467,0.9482144266582372,1.7818224430084229,0.2145509570837021,0.33716896,0.9586815126231059,2.0093488693237305,0.12340062111616135,0.27580664,0.9555500536695055,1.889654517173767,0.29402387142181396,0.2098939,0.9615853506284261,1.6500158309936523,0.073436439037323,0.4618335,0.9856825139230372,2.304499387741089,0.16271886229515076,0.33689007,0.9739119577310598,1.8176076412200928,0.09882263839244843,0.55565894,1.006944716822538,2.225431442260742,0.1824614703655243,0.2624471,0.9715634417479263,2.3803560733795166,0.10178625583648682,0.4061296,0.9880269584104195,2.5684094429016113,0.14515413343906403,0.29631314,0.971716710185308,2.4138941764831543,0.17490163445472717,0.3247986,0.9810408933473129,2.0564560890197754,0.06962432712316513,0.37594643,1.0105124639644147,2.128117322921753,0.10838130116462708,0.4772613,0.9605335067078051,2.0525567531585693,0.11220284551382065,0.4704186,0.9539102558588103,1.8755548000335693,0.14404799044132233,0.33233178,0.9749450544931958,1.8638728857040405,0.19603341817855835,0.5252175,0.9259468058412783,2.4664433002471924,0.554795503616333,0.499147,0.4733043176151563,2.090623140335083,0.22729164361953735,0.18563916,0.3910607922731765,2.2968544960021973,0.1421542465686798,0.16327578,0.6765902175888822,3.4068806171417236
0,0.05057644471526146,0.27732125,0.7245887159370646,2.547089099884033,0.01496972143650055,0.14481805,0.5293063320331987,1.7133684158325195,0.00011733276187442243,0.11903254,0.31875879132906804,1.1817470788955688,0.12315913289785385,0.3472585,0.9695624079420576,1.5303221940994263,0.21448945999145508,0.2755788,0.9541364144085406,1.8453474044799805,0.11818187683820724,0.41324493,0.9414883263083291,1.617173433303833,0.22275446355342865,0.31916338,0.966088426856151,1.7680739164352417,0.15050019323825836,0.23725757,0.9516920684282693,2.016793966293335,0.29655274748802185,0.18900076,0.9717103714693754,1.5817396640777588,0.108427993953228,0.4308321,1.0023983363497984,2.2455356121063232,0.18804286420345306,0.3059014,0.9880490054975567,1.8514647483825684,0.11321573704481125,0.5299264,1.0307716288786053,2.273158550262451,0.20724579691886902,0.25927964,0.9865459154778304,2.0765180587768555,0.11463385075330734,0.34900063,0.9977078858287298,2.4727373123168945,0.2081298679113388,0.21645592,0.981852196963216,2.121720552444458,0.20213432610034943,0.27503613,0.9948802796637668,1.9052073955535889,0.13148339092731476,0.38969412,1.0237076229352409,2.110985040664673,0.16159622371196747,0.49328735,0.9584431202043993,2.017385721206665,0.17190484702587128,0.45943862,0.9507523756684283,2.029231071472168,0.2128252536058426,0.3273899,0.976089885243345,1.7622783184051514,0.2837159037590027,0.44697332,0.8995398789960178,2.411500930786133,0.6279564499855042,0.43852523,0.4620929823362583,1.8749377727508545,0.2619934380054474,0.22049637,0.38954846794067577,2.1964895725250244,0.16061894595623016,0.20110202,0.6636591025142297,3.3014276027679443
0,0.019698094576597214,0.223696,0.739084543207415,2.3615825176239014,0.007876073010265827,0.11658657,0.5491867334533669,1.7200183868408203,0.00025342017761431634,0.093359046,0.31919487571666455,1.3645195960998535,0.12937568128108978,0.30410033,0.9662482211416147,1.7650198936462402,0.19675791263580322,0.23186277,0.9520281637076325,1.9230445623397827,0.11385742574930191,0.34569663,0.9272608174175777,1.7960487604141235,0.26198574900627136,0.23187381,0.9690826339535917,1.4855232238769531,0.13845857977867126,0.24408475,0.9447759051360812,1.6852222681045532,0.3106420040130615,0.16866462,0.9782701147543825,1.615844964981079,0.1330699771642685,0.3911395,1.0144581315549532,2.075079917907715,0.22488626837730408,0.26655087,0.995315000048723,1.7268681526184082,0.15255211293697357,0.42416993,1.0323080796895812,2.1472387313842773,0.2546199560165405,0.20992981,0.990588561576669,2.0625743865966797,0.1500960737466812,0.24803863,0.9937540248074896,2.2700769901275635,0.24516940116882324,0.23276617,0.9852373050236911,1.979430913925171,0.22735922038555145,0.2543146,0.9959118677506728,1.9459514617919922,0.2623305022716522,0.37320334,1.0086732840513744,2.459805488586426,0.25334280729293823,0.3813699,0.9218312633950025,2.295788288116455,0.2541528046131134,0.44721818,0.8944721694412779,2.052445888519287,0.2612914443016052,0.28183728,0.9378992884412727,1.9289524555206299,0.35799914598464966,0.46892577,0.8729756140922694,2.270195484161377,0.6336192488670349,0.47540602,0.4816759881077606,1.7755273580551147,0.2676490843296051,0.23017576,0.3908627050331712,2.0806961059570312,0.15117324888706207,0.23299523,0.6338838982777996,3.1887857913970947
0,0.05749932676553726,0.24938695,0.7413442644543978,3.2516136169433594,0.021960485726594925,0.1650895,0.5546485099101668,2.4124205112457275,0.0006937575526535511,0.14313452,0.31990978511623164,1.5399117469787598,0.10581634938716888,0.36476386,0.9648580580245251,1.7551130056381226,0.2037610411643982,0.2834936,0.9477472018815096,1.8957475423812866,0.10030917823314667,0.4110337,0.9490145006109035,1.6279385089874268,0.2031349539756775,0.3444859,0.9562013851443826,1.8958545923233032,0.11153648793697357,0.27392673,0.9550415095967051,1.6521672010421753,0.2561052739620209,0.21691148,0.9613150059657876,1.4057972431182861,0.054644208401441574,0.5173062,0.9820467987172704,1.8641469478607178,0.17053832113742828,0.30870315,0.9722001924777203,1.6598992347717285,0.06638966500759125,0.5447667,0.9961775813452138,1.9217740297317505,0.16180069744586945,0.26773873,0.9686058711063683,1.9181578159332275,0.07882873713970184,0.40025607,0.9829708507405185,2.3036413192749023,0.14431503415107727,0.2820938,0.9686466542300289,2.350428581237793,0.14417119324207306,0.33298868,0.9749267711950015,2.152768135070801,0.04246857389807701,0.40316907,1.0082696371795647,2.151590585708618,0.09443514049053192,0.48362577,0.9557175532862758,2.135751962661743,0.08793427795171738,0.4763031,0.9490501421993245,1.9318151473999023,0.13246086239814758,0.364163,0.9691050004837259,1.9953951835632324,0.13686271011829376,0.5005345,0.9265879861567046,2.4666006565093994,0.5110275745391846,0.48925865,0.4792721749836522,2.1805579662323,0.2348613440990448,0.1791052,0.39046580057890223,2.2952518463134766,0.14822670817375183,0.14622362,0.684770839950636,3.4685676097869873
1,0.04283532127737999,0.2878097,0.7587450083770692,3.137059211730957,0.02208525687456131,0.2102276,0.5847809590092111,2.306065082550049,0.0006243041134439409,0.15531515,0.3180103232057909,1.4701054096221924,0.11579305678606033,0.41482067,0.9652877382515491,1.5954071283340454,0.18233683705329895,0.34403676,0.9517072923277354,1.7835087776184082,0.09068208932876587,0.44903806,0.9482188076950091,1.6253881454467773,0.26273593306541443,0.344748,0.9521979363239322,1.485821008682251,0.1124560534954071,0.3522378,0.9463323560160973,1.4239027500152588,0.2717550992965698,0.2163309,0.9613250624448126,1.593923807144165,0.06393850594758987,0.5164416,0.9791711965619987,2.010498046875,0.20435203611850739,0.3616641,0.9685418488478306,1.9120378494262695,0.08776583522558212,0.54529536,0.9853780220189511,2.0577285289764404,0.20664653182029724,0.27980953,0.9724747238748841,1.723551630973816,0.10568910837173462,0.41500595,0.9874224703412897,1.9936397075653076,0.18320521712303162,0.309894,0.9732281370986813,2.084455966949463,0.21593953669071198,0.31013578,0.9657843997302192,2.2022314071655273,0.0511418953537941,0.4327118,1.0051503990829582,2.0900070667266846,0.1911809742450714,0.4751369,0.927366670661286,1.5770913362503052,0.2032233625650406,0.43147996,0.9097941929923311,1.7713594436645508,0.24037647247314453,0.32384273,0.9110401840962454,1.6251200437545776,0.24722544848918915,0.5003107,0.8572683562379637,2.399282693862915,0.5999069213867188,0.46394536,0.4090639747139459,1.7770980596542358,0.21077784895896912,0.15645272,0.29423529291605977,1.9949487447738647,0.16393736004829407,0.12864898,0.5313038815307468,2.872131586074829
1,0.04215242713689804,0.25905755,0.7463754429441686,3.063962936401367,0.020996112376451492,0.1531682,0.5597820873952482,2.1865878105163574,0.00039526858017779887,0.14270383,0.3169104921987761,1.098417043685913,0.12856265902519226,0.35478058,0.9668476388225045,1.4721190929412842,0.14380119740962982,0.26213038,0.950414362825272,2.152470350265503,0.11708269268274307,0.38916317,0.9493890870027778,1.404066562652588,0.2070225179195404,0.32649645,0.9621170213448894,1.6958787441253662,0.12797503173351288,0.26575926,0.9534857151073703,1.4999241828918457,0.3044865131378174,0.18759964,0.9649103316599282,1.581250548362732,0.08610313385725021,0.45653453,0.990491237309459,2.0470259189605713,0.16625286638736725,0.3063527,0.9781227316274925,1.6299257278442383,0.08497298508882523,0.5161184,1.0001275446540607,2.2140254974365234,0.20340432226657867,0.25312838,0.9733033764694236,2.210846424102783,0.09930206835269928,0.3850875,0.9835774998621296,2.397834300994873,0.18498535454273224,0.29308462,0.9723666037539439,2.200655460357666,0.18362414836883545,0.3225688,0.9754553279396698,2.005953311920166,0.09782226383686066,0.3905559,1.0072074548339915,2.323723077774048,0.16469810903072357,0.47649252,0.9479072311061173,2.0121688842773438,0.13234302401542664,0.45621878,0.9360060643896789,2.0789666175842285,0.17045170068740845,0.32419264,0.9596142088547769,1.7849609851837158,0.21650570631027222,0.5032842,0.8967529882529558,2.5487728118896484,0.5192562341690063,0.4966614,0.4816992902269862,2.1765308380126953,0.2321086972951889,0.18619671,0.4033954539037131,2.279815196990967,0.13922759890556335,0.16667841,0.6763453289645963,3.4126768112182617
0,0.03565888851881027,0.2598779,0.7421883736335191,2.7560336589813232,0.0174166951328516,0.13148665,0.5529284018487536,2.000194549560547,0.00031071589910425246,0.12390773,0.3157034086750147,1.2577641010284424,0.13299672305583954,0.3297687,0.9689054122399529,1.3920783996582031,0.19070729613304138,0.27540016,0.957969474580965,1.5627387762069702,0.11773183196783066,0.39830106,0.9472163771609996,1.6277018785476685,0.2682022750377655,0.35633773,0.9592366918263107,1.7652380466461182,0.12021514028310776,0.26907775,0.9447593433781049,1.4869084358215332,0.28367528319358826,0.18518107,0.9652293053664946,1.5095555782318115,0.100937619805336,0.43929633,0.9964790319357789,1.8464500904083252,0.19194979965686798,0.33757806,0.9813304634673969,1.6760034561157227,0.10363578051328659,0.5045914,1.0102073264170948,2.0458850860595703,0.21879731118679047,0.2585651,0.9861027828586248,2.0645229816436768,0.1005428284406662,0.309059,1.0020478465480733,2.1888842582702637,0.21048806607723236,0.2902684,0.9800603023926497,2.1122260093688965,0.20988355576992035,0.28497213,0.9810016494204116,2.0398426055908203,0.11421044170856476,0.40047416,1.0365317614710183,2.308788537979126,0.2016923725605011,0.43574855,0.9588681600318919,2.1309680938720703,0.19980701804161072,0.38064414,0.9325510168966585,1.812270998954773,0.22294586896896362,0.2787799,0.923487808704128,1.8039708137512207,0.28307783603668213,0.45755115,0.8527329049609369,2.229478597640991,0.6015769243240356,0.49723488,0.40210514860515956,1.6839852333068848,0.2518133521080017,0.22600922,0.30177940329639036,2.0454940795898438,0.19915910065174103,0.1760438,0.5004701718877376,2.7394516468048096
0,0.03654059022665024,0.2561611,0.731646619394597,3.041356086730957,0.015069353394210339,0.1651338,0.5512469314252427,2.2894225120544434,0.00042678992031142116,0.14256604,0.3138412157540263,1.3264188766479492,0.11472855508327484,0.36015704,0.9672154340991985,1.5484100580215454,0.18293225765228271,0.2704206,0.9502411382792586,1.8274331092834473,0.11589135229587555,0.39455703,0.9464811856682557,1.7530735731124878,0.23790504038333893,0.31429276,0.9576888772493415,1.9524444341659546,0.11784154921770096,0.2590716,0.95238605663021,1.9373745918273926,0.300656259059906,0.18470438,0.9602917323597346,1.5682613849639893,0.06879553943872452,0.46825168,0.9853752962356912,1.940682291984558,0.152524933218956,0.31067148,0.9750795868898956,1.776930570602417,0.07458487153053284,0.50028324,0.9993684693367273,2.0786964893341064,0.16445811092853546,0.24083295,0.9692747004206882,1.7235891819000244,0.08323374390602112,0.33390102,0.9839213422937172,2.458437204360962,0.14368142187595367,0.25800163,0.9705712627177956,2.1219449043273926,0.164043128490448,0.2790322,0.9744517254278428,2.0333449840545654,0.08090067654848099,0.38181332,1.0002341014653433,1.987138271331787,0.10413528233766556,0.45950055,0.9487529718837708,2.016366958618164,0.09472537785768509,0.47688794,0.9425389509188409,1.906699299812317,0.1529378443956375,0.32082343,0.9610602644496542,1.74589204788208,0.19062954187393188,0.49730885,0.9112890840579649,2.6002917289733887,0.5604895353317261,0.4897432,0.4846653880034416,2.0985519886016846,0.2281685769557953,0.20017782,0.385222566058885,2.3190674781799316,0.14330685138702393,0.1641411,0.6609580401268723,3.3014070987701416
1,0.030550265684723854,0.27128237,0.7279900500586217,2.6731128692626953,0.011994861997663975,0.15759368,0.5323870311025439,1.8930103778839111,0.00021305766131263226,0.13329707,0.3211898047809802,0.9871063828468323,0.11456767469644547,0.34354514,0.9674564711814068,1.4976248741149902,0.2032259851694107,0.24831448,0.953356430005897,1.8125293254852295,0.12247919291257858,0.38747686,0.9417296008416627,1.7270290851593018,0.24065086245536804,0.278602,0.9628709860169086,1.9183393716812134,0.14267949759960175,0.2397727,0.9530091340608393,1.8265643119812012,0.32255300879478455,0.17497681,0.9682183522977454,1.5419540405273438,0.09142762422561646,0.43675277,0.9980496545639227,2.0920159816741943,0.1887529194355011,0.29518,0.984351656736518,1.827007532119751,0.11205354332923889,0.4887003,1.0134106606765685,1.9470341205596924,0.2242582142353058,0.23492418,0.9795393473969287,2.431305170059204,0.11155735701322556,0.3217417,0.9901571131391376,2.3852579593658447,0.19592750072479248,0.27364415,0.9760725904698299,2.2991178035736084,0.21273918449878693,0.27482945,0.9798279208252391,2.0636887550354004,0.14581334590911865,0.38522464,1.0116828326772511,1.9113961458206177,0.17568571865558624,0.46328327,0.9478092212516395,2.0495362281799316,0.16670462489128113,0.460153,0.9382560619958638,1.9068138599395752,0.18842098116874695,0.3397811,0.959775306983141,1.835420846939087,0.28839805722236633,0.4612622,0.887379849156689,2.347956657409668,0.5935978889465332,0.49692717,0.45844803451217847,1.8938591480255127,0.23104876279830933,0.22026359,0.37817829956063814,2.135690689086914,0.15860459208488464,0.19603823,0.6630338272040567,3.2930054664611816
0,0.04222693294286728,0.26232004,0.7309890395944024,2.56555438041687,0.006333386991173029,0.14930417,0.5306819388407835,1.7191832065582275,0.00040340860141441226,0.111177556,0.31875945317124327,1.297982931137085,0.12411892414093018,0.32038242,0.9695072956598849,1.75632643699646,0.20229774713516235,0.25665852,0.9551641349092017,1.7718454599380493,0.11256559938192368,0.39369687,0.9388628354161187,1.8104689121246338,0.25666630268096924,0.2899758,0.9664190885712293,1.533705234527588,0.15066024661064148,0.23599456,0.9516156471576889,1.5889739990234375,0.29324576258659363,0.19094837,0.972556405224251,1.5058460235595703,0.10899653285741806,0.42048004,0.9984011566463925,2.2520344257354736,0.20416535437107086,0.28972045,0.9877589583586167,1.8664190769195557,0.11094518005847931,0.5250088,1.0275960967143625,2.1725597381591797,0.2103980928659439,0.24917331,0.9862294338533845,2.004391670227051,0.10513227432966232,0.33827713,0.997940096482835,2.1635427474975586,0.20904044806957245,0.23866883,0.9826732388308437,2.0685696601867676,0.21121962368488312,0.26719522,0.9928780324619423,1.8776189088821411,0.11505059897899628,0.3806266,1.0247122036129144,2.5987017154693604,0.1934317946434021,0.4790253,0.9485911055337009,2.0424270629882812,0.17674340307712555,0.4136425,0.9445565723015026,2.0339407920837402,0.22350050508975983,0.31399107,0.9695228462555432,1.7274863719940186,0.291965514421463,0.47997326,0.9010542696348014,2.3860137462615967,0.6367871761322021,0.42302275,0.45548467569790985,1.775066614151001,0.25981396436691284,0.22813338,0.3775607177134677,2.120725631713867,0.15951992571353912,0.21741128,0.6596366863809775,3.2677855491638184
0,0.03581821918487549,0.28314838,0.7664505225764492,3.082155704498291,0.027098461985588074,0.21999128,0.590759632987427,2.2511367797851562,0.0011263979831710458,0.15744978,0.31466600743866174,1.3160786628723145,0.1315966099500656,0.40902928,0.967944013773502,1.4569247961044312,0.19983668625354767,0.35275233,0.9520967614746052,1.6093355417251587,0.11021704226732254,0.44497854,0.9473854918264352,1.8537155389785767,0.25468263030052185,0.31523398,0.9514557391919728,1.5249561071395874,0.08774197101593018,0.36862242,0.94380390031428,1.6098456382751465,0.33012655377388,0.18777223,0.9610646937902309,1.464897632598877,0.08562945574522018,0.49242768,0.9844179259212693,2.2135019302368164,0.19184257090091705,0.3600894,0.973021381438422,1.7456104755401611,0.08819577097892761,0.5544518,0.9881743658927977,2.402524948120117,0.19653157889842987,0.2685383,0.970385345219137,1.804165244102478,0.08878891170024872,0.3758335,0.9831465419058613,2.2627294063568115,0.1969517320394516,0.32671553,0.9695888464357313,1.9267808198928833,0.21856507658958435,0.33449814,0.9648170302088716,2.0469062328338623,0.09177293628454208,0.40556037,0.9978639006237782,2.2756762504577637,0.18083254992961884,0.4977423,0.9378666121289324,1.7762675285339355,0.20682752132415771,0.44168794,0.9115567452039722,1.7987602949142456,0.2405140995979309,0.32496077,0.8976460807130758,1.8317856788635254,0.24873551726341248,0.5155322,0.8436430786578706,2.395754098892212,0.6243895888328552,0.4667542,0.4232504100896054,1.6098966598510742,0.19509954750537872,0.15784062,0.29041728204290373,2.0372838973999023,0.16980640590190887,0.1323046,0.4706375484347264,2.584980010986328
0,0.0511309988796711,0.268756,0.7363669917856414,2.9418604373931885,0.014862003736197948,0.13925616,0.5506106056936206,2.0678157806396484,0.000266788003500551,0.14071101,0.319945936694213,1.0191978216171265,0.12634773552417755,0.336426,0.9675618039789635,1.6827375888824463,0.22090204060077667,0.24619886,0.9499592970976444,1.7746422290802002,0.10259849578142166,0.3716131,0.9455585939511517,2.0571188926696777,0.23128321766853333,0.28888154,0.95854442526741,1.718968152999878,0.12254110723733902,0.24881458,0.9517215583194356,1.738261342048645,0.280789852142334,0.18367818,0.9639876515263869,1.6094765663146973,0.06374572962522507,0.44809362,0.9851955171110861,1.9366122484207153,0.17114956676959991,0.2991047,0.9753925050581562,1.7300031185150146,0.08542920649051666,0.516064,1.0040846091606077,2.1127493381500244,0.17794962227344513,0.24545652,0.973954669297527,2.000101327896118,0.11795414239168167,0.35664934,0.9870719613791762,2.0005850791931152,0.18555428087711334,0.26974195,0.9751433566216811,2.3431928157806396,0.1974346935749054,0.30181876,0.9828163969478613,2.148611307144165,0.06781519949436188,0.39099458,1.0123573022449124,2.207683563232422,0.12302251160144806,0.4609559,0.9497957142569153,1.9401891231536865,0.12951354682445526,0.4677451,0.9388689032536155,1.8104981184005737,0.17347444593906403,0.3251893,0.9700297015570116,1.8662126064300537,0.2211572825908661,0.4910037,0.9123363251013853,2.354795217514038,0.5668284893035889,0.47844043,0.4909934172866888,2.1062498092651367,0.23809009790420532,0.18794188,0.39640839145168943,2.3586504459381104,0.13149946928024292,0.16566661,0.676314984718507,3.3405544757843018
1,0.03601470962166786,0.25481758,0.7619295427517138,3.0006089210510254,0.028368618339300156,0.14579026,0.589356354504247,2.176750898361206,0.0010292062070220709,0.13375236,0.31493145025735353,1.324807047843933,0.1166599839925766,0.38103163,0.9671587653003143,1.2643601894378662,0.17132283747196198,0.30319282,0.9522206234818954,1.8909980058670044,0.10715235769748688,0.43795535,0.9481697100233796,1.7921867370605469,0.25336381793022156,0.3293483,0.9555762814154446,1.876326084136963,0.09661208838224411,0.33887365,0.9458659289016643,1.5977236032485962,0.25145846605300903,0.19733733,0.9666849367151232,1.7015156745910645,0.08607970178127289,0.41302305,0.9924617929530704,1.686694860458374,0.1921202689409256,0.31459048,0.983914823942838,1.748192310333252,0.09188567847013474,0.4735452,0.998764839688151,2.000701665878296,0.2062457948923111,0.2489322,0.9773206888365314,2.2866783142089844,0.09845031797885895,0.2954842,0.9916995555922858,2.278024911880493,0.21592412889003754,0.26614395,0.9753020012997324,1.7697317600250244,0.2161938101053238,0.2936755,0.9687398598383079,2.013211965560913,0.08108161389827728,0.41273904,1.0123579152093505,2.1705658435821533,0.17925167083740234,0.49797162,0.9396148369784876,1.8080848455429077,0.20502685010433197,0.38167697,0.9124141663954046,1.9883259534835815,0.2236122339963913,0.29644716,0.9060955907068946,1.6973156929016113,0.28144344687461853,0.4536711,0.8482732278505267,2.3779871463775635,0.5541640520095825,0.45842534,0.40964019272156127,1.7903556823730469,0.21402759850025177,0.18925296,0.30524831381958667,2.0079715251922607,0.15629138052463531,0.14727473,0.5245853034225617,2.8381547927856445
0,0.04688625782728195,0.25307897,0.7417527730895521,3.0532002449035645,0.025499597191810608,0.1666144,0.5555092056528632,2.2398738861083984,0.000580025662202388,0.14892651,0.3148436869562359,1.2474747896194458,0.12602564692497253,0.34008905,0.9670814556999783,1.875339388847351,0.18094263970851898,0.25062698,0.95054874181117,1.9367060661315918,0.1055717021226883,0.41140887,0.9492404137451131,1.7629308700561523,0.23909404873847961,0.28881264,0.9562741539338212,1.8694238662719727,0.11154235899448395,0.26709202,0.9529120000350751,1.7990984916687012,0.29471728205680847,0.1893243,0.9616577223933928,1.5513606071472168,0.06219499930739403,0.46830902,0.9858885800047941,2.21677827835083,0.16626130044460297,0.27486953,0.9733780008411468,1.9166556596755981,0.07109060883522034,0.556477,1.0014696744191784,1.8447468280792236,0.18451136350631714,0.24077158,0.9701081863128673,2.347831964492798,0.10867815464735031,0.36697125,0.9869718226488031,2.3999247550964355,0.14900483191013336,0.22309597,0.9704872605331077,2.3827309608459473,0.17951253056526184,0.27573016,0.9778572346530039,2.1377289295196533,0.06295256316661835,0.39657107,1.0058399272715175,1.9541833400726318,0.11166509985923767,0.45800227,0.9480459619836397,1.8597843647003174,0.11158204078674316,0.3909544,0.9407591199470262,1.772347331047058,0.14487875998020172,0.30013934,0.9587207436058419,1.8969541788101196,0.17858703434467316,0.44897482,0.9102341722116911,2.548379421234131,0.5162165760993958,0.5092941,0.4736741338583646,2.1168010234832764,0.23460833728313446,0.18314213,0.3897017765644029,2.258509874343872,0.1354588270187378,0.16454212,0.6566260741956805,3.3228816986083984
0,0.05131649598479271,0.26206714,0.7358336130650356,3.061710834503174,0.018837742507457733,0.14574388,0.5467649659472231,2.2479169368743896,0.0005085128359496593,0.14290474,0.3184938647160564,1.3273272514343262,0.11194828897714615,0.34475473,0.9661196783343746,1.6961297988891602,0.1973181664943695,0.25932956,0.9487422172425639,1.780317783355713,0.11225131154060364,0.38820383,0.9492249763944729,1.8067941665649414,0.21655037999153137,0.30695322,0.9572451935288505,1.7179595232009888,0.09673213213682175,0.25275588,0.953177877851424,2.0055811405181885,0.28881821036338806,0.18943661,0.9610920750582854,1.574905514717102,0.06863419711589813,0.46255958,0.9850089967138763,2.117990016937256,0.16940641403198242,0.29359233,0.9736260614841924,1.8514790534973145,0.07615704834461212,0.53067136,1.0020288339055685,2.1672215461730957,0.20248137414455414,0.25731805,0.9705391854890705,2.0644266605377197,0.07255496084690094,0.39212203,0.9849354680093254,2.164311170578003,0.14845819771289825,0.27325058,0.9697231523042691,2.2705392837524414,0.14935097098350525,0.31867486,0.9781483134095491,1.911218285560608,0.07065965980291367,0.4010517,1.0081206773330653,2.016662120819092,0.10502106696367264,0.4666311,0.9534083068521576,2.133824348449707,0.1058194562792778,0.4599831,0.9452511717921666,1.8470275402069092,0.13059553503990173,0.3203699,0.9662748641117631,1.9009126424789429,0.16682493686676025,0.48898837,0.9171869206895297,2.613058090209961,0.5370892286300659,0.5071164,0.4839612023588998,2.2269086837768555,0.25273171067237854,0.17383374,0.39935927531002247,2.4018375873565674,0.14118818938732147,0.1605478,0.6668276270197098,3.370485782623291
0,0.044499460607767105,0.25643027,0.7410320677315653,2.8480188846588135,0.014292700216174126,0.16079925,0.5625881635032017,2.050222635269165,0.000286629336187616,0.13358492,0.31650220947733343,1.1438777446746826,0.11963991820812225,0.34863132,0.9676822968310719,1.6168122291564941,0.19298210740089417,0.25698498,0.9536394928055919,1.7751892805099487,0.11906801164150238,0.38362718,0.9485267360694831,1.7459778785705566,0.2288431078195572,0.29375964,0.9642733988877241,1.8532558679580688,0.11735149472951889,0.25838363,0.9523924637639104,1.604714035987854,0.30068066716194153,0.1898391,0.9679131255047992,1.3460477590560913,0.08202725648880005,0.41911998,0.9922234063033265,1.990333080291748,0.18326637148857117,0.2834583,0.9816170444999822,1.7963972091674805,0.10369764268398285,0.468146,1.0031122948820714,2.0050456523895264,0.18985067307949066,0.22821277,0.974195838789466,2.095123767852783,0.10707514733076096,0.28955114,0.9844234151373362,2.066927671432495,0.20435748994350433,0.25786504,0.9721494626978081,2.161949634552002,0.2052697092294693,0.2558183,0.9756235906888058,1.9560060501098633,0.09980165958404541,0.3904522,1.0021093803498056,2.132019281387329,0.18100257217884064,0.43686604,0.9363616079493792,2.038003921508789,0.13348844647407532,0.43716455,0.9204784995558662,2.1092348098754883,0.18196892738342285,0.3170565,0.9514225540958516,1.779020071029663,0.25134795904159546,0.48981583,0.8917963067372942,2.457104444503784,0.5261825919151306,0.48861787,0.4496583962838453,2.1098620891571045,0.2092096209526062,0.19870475,0.371686947237146,2.176051616668701,0.15224316716194153,0.18468705,0.6423287899938767,3.173290491104126
0,0.04706064611673355,0.23375547,0.7598395313874582,3.201232671737671,0.029964761808514595,0.21135186,0.5831339535982778,2.396826982498169,0.0003779294202104211,0.14472969,0.30703192487760966,1.7568033933639526,0.11314380168914795,0.40994713,0.9659581392744352,1.7856757640838623,0.17140817642211914,0.35865322,0.9518885978699092,1.9213149547576904,0.09765708446502686,0.46470687,0.9537534717993643,1.990978717803955,0.22085388004779816,0.34597045,0.9493554270026473,1.8366764783859253,0.11452581733465195,0.35051933,0.9498928295132854,1.5051560401916504,0.29100337624549866,0.20731133,0.9526065790097291,1.6662778854370117,0.07633420825004578,0.5147528,0.9775287426928128,1.2911611795425415,0.16564767062664032,0.35046098,0.9640583492953004,1.6465699672698975,0.08571869879961014,0.5286621,0.9795637974533477,2.337855815887451,0.17599570751190186,0.2696822,0.9612117158323743,2.145002841949463,0.0849330797791481,0.3948636,0.9786251143163027,2.25405216217041,0.17620731890201569,0.30338317,0.9621135349288725,2.0997238159179688,0.18658743798732758,0.32792157,0.9594767379657648,2.2851974964141846,0.058263689279556274,0.3936788,0.9894530910721576,2.2270987033843994,0.17830884456634521,0.47855464,0.9369871036962905,1.861115574836731,0.16457095742225647,0.4302103,0.9225298377449371,1.6737216711044312,0.2070382833480835,0.29234493,0.9126557517477646,1.996290922164917,0.19429321587085724,0.48145735,0.8828579555739443,2.4322421550750732,0.6195448637008667,0.49032456,0.4312126591529608,1.7610300779342651,0.21543307602405548,0.17492634,0.28191672251132033,2.0963778495788574,0.18378406763076782,0.14260386,0.48423347880532697,2.652639150619507
0,0.013566275127232075,0.22296484,0.7021138313365122,2.5382819175720215,0.013099877163767815,0.16685885,0.5272443111243426,2.022977113723755,0.00023732961562927812,0.12086235,0.3172512272753383,1.2462961673736572,0.10437826812267303,0.35323912,0.9645174392408354,2.065605640411377,0.18222571909427643,0.25872838,0.9530207258917657,1.7402695417404175,0.1192958727478981,0.35143766,0.9396907545818672,1.7286200523376465,0.20947802066802979,0.2657469,0.9584923001853376,1.8960579633712769,0.08155502378940582,0.25634697,0.9415992248091074,2.133354902267456,0.28306126594543457,0.18561359,0.9643090055103488,1.32700514793396,0.05115398019552231,0.40090826,0.9933902699792677,2.3376452922821045,0.15925705432891846,0.27441183,0.9833809671157244,1.8006740808486938,0.08132537454366684,0.509228,1.0127132223472184,1.9643453359603882,0.18502607941627502,0.24150196,0.974630437803793,1.9341479539871216,0.10517112165689468,0.29923117,0.9855487543587008,2.375789165496826,0.21372322738170624,0.23849948,0.978555592031246,2.4589638710021973,0.18173013627529144,0.3082137,0.9916390942362349,1.9435429573059082,0.11469139158725739,0.3513913,1.0324922139416874,2.2236671447753906,0.07554423063993454,0.44858956,0.9816950421935896,2.419879674911499,0.08196412771940231,0.50448287,0.9630425823166512,2.332066535949707,0.15260498225688934,0.35549366,0.9802583918176281,2.0881524085998535,0.12318688631057739,0.44085345,0.9165405717417423,2.6818764209747314,0.45292043685913086,0.45568663,0.531489199020081,2.3957810401916504,0.2354414463043213,0.2294516,0.4431340412642944,2.304502248764038,0.21653486788272858,0.24128169,0.654232575468242,3.1764795780181885
0,0.0632108673453331,0.26600823,0.7264680572823512,3.2844676971435547,0.024218538776040077,0.19471604,0.5374216763225568,2.466895341873169,0.0005993226077407598,0.14535207,0.31275088740018614,1.6958638429641724,0.12110575288534164,0.4010348,0.9614003381200454,1.8171284198760986,0.15443429350852966,0.30759788,0.9437553996818938,2.213749647140503,0.1188875064253807,0.4223389,0.9484753452887548,2.264838695526123,0.17776943743228912,0.37859222,0.9508448849987601,2.0544772148132324,0.09741400182247162,0.29091173,0.9543540054898328,2.0720391273498535,0.26136869192123413,0.23353916,0.9548724843622011,1.8142905235290527,0.05594421550631523,0.54099154,0.9784508456506089,2.241023540496826,0.14616477489471436,0.36168462,0.9653113069532249,1.9251832962036133,0.07169415801763535,0.5912827,0.9901667423157596,2.470357656478882,0.15620356798171997,0.30782756,0.9609673784427961,2.268380641937256,0.063605397939682,0.38912338,0.9769969437791687,2.64302921295166,0.15630395710468292,0.30643398,0.9629352269992297,2.3862104415893555,0.13213948905467987,0.41636878,0.9712467560557855,2.2970054149627686,0.041954122483730316,0.39738706,1.0002378885312107,2.064610481262207,0.07874101400375366,0.47898895,0.9600712194909335,1.8843482732772827,0.07189808040857315,0.5016259,0.9575641323330415,1.981183648109436,0.11542761325836182,0.33968908,0.9738473770338673,2.084719181060791,0.10615578293800354,0.54904443,0.9361504792207725,2.168823719024658,0.4797402024269104,0.50987643,0.5061895726032348,2.481544256210327,0.2082284837961197,0.15966709,0.41218115261630517,2.5541343688964844,0.14252835512161255,0.140398,0.6921803169076736,3.541759967803955
0,0.029844889417290688,0.2730142,0.7380212779879631,3.0084853172302246,0.015988225117325783,0.15113474,0.5521805535792254,2.2037408351898193,0.0003871086810249835,0.13700275,0.3126037754121185,1.5220680236816406,0.12914809584617615,0.33927852,0.9679289458440437,1.5337926149368286,0.19484958052635193,0.24455872,0.9533779343787736,2.0762217044830322,0.10187315940856934,0.38913417,0.9513778483431278,1.6599476337432861,0.22133615612983704,0.2830526,0.958631762824394,2.1468563079833984,0.10998065769672394,0.2605907,0.9559348981227268,1.7918566465377808,0.2886848449707031,0.18790361,0.9645034673660493,1.5891220569610596,0.06696783006191254,0.47790802,0.9891493598675352,1.942240834236145,0.16416028141975403,0.28576306,0.9757907523882092,1.7069997787475586,0.08710873126983643,0.5231486,1.0028047225936507,2.0147013664245605,0.1709984391927719,0.25453696,0.9741334803951351,2.0061192512512207,0.07791100442409515,0.36692423,0.9872253562084716,2.2564289569854736,0.15902522206306458,0.25758448,0.9737143110067464,2.468989610671997,0.14622803032398224,0.29966286,0.983792913603675,1.9868499040603638,0.06449542194604874,0.40319648,1.0253522190410402,2.1395397186279297,0.10720450431108475,0.4609648,0.9596818445249921,1.887740135192871,0.09800905734300613,0.44316128,0.9534652319297804,1.849745512008667,0.15838654339313507,0.32746288,0.9757040499789115,1.944529414176941,0.1719125658273697,0.46811295,0.9218353512499986,2.4940154552459717,0.5540029406547546,0.48271787,0.5021338195120002,2.1413450241088867,0.23796719312667847,0.17870934,0.4142029868546437,2.3675694465637207,0.13602504134178162,0.15653402,0.6782455340198832,3.408247232437134
0,0.043269142508506775,0.27453098,0.734859111557114,3.0306406021118164,0.014783482998609543,0.16064706,0.5451778710582526,2.17891788482666,0.0005640616291202605,0.14301157,0.31701007176807,1.206636905670166,0.11769872158765793,0.35821775,0.9669298419275077,1.6731653213500977,0.218348890542984,0.29019177,0.9504084033784402,1.8669365644454956,0.09909901022911072,0.40771967,0.9481714754694387,1.8046379089355469,0.22564755380153656,0.32430974,0.9594943177546148,1.6110906600952148,0.12675794959068298,0.27409843,0.9540245507740125,1.9893112182617188,0.29055720567703247,0.20403273,0.9630028705849445,1.5356979370117188,0.07389749586582184,0.46142584,0.9841536810175082,1.9114696979522705,0.17750456929206848,0.32867315,0.9730346829743036,1.639343500137329,0.08159977197647095,0.55561864,1.0029099935089802,2.0906639099121094,0.17546293139457703,0.27243954,0.9717884286128619,2.3318941593170166,0.07823645323514938,0.42374042,0.987191474788219,2.300534963607788,0.14882798492908478,0.31254968,0.9723136176100243,2.5394749641418457,0.18339291214942932,0.34982982,0.9818869621264249,1.9882087707519531,0.06744667142629623,0.39562225,1.0146170630757172,1.9977030754089355,0.11441684514284134,0.48242757,0.9608173724412452,1.9890823364257812,0.12122827768325806,0.47326717,0.9529507320939226,1.8922865390777588,0.14082305133342743,0.35328773,0.9757512305257774,1.737583875656128,0.19518043100833893,0.541766,0.9223217852621933,2.4598217010498047,0.5583708882331848,0.5107237,0.4859244341078456,2.0983519554138184,0.24583779275417328,0.18171631,0.39771783593298704,2.348633050918579,0.14082956314086914,0.15343827,0.6864297939741449,3.4477646350860596
0,0.04072672128677368,0.24383861,0.7408678857950917,3.1959846019744873,0.02817828394472599,0.14453487,0.5567818397283365,2.4469387531280518,0.0006218620110303164,0.14391011,0.3172563340301418,1.230594277381897,0.10843333601951599,0.34411943,0.9653001166774282,1.7110711336135864,0.18926692008972168,0.26076144,0.9478603744825429,1.8780813217163086,0.10646414756774902,0.3950377,0.9498598280159958,1.6244783401489258,0.18808116018772125,0.30988613,0.953932626333571,2.0294764041900635,0.11498615145683289,0.2738626,0.9542567566931749,1.8165514469146729,0.2751992344856262,0.18971105,0.9603787510928556,1.627982497215271,0.05050085857510567,0.50384927,0.9850762331332783,1.8394439220428467,0.1714923083782196,0.2950578,0.970900883967715,1.6075233221054077,0.06525661051273346,0.5721951,0.9972931225014259,2.15462589263916,0.15326905250549316,0.26531127,0.9693829563873576,2.169780731201172,0.07896550744771957,0.39852238,0.983964515391171,2.3206069469451904,0.1448373794555664,0.24684566,0.9693903870069822,2.1349918842315674,0.1393711268901825,0.30416366,0.9757623136393887,2.2100179195404053,0.03480635583400726,0.40960276,1.0113800423973553,2.275020122528076,0.08528601378202438,0.47638834,0.9528002194994583,1.9325411319732666,0.09118884801864624,0.45952585,0.942683536047599,1.9786136150360107,0.1392669677734375,0.353509,0.9637386285348749,1.8959534168243408,0.14534877240657806,0.4842672,0.9246929113605898,2.476248025894165,0.5218049883842468,0.48091424,0.4935050761817593,2.260148286819458,0.2482711225748062,0.18003708,0.40604558297526094,2.339677333831787,0.13101761043071747,0.14667585,0.6878613400195531,3.4656331539154053
0,0.04434584081172943,0.26622033,0.7295734133575752,3.07015323638916,0.02426144853234291,0.15943469,0.543186012298676,2.313059091567993,0.0004374711716081947,0.14616087,0.31259096414620935,1.4673283100128174,0.11010509729385376,0.36889696,0.966000329265249,1.6191562414169312,0.19433337450027466,0.28551984,0.949441883364568,1.9282716512680054,0.1177968829870224,0.4058408,0.9507638208820256,1.7383842468261719,0.2148267924785614,0.33569583,0.9578211231807577,2.0671350955963135,0.10885107517242432,0.2811845,0.9567020404093596,1.8031938076019287,0.2663328945636749,0.19824901,0.9614301402036964,1.4978892803192139,0.06631879508495331,0.48057652,0.9837366779041001,2.279160261154175,0.15487854182720184,0.32273203,0.9724172478348274,1.9714053869247437,0.07359664142131805,0.5476423,0.9979885145753542,1.961498737335205,0.17388051748275757,0.2888742,0.9704789806647119,2.002605676651001,0.07944787293672562,0.41657498,0.9806352883076416,2.1895227432250977,0.1544351875782013,0.29903683,0.9696097026209285,2.0581471920013428,0.1482132077217102,0.32133412,0.9774544491272114,2.011378765106201,0.06335651129484177,0.3974693,1.005168045584544,2.100113868713379,0.09712523967027664,0.4773387,0.9559117174512578,2.2175374031066895,0.09096565842628479,0.4861378,0.950620142734821,2.071361541748047,0.1337321400642395,0.36463436,0.9725992605787439,1.8185880184173584,0.1604233831167221,0.52326,0.920972279799042,2.6468803882598877,0.5303140878677368,0.47822928,0.491701693621184,2.177584409713745,0.22035494446754456,0.17615405,0.392534000048866,2.318295955657959,0.1379377394914627,0.15600684,0.6776490110194023,3.4441592693328857
1,0.058440711349248886,0.28738245,0.7490620288499019,3.529670238494873,0.03555087000131607,0.1977256,0.5756642497134529,2.7793521881103516,0.0006124478532001376,0.15831275,0.31582767805926054,1.7813100814819336,0.10429568588733673,0.42374378,0.9581113990844744,1.881332278251648,0.18691717088222504,0.3270502,0.9387248064711541,1.7842551469802856,0.10303808003664017,0.47007412,0.9451964554480271,1.707500696182251,0.19348680973052979,0.3843276,0.9412029699378696,2.2136857509613037,0.09072040766477585,0.36604857,0.9497633336466598,1.8955938816070557,0.21860133111476898,0.24136806,0.9489418958090267,1.8069674968719482,0.046258628368377686,0.54117805,0.9704117193460499,1.9273951053619385,0.12687116861343384,0.3942429,0.9600039745066035,2.06412672996521,0.061364516615867615,0.6069509,0.9757365843849609,2.387169599533081,0.13362877070903778,0.32780352,0.9553357982459961,1.9018195867538452,0.057153817266225815,0.47818705,0.9690758775450717,2.060835361480713,0.12475654482841492,0.31159547,0.9584961092428251,2.3936233520507812,0.1295998990535736,0.37028188,0.9583928844209352,2.3684892654418945,0.02965153381228447,0.37696612,0.9857235865371637,1.893944263458252,0.07813049107789993,0.51116216,0.9486284969978118,1.8689295053482056,0.0731051117181778,0.49029732,0.9410088114624697,2.094395637512207,0.12103869765996933,0.3754182,0.9471828859749337,2.220200538635254,0.10264239460229874,0.54758155,0.9217081098010592,2.5057930946350098,0.481114000082016,0.5293795,0.5010730154072627,2.393472194671631,0.2226259559392929,0.1301184,0.40475815998863945,2.609865427017212,0.1436069905757904,0.112042405,0.6550785739622986,3.3944032192230225
0,0.03887677192687988,0.25987035,0.7537520772572565,3.225081205368042,0.022534573450684547,0.17302437,0.5639569753559877,2.4140162467956543,0.0006396741373464465,0.15220869,0.31829855054665607,1.4522064924240112,0.1183275580406189,0.36344546,0.965578020931676,1.7278378009796143,0.16717836260795593,0.26121804,0.9480604692158452,2.0367720127105713,0.10969625413417816,0.3802076,0.9463600949074574,1.7976057529449463,0.20478388667106628,0.2800484,0.9527077774464281,2.0417933464050293,0.1295572817325592,0.2600682,0.9465803106577712,1.8411860466003418,0.29600268602371216,0.17942074,0.9573320968432041,1.645335078239441,0.05611756816506386,0.47247174,0.9824856826512359,1.9195526838302612,0.16789349913597107,0.26873896,0.9712355060736267,1.6544464826583862,0.09847496449947357,0.46196365,0.9975326047267272,2.4267046451568604,0.1649618148803711,0.23892227,0.9690361850171115,2.011019229888916,0.09153405576944351,0.34992447,0.9889729189696576,2.343999147415161,0.16092397272586823,0.22798754,0.9718037373082992,2.3175597190856934,0.1713121086359024,0.2733295,0.9779352098603384,1.9786186218261719,0.07714930921792984,0.40720293,1.0039616736177857,1.7120909690856934,0.11190558224916458,0.45885092,0.946560690414643,2.0192651748657227,0.10424400120973587,0.39380738,0.9389374577284098,1.7490776777267456,0.12924011051654816,0.32934976,0.9584334855481559,2.09078311920166,0.15652956068515778,0.46845165,0.9137924982605443,2.6839730739593506,0.49777522683143616,0.48133886,0.513922165347938,2.28336238861084,0.20180171728134155,0.1756485,0.41347146516937866,2.361863136291504,0.11897080391645432,0.14802377,0.6643694651389351,3.3532333374023438
0,0.04477496072649956,0.28759456,0.7611431444600337,2.9506256580352783,0.02088482305407524,0.21312621,0.5887650964550529,2.0993354320526123,0.0002849465236067772,0.15023273,0.31297668960517827,1.176079273223877,0.1330304741859436,0.39865163,0.9678143543510598,1.448124647140503,0.1899811178445816,0.32183823,0.9567727227715234,1.8372294902801514,0.12841595709323883,0.4401215,0.9498562093877541,1.7420941591262817,0.2847497761249542,0.3372776,0.9549364679006747,1.6222161054611206,0.12268000096082687,0.33700186,0.9485216175692774,1.4099934101104736,0.3074726462364197,0.18640232,0.9650605165088413,1.4339189529418945,0.09960967302322388,0.49217555,0.9930559963834759,1.7319145202636719,0.22304774820804596,0.37631693,0.9776301998289402,1.433652400970459,0.10438579320907593,0.50250083,0.9941518569091302,1.946711778640747,0.20709779858589172,0.28783303,0.9742254610498513,1.982067584991455,0.11182545870542526,0.39945382,0.9882359924136828,2.117861032485962,0.20488005876541138,0.29067883,0.9726582337790523,1.9685348272323608,0.21738076210021973,0.31796828,0.9719760332409006,2.029834747314453,0.09208061546087265,0.40085015,1.0109598437290308,2.339942216873169,0.19313779473304749,0.4977701,0.9408051014849468,1.8875067234039307,0.23429922759532928,0.42195678,0.9205218618992674,1.8409334421157837,0.2687112092971802,0.31767955,0.9097185596657769,1.6391987800598145,0.2787456810474396,0.51867557,0.8496696089437525,2.2059333324432373,0.6198400259017944,0.46691546,0.38822822620556824,1.6971375942230225,0.21807861328125,0.17321754,0.278441065281548,1.8587340116500854,0.19245591759681702,0.1575661,0.4472568049359244,2.469834089279175
0,0.049062542617321014,0.2238276,0.7367641114991705,3.2550771236419678,0.020214831456542015,0.17127483,0.5446395164274981,2.4348366260528564,0.0004494721069931984,0.14420567,0.3134599696093789,1.6836175918579102,0.10785630345344543,0.36977914,0.9632544996634347,1.8648631572723389,0.18885892629623413,0.27784148,0.946114575360287,1.9474124908447266,0.11347382515668869,0.3986107,0.9481100093594803,1.6594027280807495,0.20417433977127075,0.3117017,0.9527409490665274,1.8435161113739014,0.10814576596021652,0.27929834,0.9550478850288346,1.8134589195251465,0.27900803089141846,0.21191089,0.9584435191593706,1.5564744472503662,0.06650706380605698,0.51843673,0.9790336793251592,1.8588073253631592,0.14128150045871735,0.31430623,0.9687008520094719,1.755285382270813,0.061046358197927475,0.5830067,0.9912612626583751,2.131150722503662,0.17657113075256348,0.26877823,0.9642917563748288,2.2102904319763184,0.08271951228380203,0.39175743,0.9784300541240658,1.7715803384780884,0.137211412191391,0.26782522,0.966475807928836,2.4130096435546875,0.13439197838306427,0.35101086,0.9741898884773651,2.1577820777893066,0.03421290963888168,0.39639476,1.0008645484559304,2.3657963275909424,0.07833988964557648,0.4705147,0.9560226693541357,1.7331066131591797,0.08279979228973389,0.47466278,0.949141245512395,1.9056010246276855,0.13104148209095,0.34780452,0.9674489651190867,1.8981322050094604,0.12732410430908203,0.49770874,0.9229979159839298,2.411604404449463,0.4950035810470581,0.49737623,0.5019585558109747,2.3410937786102295,0.22607329487800598,0.16953932,0.41005312899469987,2.516313314437866,0.12724854052066803,0.15211359,0.69311913561785,3.5103886127471924
0,0.03819660842418671,0.21770127,0.751044191268013,2.5416083335876465,0.013735569082200527,0.114772975,0.5606199933691323,1.633880376815796,0.00034913280978798866,0.09487677,0.32250834126068156,1.2868685722351074,0.1338196098804474,0.3018872,0.96629661896717,1.6376479864120483,0.209889218211174,0.22208098,0.9460948636350841,1.7628850936889648,0.12246216088533401,0.32409915,0.9199472869449341,1.769360065460205,0.2594020664691925,0.24394712,0.9590419354681401,1.569178581237793,0.12943892180919647,0.23756608,0.9288987140682956,1.5641350746154785,0.31397855281829834,0.17348118,0.9726936402878762,1.4843252897262573,0.11094139516353607,0.39161122,1.0060274447615636,2.2204010486602783,0.20963984727859497,0.23156497,0.9888458767026197,1.7748740911483765,0.14760595560073853,0.42161477,1.0399094421996162,2.2258355617523193,0.23452764749526978,0.19969524,0.9885338338967627,2.1587891578674316,0.13434089720249176,0.27014607,1.0022039511970584,2.419145107269287,0.22145015001296997,0.19775699,0.9843639761322406,1.9936728477478027,0.21234965324401855,0.2657784,0.9949742190794587,2.013605833053589,0.1838049590587616,0.39483127,1.0396815157911203,2.1348178386688232,0.22498995065689087,0.42948264,0.9360762525720759,2.3491528034210205,0.23613512516021729,0.41327837,0.9193023202985335,2.239159345626831,0.25354039669036865,0.31857204,0.9479076177819638,1.9033125638961792,0.32554665207862854,0.39877293,0.8480858128522432,2.4347126483917236,0.5703177452087402,0.47359598,0.4888872532144777,2.0091328620910645,0.2411610186100006,0.22186352,0.4013195042280071,2.2578234672546387,0.13063445687294006,0.21977407,0.6606537565300956,3.25525164604187
0,0.041855037212371826,0.24529895,0.7272767890145966,3.2120277881622314,0.022346127778291702,0.18054694,0.5434698755287994,2.4907102584838867,0.0009196934988722205,0.1479367,0.31243635010278564,1.6255426406860352,0.0970708355307579,0.3818474,0.9628426589020238,1.7976648807525635,0.1857984960079193,0.3064796,0.9450320780183492,2.140857458114624,0.10828693956136703,0.4148524,0.9487302603457813,1.8408335447311401,0.18209010362625122,0.36711302,0.9516154328424503,2.0413341522216797,0.10847286134958267,0.28925475,0.9535210859406091,1.9098420143127441,0.26091787219047546,0.21169205,0.9558321495620249,1.7561676502227783,0.05197405442595482,0.50952077,0.9801471470380513,1.982285737991333,0.16137902438640594,0.31361958,0.9671075022809345,1.5937588214874268,0.10587573051452637,0.5352996,0.9925268160404573,1.9137612581253052,0.1534784585237503,0.28560346,0.9638666715329817,2.2241768836975098,0.07862664759159088,0.42601103,0.9807806684959682,2.43869948387146,0.1282384842634201,0.2863405,0.9651016174375587,2.2595458030700684,0.11111631244421005,0.3410835,0.9732113038083738,2.1990890502929688,0.040842536836862564,0.40008327,1.0003398183354573,1.9387916326522827,0.07902450859546661,0.47592574,0.9593281667552532,1.9796416759490967,0.08175817131996155,0.5299909,0.9522817057812543,1.903849482536316,0.11679006367921829,0.3589642,0.9709855991191559,2.0194904804229736,0.13435715436935425,0.54123765,0.9282358721342016,2.3569979667663574,0.4864463210105896,0.4908173,0.4942843848911241,2.3316078186035156,0.22293396294116974,0.17036511,0.39723012692426596,2.493866205215454,0.14336153864860535,0.14246877,0.6840685437620443,3.496422529220581
0,0.05708494037389755,0.23616944,0.7294083781719898,3.2323482036590576,0.021963778883218765,0.18775217,0.5392193452167537,2.4864561557769775,0.0007476462633349001,0.15210237,0.31396330732146804,1.703455924987793,0.11563660949468613,0.37376735,0.9621144682792654,1.7247400283813477,0.18721497058868408,0.3084525,0.9445354627406326,2.121037721633911,0.11092525720596313,0.41992933,0.9495792400927899,1.8875236511230469,0.1856948435306549,0.36702976,0.9513348016141915,1.9619157314300537,0.0990619882941246,0.2699173,0.9539641282615359,1.9318137168884277,0.27082544565200806,0.22219732,0.9552243458942052,1.729577898979187,0.056245964020490646,0.5218898,0.9787538852974019,2.0434744358062744,0.17514961957931519,0.33320844,0.9660343422147495,1.5765228271484375,0.07175406813621521,0.55570614,0.9912954563207426,2.3260488510131836,0.16230322420597076,0.3042786,0.9629514618185294,1.9595757722854614,0.07876811176538467,0.44056442,0.9790101109945807,2.2578012943267822,0.12784093618392944,0.30691338,0.9632462036283219,2.4384171962738037,0.1430850476026535,0.34405506,0.9715171946457849,2.445986032485962,0.04606708511710167,0.40920335,1.0018913252908908,2.1349101066589355,0.08011656254529953,0.48988652,0.9606690855774578,1.9412096738815308,0.08253247290849686,0.5078566,0.9524681114191413,1.808443546295166,0.11023952811956406,0.33688253,0.9684414398079692,2.0468616485595703,0.13615824282169342,0.5328695,0.9289229874801641,2.457101583480835,0.5044947862625122,0.4856626,0.48981196781085257,2.309565544128418,0.22924178838729858,0.17829345,0.3935087969379317,2.4758403301239014,0.13069170713424683,0.13727964,0.681743874204308,3.4921557903289795
0,0.0421622060239315,0.25574276,0.7289164615693123,3.130627393722534,0.014668133109807968,0.19042577,0.5320179369363576,2.3099112510681152,0.0009982058545574546,0.1465378,0.31383289544315374,1.761138916015625,0.1049111932516098,0.3761316,0.9640280788593965,1.7827551364898682,0.1565329134464264,0.28806305,0.9481886688126392,2.319601058959961,0.10153774917125702,0.40583357,0.9480877065604025,1.881882667541504,0.19522841274738312,0.344692,0.9582666014060357,1.9570679664611816,0.0898679792881012,0.28751695,0.9554337209262193,2.1125805377960205,0.28372707962989807,0.20141228,0.9594233143847751,1.5645776987075806,0.05953513830900192,0.4881178,0.9812309654212987,1.5975568294525146,0.15801343321800232,0.33030134,0.9698995836567251,1.7944788932800293,0.08567894250154495,0.5518589,0.9947074097046495,2.135263204574585,0.17698846757411957,0.28721628,0.96620176084993,2.2625482082366943,0.07738043367862701,0.3992574,0.9777830800231181,2.1262741088867188,0.15053141117095947,0.30603603,0.9669832826629237,2.4996817111968994,0.1582411378622055,0.35947794,0.9746396187864282,2.3098936080932617,0.05672512948513031,0.40175143,1.002087590728555,1.889922022819519,0.13675156235694885,0.45531258,0.9594622923706821,2.3291168212890625,0.09052158147096634,0.5197679,0.9512949368009059,1.9263073205947876,0.12522165477275848,0.3737964,0.9703242026601714,1.8529549837112427,0.14653204381465912,0.52571756,0.9261213754275375,2.517632484436035,0.5079216361045837,0.46806055,0.5080278257596148,2.2545652389526367,0.21985450387001038,0.17916119,0.42434848309035006,2.4220662117004395,0.14215730130672455,0.15971203,0.6955526778446851,3.490095376968384
0,0.06453681737184525,0.25791642,0.732738265800624,3.0286343097686768,0.01548956148326397,0.16140305,0.5395141496286338,2.2070937156677246,0.00024426577147096395,0.14110774,0.3141954118068123,1.4000568389892578,0.11169328540563583,0.35978097,0.9660644601540546,1.7232692241668701,0.1988094598054886,0.26737198,0.9505071151201604,1.8007981777191162,0.11299137026071548,0.41363892,0.9503964094875017,1.8460733890533447,0.22366981208324432,0.3284279,0.9583052787886305,2.0617568492889404,0.13958582282066345,0.2763463,0.9548594791583831,1.9441324472427368,0.3028547763824463,0.19768353,0.9607283146431733,1.4872066974639893,0.07046879827976227,0.47873208,0.9841542947919961,2.045241355895996,0.19109109044075012,0.3091024,0.972649682443424,1.3508950471878052,0.06960151344537735,0.5510402,1.0026868844981003,2.3169991970062256,0.18987147510051727,0.25334173,0.9707184578796657,2.1765034198760986,0.09542514383792877,0.37842304,0.985611161868347,2.11625075340271,0.1589074283838272,0.26845303,0.9698083804367712,2.2372477054595947,0.1674778014421463,0.32423165,0.9790021788216058,2.1371312141418457,0.05427945405244827,0.39125648,1.0097514497221896,2.114513874053955,0.11440731585025787,0.47689155,0.960798138568426,1.9335033893585205,0.11201438307762146,0.4608055,0.9508581403651035,1.8737282752990723,0.13942204415798187,0.34056494,0.9747012152498129,1.704157829284668,0.20238979160785675,0.48680744,0.9244751832065399,2.411797046661377,0.5531105995178223,0.47333035,0.48507776108242634,2.1755950450897217,0.2420012503862381,0.18565997,0.4053924413241603,2.3431849479675293,0.14764977991580963,0.1648441,0.6834580799206782,3.4598097801208496
0,0.0399773083627224,0.23544118,0.7268059880198177,3.075242519378662,0.016737867146730423,0.15713179,0.5354512117679895,2.283647060394287,0.0007173320627771318,0.12460593,0.31528130025980455,1.4517854452133179,0.10330137610435486,0.3698491,0.9645553812457182,1.8160873651504517,0.1817428022623062,0.29437062,0.948260737864963,1.9584650993347168,0.11114943772554398,0.40024906,0.9458384033266177,1.699305534362793,0.21832258999347687,0.3315294,0.9562546529125485,1.992891550064087,0.11856764554977417,0.27255628,0.9510343645349618,1.9354509115219116,0.2754252552986145,0.20094599,0.9576083309657388,1.531294584274292,0.06264026463031769,0.47897613,0.9801420863637549,1.833550214767456,0.15938211977481842,0.30640435,0.9705464568041637,1.7669250965118408,0.06892405450344086,0.5161193,0.9937810328424609,1.9948413372039795,0.1748829334974289,0.27165464,0.9671250239677311,2.281816244125366,0.071135975420475,0.37397292,0.9801689293758021,2.2921841144561768,0.129673033952713,0.26658496,0.966600848298496,2.053863763809204,0.12642864882946014,0.3224484,0.9743426963998624,2.2859549522399902,0.12162844091653824,0.3984043,0.9974117860565024,2.320955514907837,0.07652518898248672,0.48262697,0.9564743276179165,2.3854334354400635,0.08208879828453064,0.51464254,0.9501623017816684,1.9831933975219727,0.12168154865503311,0.36893097,0.9728097912715831,1.759575605392456,0.14697077870368958,0.5164058,0.9303436333843074,2.32641339302063,0.503492534160614,0.48011068,0.5028831684812496,2.3261752128601074,0.23157428205013275,0.18850584,0.4122846780781955,2.4475133419036865,0.13623914122581482,0.15913689,0.6949409909314035,3.543531656265259
0,0.03735066205263138,0.26518548,0.7446044260329908,2.769871473312378,0.01631948910653591,0.15571333,0.5517197596986829,1.942548155784607,0.00040347466710954905,0.12936057,0.3151916845438945,1.0519779920578003,0.11941694468259811,0.33342472,0.969917486885453,1.7110826969146729,0.22125425934791565,0.25450197,0.9543104640074772,1.7619664669036865,0.13562102615833282,0.3573588,0.9481151881541002,1.7655953168869019,0.24254873394966125,0.25628585,0.9622332466003908,1.818529486656189,0.1334126889705658,0.25395882,0.950270633805403,1.6909559965133667,0.31009167432785034,0.17038512,0.9663079690873057,1.5262985229492188,0.09268560260534286,0.43063512,0.9988055351654478,1.8675353527069092,0.1821812391281128,0.27072495,0.9880502154648639,1.5069525241851807,0.11361654847860336,0.43509007,1.01791217065938,1.9731626510620117,0.22006148099899292,0.20991369,0.9779773710558892,2.2014174461364746,0.11549689620733261,0.270153,0.9937922868820092,2.227433443069458,0.20425766706466675,0.21646604,0.9769930385907177,1.9352548122406006,0.2029612809419632,0.22954956,0.9791279388745575,1.9913285970687866,0.13850946724414825,0.36911076,1.0112775745600344,2.147296667098999,0.18137210607528687,0.43808943,0.9504748597571968,2.008829355239868,0.15284451842308044,0.45556086,0.9374047083917704,1.8446624279022217,0.17900124192237854,0.30134457,0.9653147142353118,1.838719129562378,0.2507878839969635,0.43623734,0.8940846509195224,2.37519907951355,0.5613430738449097,0.5019005,0.4692506345598857,2.035033941268921,0.22811506688594818,0.23105724,0.39361865909861643,2.1652157306671143,0.13135173916816711,0.20358533,0.6422303677327913,3.224339246749878
0,0.05946766212582588,0.24366722,0.7342497131927873,3.1206469535827637,0.01642209105193615,0.16569686,0.5406216576272639,2.263852834701538,0.0009324604761786759,0.14884146,0.3124578348267257,1.3061246871948242,0.10763129591941833,0.36272192,0.9653022653516388,1.6614774465560913,0.17419981956481934,0.28987578,0.948856472071475,1.9052884578704834,0.11913777142763138,0.39977688,0.9490508595566356,1.574206829071045,0.19657647609710693,0.32559666,0.9552753916686482,2.2327721118927,0.11501897871494293,0.2785167,0.9534708190340113,2.0797066688537598,0.2949734926223755,0.20897625,0.9593255099802588,1.4765511751174927,0.0651308000087738,0.4877008,0.9839400822285329,2.0646681785583496,0.1625916063785553,0.31535938,0.9726527300842107,1.7120381593704224,0.0932948887348175,0.53772753,1.0001934889482929,2.4278905391693115,0.16729077696800232,0.27421558,0.9697605575397203,2.067681312561035,0.08560819923877716,0.40366808,0.9843744229900065,2.264888286590576,0.14601771533489227,0.31882632,0.9693345989529024,2.2794137001037598,0.14471791684627533,0.35511777,0.9749805235281841,2.157529354095459,0.056162990629673004,0.40785915,0.9997939128401545,2.158207654953003,0.10959179699420929,0.47583726,0.9557129388339988,2.135230779647827,0.09588882327079773,0.51468575,0.9484696224497554,1.8918898105621338,0.13716745376586914,0.3752736,0.9683750322513224,1.9383593797683716,0.18302682042121887,0.5206076,0.9230997682008815,2.4597432613372803,0.5201247334480286,0.47965932,0.4780739042587444,2.164712905883789,0.2260405421257019,0.18104656,0.3932620432201579,2.382878303527832,0.12862521409988403,0.14749146,0.6741948968960073,3.4553327560424805
0,0.028697878122329712,0.272663,0.7317641572477092,2.596113920211792,0.015114541165530682,0.13502422,0.5351524433851066,1.7735320329666138,0.000351532333297655,0.11822709,0.31923961695362935,1.3483009338378906,0.1188979521393776,0.33431795,0.9700736809614129,2.04522442817688,0.19619423151016235,0.27782932,0.955617001540672,2.0008609294891357,0.11471810936927795,0.40105173,0.9417896423046357,1.6616582870483398,0.25211212038993835,0.3066722,0.9665640353873088,1.6115680932998657,0.15240047872066498,0.2468425,0.952079810221264,1.6933448314666748,0.29792776703834534,0.18865651,0.9718573027673532,1.707456111907959,0.11235364526510239,0.4299761,1.0010555949523157,2.4092867374420166,0.18605908751487732,0.30056024,0.9868178491020022,1.833257794380188,0.11519655585289001,0.53281695,1.0275898286825746,2.0321340560913086,0.21487848460674286,0.24256691,0.9883078231292517,2.2174718379974365,0.10810624808073044,0.34973922,1.0018256121998936,2.3749942779541016,0.21395182609558105,0.2194874,0.983649978563917,1.8442494869232178,0.22207863628864288,0.24819249,0.9932367901241366,2.0436649322509766,0.15064415335655212,0.38370547,1.0286713198166577,2.5392751693725586,0.165315642952919,0.47115275,0.9567888621197442,1.934866189956665,0.17497436702251434,0.4170008,0.9472295595947172,2.0356884002685547,0.21106913685798645,0.31922075,0.9707205716518419,1.7353984117507935,0.2907295525074005,0.4475046,0.8989106584254413,2.3915114402770996,0.6336315870285034,0.46243107,0.4669661755907859,1.8492250442504883,0.2734828293323517,0.22891517,0.38526725588006683,2.218862533569336,0.14911185204982758,0.20655793,0.6635754702161827,3.2763683795928955
0,0.046889450401067734,0.24331929,0.7317011367522855,3.0901052951812744,0.022584449499845505,0.16910382,0.5385822506864492,2.2907261848449707,0.0005039957468397915,0.14855199,0.3180348841852324,1.3603171110153198,0.11653519421815872,0.36830333,0.9661789146573708,1.7557867765426636,0.19776761531829834,0.28123045,0.9487722912200826,1.8938733339309692,0.11873108893632889,0.40736917,0.9488154120596302,1.652768850326538,0.20192758738994598,0.33498907,0.9558749665372118,2.130305528640747,0.1163923442363739,0.27538866,0.9552725371216627,1.962822437286377,0.30286774039268494,0.21419917,0.9604235442312534,1.5416431427001953,0.057358574122190475,0.49416918,0.9831636642262048,2.1116409301757812,0.16431620717048645,0.3291631,0.9712214703772291,1.5809690952301025,0.07890308648347855,0.56550986,1.0003693002811798,2.4550728797912598,0.18716202676296234,0.29279166,0.9695628212366121,2.2527525424957275,0.08441758900880814,0.41299745,0.9837737488094944,2.4911434650421143,0.14573132991790771,0.29176986,0.9682127302677155,2.2763259410858154,0.14220371842384338,0.3572169,0.9770983883305062,2.2112083435058594,0.05245944857597351,0.4105079,1.005694863941161,2.446648359298706,0.09197408705949783,0.4773339,0.9573997252107014,1.9415546655654907,0.09224878996610641,0.5213288,0.9489023910849909,1.902302622795105,0.14179052412509918,0.35944885,0.9711473574001873,2.0526845455169678,0.17000481486320496,0.5299036,0.927563911967019,2.481142997741699,0.5196590423583984,0.4812092,0.48807892989771995,2.186250686645508,0.22089792788028717,0.19070616,0.40080231414476913,2.449601650238037,0.13496272265911102,0.15306029,0.6817906957347432,3.4010117053985596
0,0.05518769845366478,0.27509972,0.7298889794667857,2.9532530307769775,0.01126425713300705,0.15432194,0.5340177536228379,2.0837342739105225,0.00011076810187660158,0.14427894,0.3176615360392855,1.2802131175994873,0.1210535541176796,0.35808524,0.9675788727785519,1.6725726127624512,0.2035965621471405,0.2849275,0.9520399173140429,2.0964925289154053,0.12565569579601288,0.38136223,0.9488202177552599,1.7437688112258911,0.22514007985591888,0.29990473,0.9610643187938479,1.8227519989013672,0.15554943680763245,0.26639703,0.9537891478153825,1.7378334999084473,0.2800179123878479,0.19379936,0.9624482913785022,1.606558918952942,0.07070980221033096,0.44115642,0.9848334993448925,2.1185693740844727,0.1723518669605255,0.29162496,0.9773953494828881,1.6341854333877563,0.09846901893615723,0.42420372,1.0061148830545086,1.7496598958969116,0.17365014553070068,0.23896018,0.9748788840189051,2.1975152492523193,0.10466620326042175,0.2832912,0.9908499463390605,2.2149159908294678,0.16015197336673737,0.2560495,0.9754412436436427,2.174124002456665,0.1750916987657547,0.26856786,0.9844976330760506,2.042951822280884,0.10139502584934235,0.37438127,1.02006495560121,2.172123670578003,0.13418716192245483,0.45297533,0.9726074465367174,2.1481261253356934,0.12404114007949829,0.47737315,0.9672244109687981,2.06510853767395,0.1440102458000183,0.33987287,0.9931582675920548,1.7153263092041016,0.22220438718795776,0.4997024,0.9335903917717551,2.501582622528076,0.5636079907417297,0.48218066,0.48796867918000836,2.124478340148926,0.23207171261310577,0.18192475,0.4140139303982536,2.3969221115112305,0.1489170491695404,0.1657036,0.6931248838559678,3.4941632747650146
1,0.039211876690387726,0.2357392,0.7513234138620497,2.761058807373047,0.007214691024273634,0.14600019,0.5634066005540875,1.9827955961227417,0.00024330869200639427,0.12312805,0.3259926020159812,1.112566351890564,0.11906442791223526,0.32429948,0.9678950324618718,1.744228720664978,0.18728847801685333,0.25175256,0.9525176846734544,1.7496131658554077,0.11324390769004822,0.36507547,0.9407938323599628,1.553381085395813,0.26066914200782776,0.2626121,0.9641344364831163,1.7597428560256958,0.14549584686756134,0.24725895,0.9479179178362065,1.5169470310211182,0.3054988384246826,0.16599761,0.9713123381693417,1.5446741580963135,0.08845292031764984,0.41619155,1.0002326456723405,1.6383774280548096,0.1960659772157669,0.29271686,0.984656350655007,1.7733066082000732,0.10015490651130676,0.49443817,1.0142102694396742,2.3865163326263428,0.21235089004039764,0.22062156,0.9815339970417216,2.283557176589966,0.1334988921880722,0.30754206,0.9938332959170989,2.284132719039917,0.2078568935394287,0.24466437,0.9818056694802659,2.02545166015625,0.2200261950492859,0.26268488,0.9838485624726607,2.0526528358459473,0.14335393905639648,0.3954366,1.0058141627371717,2.2476754188537598,0.1952827423810959,0.3911284,0.9316106355228905,2.1715502738952637,0.18088635802268982,0.3843944,0.9053480525902518,2.0749893188476562,0.2097412496805191,0.29409942,0.9412315892847596,1.8491885662078857,0.272160142660141,0.44378436,0.8777984352848787,2.4982314109802246,0.5579997897148132,0.4905349,0.4674770440145021,1.9915082454681396,0.21866941452026367,0.21351033,0.3856608977869407,2.135960102081299,0.1362484246492386,0.1950199,0.6456422595693236,3.2798044681549072
0,0.04695327952504158,0.24607287,0.7520726146266554,3.1577248573303223,0.026525700464844704,0.21484141,0.5846370808742372,2.437180757522583,0.0006791313062421978,0.14658432,0.3134080519984369,1.394100308418274,0.10531765222549438,0.41335422,0.9654993867691389,1.6587731838226318,0.1891096830368042,0.33860442,0.9508194655968849,1.7242000102996826,0.10175753384828568,0.41953442,0.9501503192016592,1.8558634519577026,0.26387959718704224,0.33121338,0.9527978003290604,1.874450445175171,0.09326790273189545,0.38892362,0.9550371588550843,1.326906681060791,0.298147976398468,0.2140499,0.9614331703937444,1.5720696449279785,0.06149169057607651,0.49744838,0.9838839741848957,2.0877137184143066,0.15782430768013,0.35034305,0.9716146357880149,1.856581211090088,0.0700296014547348,0.5567455,0.9879898510754964,2.3095343112945557,0.17430151998996735,0.30760562,0.97022627711336,1.726172924041748,0.08523643761873245,0.3913432,0.9833694545868515,2.131408929824829,0.1736942082643509,0.31143472,0.9719486609179006,2.0148630142211914,0.18593831360340118,0.32048556,0.9659063663802194,2.032325506210327,0.04611620306968689,0.41030324,0.9941563681543778,2.038869857788086,0.14771416783332825,0.48450413,0.9393317708826665,1.8924524784088135,0.168236643075943,0.43290314,0.9277719469544077,1.7737170457839966,0.22573958337306976,0.31571087,0.9158634789622906,1.807847499847412,0.2109004408121109,0.48413533,0.8737900316744605,2.4539310932159424,0.6059429049491882,0.48025104,0.4269017521044697,1.7930641174316406,0.2342808097600937,0.1680615,0.2868062562237633,2.0719289779663086,0.18850280344486237,0.12428718,0.482003615544746,2.72420072555542
0,0.072135329246521,0.25928196,0.720854803891904,3.205447196960449,0.023178353905677795,0.19988804,0.5309299450261598,2.427802801132202,0.0005574627430178225,0.15466231,0.31230680817205453,1.8904191255569458,0.09719283878803253,0.39676407,0.9618758346270855,1.9687995910644531,0.1750527024269104,0.30179244,0.9441692520491612,1.9901553392410278,0.09479178488254547,0.44207296,0.9508472293917425,2.219961166381836,0.16441361606121063,0.37607968,0.9527278043465063,2.1958069801330566,0.1207454726099968,0.2850372,0.9531992707494067,2.3290205001831055,0.3083365559577942,0.20965578,0.9526744189150631,1.5620619058609009,0.05608709529042244,0.5062302,0.9783399567701654,1.840665578842163,0.16043159365653992,0.33318368,0.9662315643077533,1.6449236869812012,0.07319270074367523,0.56308645,0.9962035972680013,2.4435746669769287,0.19711540639400482,0.2857571,0.9645151379318395,2.34228515625,0.06694699078798294,0.39767542,0.9811508463196945,2.352451801300049,0.1331607699394226,0.2731362,0.964442884647461,2.309723138809204,0.1372687667608261,0.39399543,0.9728192578617304,2.089639902114868,0.03852425143122673,0.38846222,1.000645931265004,2.2744462490081787,0.0853700190782547,0.48321262,0.9635255608295689,1.9258270263671875,0.08266572654247284,0.48139384,0.9575354024868926,1.884729266166687,0.10498766601085663,0.37230366,0.9744570642564747,2.026804208755493,0.12930794060230255,0.5322322,0.9336683868400348,2.470489501953125,0.4978533983230591,0.51033825,0.4924353260764989,2.37612247467041,0.2243724763393402,0.1729218,0.4079575634064779,2.5133514404296875,0.14187198877334595,0.15178366,0.6906968993925083,3.505915403366089
0,0.04602819308638573,0.24178228,0.7513462231812431,2.8565776348114014,0.009608925320208073,0.14020823,0.5582851814447002,2.00626277923584,0.00048274887376464903,0.11233326,0.3199287642704989,1.0832555294036865,0.12755168974399567,0.3404129,0.9690795879955052,1.4710487127304077,0.17075984179973602,0.2537784,0.9521379681785243,1.931260108947754,0.0982016921043396,0.36123794,0.9401135079674328,1.8198883533477783,0.23627766966819763,0.26404527,0.9648060147726876,1.6530461311340332,0.10769806802272797,0.25676733,0.9498423602341007,1.835133671760559,0.29047098755836487,0.18613684,0.9702515687380161,1.3987551927566528,0.08168743550777435,0.44875216,0.9958563492935204,2.1097679138183594,0.1694653183221817,0.2891058,0.9807787327541363,2.024421453475952,0.1011146605014801,0.49691594,1.0034404463409237,2.1133620738983154,0.19530470669269562,0.22945179,0.975423362548912,2.24666690826416,0.10750208050012589,0.3526783,0.9841106862125997,2.275933265686035,0.17901550233364105,0.25303647,0.9740556196857822,2.280477523803711,0.2015548199415207,0.3039222,0.9792449610836317,2.104809522628784,0.13373449444770813,0.37985125,1.0090519577663903,2.063225030899048,0.16514183580875397,0.435162,0.948621511629415,2.3357291221618652,0.15537148714065552,0.46110573,0.9343605176742729,1.978198528289795,0.19733771681785583,0.31101707,0.9583866592651599,1.7832814455032349,0.2348666489124298,0.45561197,0.897931986522499,2.5486249923706055,0.5212831497192383,0.4921479,0.48738108517115575,2.216978073120117,0.1881265640258789,0.21605133,0.4144674731015043,2.2680068016052246,0.12430110573768616,0.2055472,0.6618884649335701,3.298099994659424
0,0.03965947777032852,0.23625311,0.7222509038137482,3.078587532043457,0.018819479271769524,0.15852633,0.5286972484635415,2.3282856941223145,0.0004336517013143748,0.13421167,0.3154029414068418,1.5711382627487183,0.09987980127334595,0.36896056,0.9645439834907515,1.736847996711731,0.1780146062374115,0.29192838,0.9474392716994383,1.984837293624878,0.10821779817342758,0.40250683,0.9464843336326898,2.224903106689453,0.19236409664154053,0.33196282,0.9557453022227409,2.118276834487915,0.11668035387992859,0.27145693,0.9516726486774852,2.106090545654297,0.2912806570529938,0.19768612,0.9563544623938321,1.4897894859313965,0.06454034894704819,0.48719049,0.9796928090600855,2.0181217193603516,0.1620137095451355,0.31547472,0.9693023263822472,1.5897918939590454,0.07115187495946884,0.54635507,0.9944453349203283,1.7168569564819336,0.19474652409553528,0.27986488,0.9665830490443622,2.3411829471588135,0.08290072530508041,0.3816672,0.9810120529447605,2.229031562805176,0.13191856443881989,0.24431048,0.9659389174242513,2.1746985912323,0.12399974465370178,0.31464154,0.973526669034301,2.213559150695801,0.1001286432147026,0.40261278,0.9973657486973654,2.123366117477417,0.08214796334505081,0.48391008,0.9578904193058669,2.2346601486206055,0.07694360613822937,0.5017646,0.9535680262896693,2.0073764324188232,0.11554152518510818,0.3751587,0.9730635555376899,1.8466637134552002,0.12772603332996368,0.5229419,0.9319842648985807,2.5221800804138184,0.49615979194641113,0.47677356,0.5055468242105687,2.2807626724243164,0.24915193021297455,0.1866705,0.41610844748518283,2.3723843097686768,0.138137087225914,0.1597621,0.692099046462807,3.5232717990875244
1,0.041672371327877045,0.2574721,0.7396463831509604,2.762737989425659,0.006291808560490608,0.13123952,0.553898494421354,1.9430313110351562,0.00025214796187356114,0.114530176,0.3232979554880419,1.2034796476364136,0.12697650492191315,0.336605,0.9678757183304114,1.553178071975708,0.20289446413516998,0.24166061,0.9515489088230064,1.6694774627685547,0.11370140314102173,0.37284404,0.9405722669432042,1.7472493648529053,0.25835734605789185,0.27774867,0.9636814436166682,1.858544111251831,0.15840892493724823,0.24410877,0.9503682027876698,1.8363488912582397,0.30338796973228455,0.18465218,0.970386070743418,1.4627643823623657,0.0786975845694542,0.4408224,0.996309693610772,2.0146327018737793,0.19268125295639038,0.25958753,0.984768775702953,1.6677424907684326,0.11431057751178741,0.47828192,1.014772047313008,2.0058460235595703,0.194980189204216,0.22529346,0.9841939105905169,2.1244771480560303,0.1027461364865303,0.3516555,0.9951854925854792,2.306786060333252,0.18117249011993408,0.25874695,0.9793999546996075,2.2620644569396973,0.19278624653816223,0.2843831,0.9823037103353086,2.134199619293213,0.11958745867013931,0.40601057,1.019027555768165,1.9099643230438232,0.16548509895801544,0.48253897,0.9488457642973285,1.8579843044281006,0.1482698619365692,0.45360917,0.9442266956145513,2.0162863731384277,0.20038048923015594,0.33693096,0.9575443922990583,1.8641465902328491,0.2598269581794739,0.46840835,0.8925856124157097,2.494206428527832,0.5760396718978882,0.5252508,0.456864556876305,1.997830867767334,0.2348809838294983,0.2165782,0.38584608046784097,2.1483309268951416,0.13913434743881226,0.19048893,0.6626907291398687,3.2548975944519043
0,0.03501668944954872,0.2262292,0.7429515131274941,2.6824281215667725,0.012973553501069546,0.11698032,0.5490942720749244,1.830958604812622,0.00012271958985365927,0.10915463,0.3169935839826282,1.0711232423782349,0.13181889057159424,0.32170773,0.967014582862347,1.8399324417114258,0.19771507382392883,0.23409113,0.9533850031334078,1.7313323020935059,0.1073993518948555,0.35881793,0.9412687234304049,1.6631567478179932,0.24622619152069092,0.25718033,0.9674082276164321,1.6792441606521606,0.1355362832546234,0.23798752,0.9489534636024616,1.6862982511520386,0.29070916771888733,0.17106871,0.9730809860627081,1.4909918308258057,0.10700234025716782,0.41520244,0.9992282513671683,1.900256872177124,0.20657987892627716,0.25277624,0.9892521858525768,1.7262564897537231,0.11500903218984604,0.43824896,1.026425019508145,2.133168935775757,0.19864347577095032,0.1979175,0.9861174473400722,2.3205792903900146,0.11251521110534668,0.2646197,0.9956640515959281,2.4796876907348633,0.21714481711387634,0.18344177,0.9783965679463325,2.078941583633423,0.20050165057182312,0.24802405,0.9851681604030033,2.0894486904144287,0.14537817239761353,0.39638984,1.0301019528355928,2.2311148643493652,0.20201382040977478,0.43350926,0.9451239504504078,2.0221517086029053,0.19202202558517456,0.4534827,0.9308281973578184,1.9451924562454224,0.20990091562271118,0.29238728,0.9576915936213832,1.886248230934143,0.2928282916545868,0.39065796,0.8770156715454933,2.430145025253296,0.5359973907470703,0.4410063,0.4798284460335633,2.102701425552368,0.21887162327766418,0.21284944,0.41318611935624056,2.3961594104766846,0.12988467514514923,0.20754899,0.6559472294178604,3.2826199531555176
0,0.029413830488920212,0.26069814,0.7391318092938469,2.9651551246643066,0.021396687254309654,0.1340827,0.552504348135471,2.11783504486084,0.00041908197454176843,0.13164033,0.32058600327952685,1.0705366134643555,0.11328809708356857,0.3349463,0.9674135691961004,1.735002875328064,0.1824750155210495,0.24259233,0.9506859448684225,1.6796422004699707,0.1057548001408577,0.37204757,0.9404060611519949,1.6875250339508057,0.2391946166753769,0.28699857,0.9582597104078059,1.7672642469406128,0.11609703302383423,0.24194762,0.9475633734024707,1.759067177772522,0.30823442339897156,0.18131597,0.9648677365537258,1.4295157194137573,0.07100279629230499,0.44021812,0.9875285050549782,2.051525831222534,0.16531480848789215,0.27398163,0.9753160854263069,1.8190789222717285,0.0745510682463646,0.48994225,0.9996697521173081,1.9761302471160889,0.2026349902153015,0.23105441,0.9726602071960939,2.210690975189209,0.09246651828289032,0.33279395,0.9865076366818271,2.5008535385131836,0.18753965198993683,0.2236098,0.9704180346302964,2.0966567993164062,0.14422401785850525,0.28841826,0.976862916342599,1.8464715480804443,0.07707181572914124,0.41455895,1.0092308463165438,2.4891576766967773,0.1148308664560318,0.45729917,0.9433080835497052,2.351654052734375,0.11088148504495621,0.4717018,0.9327121437847444,2.1231932640075684,0.15774227678775787,0.3413631,0.9555083352648563,1.8166028261184692,0.19128528237342834,0.4522998,0.9007881393134081,2.5395843982696533,0.5300799608230591,0.50166595,0.49717603977028313,2.1190083026885986,0.25523799657821655,0.19964057,0.4000775267027372,2.3294575214385986,0.13653169572353363,0.16898158,0.6504416010495211,3.262586832046509
0,0.039274148643016815,0.26732427,0.7261805635395945,2.892385244369507,0.018154561519622803,0.18074532,0.5345242001557361,2.1161327362060547,0.00020484825654421002,0.15134788,0.3124332725644404,1.3229395151138306,0.1276104897260666,0.37236196,0.9678966034752133,1.8051390647888184,0.2241862565279007,0.27433512,0.9517395616052594,1.9261882305145264,0.12613244354724884,0.38730624,0.9487610136738568,1.6732257604599,0.2252967357635498,0.30430862,0.9606538720190367,1.8997784852981567,0.12295851856470108,0.27589747,0.9540828779473123,1.8605061769485474,0.2916736602783203,0.18859601,0.9612130440458148,1.6466715335845947,0.07677048444747925,0.46249816,0.9888366679815191,2.096860647201538,0.15783733129501343,0.31130517,0.9788450107820099,1.7353109121322632,0.07653316110372543,0.54774016,1.010213588622086,2.0538737773895264,0.19674158096313477,0.2436038,0.9717377494253873,2.334505081176758,0.10797473043203354,0.34922475,0.9889835114605775,1.7868015766143799,0.16427989304065704,0.25948653,0.9723049380081935,2.285518169403076,0.19133536517620087,0.27978188,0.9785974055175899,1.9900753498077393,0.07692401111125946,0.3638227,1.0073449513785773,1.9168901443481445,0.11279620230197906,0.48266742,0.9588250488847329,1.9666763544082642,0.11380622535943985,0.45998994,0.9524132972765821,1.8767629861831665,0.1510319858789444,0.3263604,0.9769884904240683,1.8181853294372559,0.19526328146457672,0.48136288,0.9171077191486268,2.5888426303863525,0.5610539317131042,0.5104198,0.48828391313863423,2.1248624324798584,0.2259698063135147,0.20334584,0.40319026995528745,2.3076086044311523,0.13728846609592438,0.18489994,0.6638856524665613,3.3328516483306885
0,0.04584098979830742,0.22853729,0.7411243689461365,3.203183174133301,0.027097778394818306,0.1668929,0.5593475899638454,2.4816019535064697,0.0007436463492922485,0.15101314,0.32113667535735413,1.4284021854400635,0.11445314437150955,0.35726053,0.9653945937372547,1.7217724323272705,0.19727732241153717,0.25654465,0.9475581030544179,1.926581621170044,0.09899073094129562,0.39957908,0.9505255091815763,1.7026575803756714,0.20811530947685242,0.3100559,0.9532040520502312,1.9733566045761108,0.11883728951215744,0.28223655,0.9539748612650693,1.9531091451644897,0.27669623494148254,0.19953111,0.9587616509512463,1.37118661403656,0.0556068941950798,0.4941735,0.9827547290935983,2.1879196166992188,0.16870252788066864,0.2877873,0.9695755103165358,1.5617173910140991,0.08108723163604736,0.570232,0.9957819961816163,2.2284507751464844,0.1545032113790512,0.26216432,0.9671308990547659,2.2599339485168457,0.10403469949960709,0.40218234,0.982737746039581,2.3292672634124756,0.13299350440502167,0.26046094,0.9677840492290509,2.421863079071045,0.16132856905460358,0.33136165,0.974056463833871,1.9130619764328003,0.03559479862451553,0.39395252,1.0058042871529098,1.952278733253479,0.08620418608188629,0.47853625,0.9539284800466532,1.9370737075805664,0.08120014518499374,0.46362883,0.9460062850416521,1.9996525049209595,0.13928279280662537,0.34762436,0.9633535780289295,1.965440034866333,0.16936148703098297,0.50502855,0.920107043641669,2.4515974521636963,0.514001727104187,0.50085896,0.4888848697166755,2.239006280899048,0.23794083297252655,0.17226517,0.3975688523818431,2.4281716346740723,0.14698420464992523,0.14170022,0.681662867956339,3.47653865814209
1,0.026682481169700623,0.23880987,0.7432384537934031,2.676149845123291,0.0076880427077412605,0.13757765,0.557390467289757,1.9492814540863037,0.00021737579663749784,0.12335849,0.3175199139945793,0.8974506855010986,0.10925435274839401,0.32839736,0.9657551846887455,1.618093490600586,0.15900538861751556,0.24590547,0.9523869950763635,1.735987901687622,0.11125361174345016,0.35985655,0.9410223621415655,1.773747205734253,0.2561388313770294,0.25706813,0.964310179540689,1.6877903938293457,0.12644705176353455,0.2525488,0.953112922566872,1.476501226425171,0.30319744348526,0.17485476,0.9715105816109979,1.639449119567871,0.08204622566699982,0.44176954,0.9996009710067364,2.1131973266601562,0.20300838351249695,0.29640105,0.9873113755314213,1.7898874282836914,0.11643265187740326,0.50430214,1.0135065985889644,2.0202274322509766,0.20801110565662384,0.2237265,0.9787731186608629,2.1048898696899414,0.11092130094766617,0.3353608,0.9909163765992878,2.1321520805358887,0.2040995955467224,0.2316049,0.9773635827209369,1.9294687509536743,0.23483486473560333,0.29946998,0.9850971052349046,1.9425517320632935,0.1372929960489273,0.3863187,1.002917244904316,2.1562137603759766,0.1985083520412445,0.4202613,0.9378594436299644,2.152944564819336,0.171909898519516,0.43389812,0.9173151531620299,2.1508636474609375,0.2139248549938202,0.3212446,0.9518598230763129,1.8517770767211914,0.27091673016548157,0.43855354,0.8918161299857469,2.4955079555511475,0.5849273204803467,0.5206677,0.48587431754207927,1.975547194480896,0.20711873471736908,0.20936657,0.38594958654109096,2.130793571472168,0.1336727887392044,0.19089654,0.6340424624578699,3.1510283946990967
0,0.03748396411538124,0.2581988,0.7348301559893987,2.660451889038086,0.009767343290150166,0.15145381,0.5538352634832413,2.001559257507324,0.00017964748258236796,0.11603087,0.3195083641830792,0.8205258846282959,0.12077568471431732,0.33198786,0.9672735813690236,1.6269421577453613,0.19727618992328644,0.24975294,0.9514708511278617,1.7441482543945312,0.12885208427906036,0.36125538,0.9392893558684456,1.647482991218567,0.24887816607952118,0.2626275,0.9624544775028944,1.632094144821167,0.11443432420492172,0.24910837,0.9492935319384497,1.884253978729248,0.2988044023513794,0.17733625,0.9684726457647459,1.3958748579025269,0.0944102331995964,0.42044204,0.9971047848695824,1.9937138557434082,0.19382835924625397,0.27346435,0.9814293236654567,1.6822090148925781,0.10412590950727463,0.45107552,1.0015907793075012,1.9728260040283203,0.2007611095905304,0.22713934,0.9766420265598258,1.9770143032073975,0.10774922370910645,0.30591497,0.9868316193754554,2.05829119682312,0.2056887000799179,0.23530672,0.9758154441358047,2.2057976722717285,0.21136465668678284,0.27260265,0.9797629622878422,1.9279857873916626,0.1342639923095703,0.38963795,1.000282321566899,2.538440704345703,0.22768822312355042,0.42054918,0.9323782107789236,2.3538522720336914,0.15877753496170044,0.44106025,0.9013939510658358,2.168405771255493,0.20044690370559692,0.3080238,0.9369552333289054,1.8896641731262207,0.2688354551792145,0.45948106,0.8775029767935814,2.366128444671631,0.5546829700469971,0.49874264,0.4654745419803426,1.983983039855957,0.20238183438777924,0.21193236,0.3718996767207296,2.1030540466308594,0.14708788692951202,0.21266434,0.6274479967147906,3.0885329246520996
1,0.04009874537587166,0.2691548,0.7283235153920159,2.721282482147217,0.01014931034296751,0.14372315,0.5276150933149633,1.796104907989502,0.0001954269828274846,0.11865851,0.3117017366218873,0.9552496075630188,0.130332812666893,0.34065244,0.970264742490752,1.821679949760437,0.20214007794857025,0.27227345,0.9577808200907346,1.898327350616455,0.10956644266843796,0.3837655,0.9479776830075406,1.884708285331726,0.24164502322673798,0.29961294,0.9664676814161726,1.4981379508972168,0.11962804198265076,0.26526797,0.95529405507072,1.7237554788589478,0.3093743622303009,0.19537766,0.9688204332465329,1.5515888929367065,0.09376464784145355,0.42697084,0.9953221895903369,1.8073582649230957,0.17047934234142303,0.3115603,0.9820132556964212,1.9197139739990234,0.0981115996837616,0.5290775,1.019130257282744,2.2368860244750977,0.17187190055847168,0.25074267,0.9822933146636704,2.191023588180542,0.1181887686252594,0.36986607,0.9936706096924756,2.2849984169006348,0.18256710469722748,0.2759039,0.9801711207837811,2.2450859546661377,0.2150917947292328,0.30147842,0.988632548515231,1.8689897060394287,0.158504918217659,0.3865078,1.0232636138314553,2.4971752166748047,0.18833139538764954,0.4674636,0.9626611975626115,1.9681918621063232,0.14719869196414948,0.4430293,0.9501569764188653,2.0322153568267822,0.17506518959999084,0.32736686,0.9737839737821298,1.8636999130249023,0.257351279258728,0.46702942,0.9154858965454803,2.396648406982422,0.5845339298248291,0.47303954,0.46883366671592985,1.9982750415802002,0.24268324673175812,0.21824898,0.3953486053213607,2.303807497024536,0.16927982866764069,0.22049987,0.6740886314145862,3.3718085289001465
0,0.03473804146051407,0.26696002,0.7625917775321747,2.946559190750122,0.025467462837696075,0.2202432,0.6103556066607044,2.223703384399414,0.000585315574426204,0.14660431,0.32290136201197245,1.3259929418563843,0.1313020884990692,0.38366172,0.966973473856885,1.4704632759094238,0.2008463740348816,0.31800932,0.9496730192950272,1.425557255744934,0.10371202230453491,0.4352269,0.9453043773858948,1.878700852394104,0.2540660500526428,0.29272643,0.948160581986933,1.7774989604949951,0.09818140417337418,0.35352868,0.9411636059829236,1.6115580797195435,0.29178935289382935,0.19368412,0.9609139894495787,1.5291815996170044,0.07626710087060928,0.47527784,0.9804741692637922,1.9369224309921265,0.19856445491313934,0.28393206,0.9693617649745138,1.589785099029541,0.09977881610393524,0.55543053,0.9872611029399708,1.8454692363739014,0.18569502234458923,0.22977765,0.9715937173307511,1.8178625106811523,0.09818549454212189,0.34635657,0.9861074397839107,2.096410036087036,0.19905100762844086,0.24237551,0.9716767206431357,2.215489149093628,0.24780435860157013,0.30225474,0.9666030165456886,2.020812749862671,0.05996217951178551,0.4156906,1.0034768050954925,1.8331419229507446,0.18291611969470978,0.50095993,0.9183398765295729,1.6213479042053223,0.20256668329238892,0.4202705,0.8916333530424503,1.7941474914550781,0.23464035987854004,0.2858086,0.8958431797136388,1.6845983266830444,0.25382199883461,0.4757641,0.8485865627869752,2.391573190689087,0.616773784160614,0.47979295,0.4552878082844639,1.762662649154663,0.24775853753089905,0.15975524,0.3239043007983205,2.0647990703582764,0.21780845522880554,0.13000754,0.5134870469503211,2.689387321472168
0,0.044589925557374954,0.25757128,0.764065318012307,3.131478786468506,0.019603975117206573,0.22569379,0.5916276256786277,2.355083703994751,0.0017941296100616455,0.15938176,0.31724931541378476,1.2685253620147705,0.12477310746908188,0.41229767,0.9666619987230186,1.357385277748108,0.1889064759016037,0.32316232,0.9500643133416654,1.6222208738327026,0.0845412090420723,0.4288623,0.9495373257446854,2.063582420349121,0.2149207592010498,0.31431973,0.9540607873226032,1.8172228336334229,0.09270254522562027,0.36242443,0.9402663026288978,1.6216567754745483,0.327426940202713,0.19929995,0.9594705332439547,1.4080777168273926,0.0792519748210907,0.47022465,0.980888246191439,1.8259533643722534,0.1655517965555191,0.31516698,0.9687116524271033,2.0831546783447266,0.07868081331253052,0.5032187,0.9858861884453609,1.9175695180892944,0.1838616281747818,0.24547692,0.9690216715378397,2.003720760345459,0.09167815744876862,0.33543345,0.987546874462382,2.389747381210327,0.17792652547359467,0.2486363,0.971549406812437,2.256160259246826,0.2140674591064453,0.2653188,0.9665297126808198,1.7562391757965088,0.07104701548814774,0.41341603,1.0061895040713336,2.325302839279175,0.15449762344360352,0.48602656,0.9484031220579707,2.1682660579681396,0.21559302508831024,0.4137912,0.924934356940113,1.7092971801757812,0.23505331575870514,0.27866906,0.9120214681132458,1.8296443223953247,0.23274244368076324,0.45890713,0.8636274293823394,2.3245491981506348,0.5937976837158203,0.4833942,0.41868534347876674,1.805108666419983,0.2222452461719513,0.16219945,0.2989273550697325,2.124911069869995,0.17340369522571564,0.1436501,0.48004822981276113,2.5731148719787598
0,0.03489081561565399,0.26548156,0.7436201403444421,2.9897797107696533,0.015102656558156013,0.14152978,0.5573034817970081,2.1506659984588623,0.0004606052243616432,0.14314991,0.3216501594587636,1.1605255603790283,0.12971407175064087,0.3311343,0.9679223643909523,1.6806854009628296,0.2155683934688568,0.24212499,0.9519738225075249,1.8781812191009521,0.13386833667755127,0.37221262,0.9458738631692101,1.7190272808074951,0.2327495813369751,0.28244978,0.9592443938639558,1.7565258741378784,0.13755430281162262,0.2479349,0.9534814767114321,1.6956889629364014,0.3004519045352936,0.1787953,0.965277821690276,1.6484071016311646,0.08678141981363297,0.44828478,0.989328639420831,1.879762053489685,0.1749432384967804,0.29209897,0.975422788055208,1.4667974710464478,0.082595095038414,0.5347806,1.0090185144783492,2.180619478225708,0.1951465606689453,0.22755493,0.9741060204482136,2.259155750274658,0.10532523691654205,0.3652871,0.9896050829572753,2.2431750297546387,0.176224023103714,0.24937612,0.9738900121817587,2.355724573135376,0.20309635996818542,0.30096644,0.982843606769405,2.2072622776031494,0.07551099359989166,0.39250323,1.0137237587593944,1.9951438903808594,0.14629244804382324,0.4459348,0.9473231532144024,1.9306515455245972,0.1328045278787613,0.44433942,0.9378489544474314,1.9660265445709229,0.17751501500606537,0.32239622,0.9595726669545928,1.8244593143463135,0.21343819797039032,0.47402093,0.9045981424686308,2.421980619430542,0.5490220785140991,0.49761254,0.4764625728427874,2.131136178970337,0.25089871883392334,0.20294109,0.3951700123156559,2.2920424938201904,0.1614370346069336,0.17387715,0.6698668787332279,3.3422298431396484
0,0.0313679538667202,0.25142404,0.7299698653095882,2.649009943008423,0.012392855249345303,0.13057272,0.5365552098412094,1.8456636667251587,0.00028103470685891807,0.11760889,0.3163447659852743,1.130868673324585,0.1324918270111084,0.31845096,0.9693920761406196,1.820061445236206,0.20208574831485748,0.24804994,0.9554939815151853,1.9255541563034058,0.10831639915704727,0.3808989,0.9432577539747462,1.5291712284088135,0.22413423657417297,0.26404798,0.9650837067126844,1.5972826480865479,0.1424688994884491,0.23595321,0.9535541308024255,1.7795531749725342,0.2835243344306946,0.19328696,0.9718498951316487,1.5272412300109863,0.10445273667573929,0.44183278,0.9998445812447078,2.123375415802002,0.19009721279144287,0.27323166,0.9860243333613448,1.9413397312164307,0.11779221147298813,0.50938237,1.025579340518026,1.9685020446777344,0.20675352215766907,0.2511719,0.9850657951636907,2.258488416671753,0.10350187122821808,0.34530655,0.9934081157969846,2.3925201892852783,0.20282280445098877,0.24401958,0.9807878637412168,2.135871410369873,0.20711661875247955,0.27014667,0.9962308184400243,1.9044826030731201,0.12639203667640686,0.4014088,1.0331088316234156,2.2901463508605957,0.16371139883995056,0.4539726,0.9543121154837728,2.0690293312072754,0.16125023365020752,0.46274772,0.9495511381876266,2.085235357284546,0.20206403732299805,0.32404312,0.9784187876593539,1.7634663581848145,0.2829894423484802,0.46078765,0.9042457409390304,2.414762020111084,0.6189928650856018,0.4387019,0.4797586744294408,1.9138693809509277,0.26049986481666565,0.21762185,0.4049210463691871,2.2204830646514893,0.14188659191131592,0.19471143,0.6721999118020818,3.3272483348846436
0,0.037316352128982544,0.2648924,0.7200388982918374,2.6277313232421875,0.01362534798681736,0.17316714,0.5233750106708013,1.8695358037948608,0.0002863931003957987,0.1382856,0.31547983608528113,1.3083131313323975,0.10778415948152542,0.39433107,0.9688871301088051,1.8167662620544434,0.1930130571126938,0.31092778,0.95404424116668,2.0357890129089355,0.12433778494596481,0.4196156,0.9447457437567215,1.9398837089538574,0.23447272181510925,0.34088737,0.964896393153015,1.8598153591156006,0.14286057651042938,0.2510601,0.9546113852963855,1.8961397409439087,0.2846057116985321,0.19998623,0.9706823983669473,1.6035676002502441,0.10881136357784271,0.43275592,0.9994624867316264,2.2461328506469727,0.17096170783042908,0.31885839,0.984780923750615,1.9000316858291626,0.10698507726192474,0.5130351,1.0227165093321675,1.961530327796936,0.21101251244544983,0.27098435,0.9805505907339631,2.3845882415771484,0.0994337722659111,0.3471512,0.9929073127006719,2.4182097911834717,0.20058251917362213,0.25662386,0.979703046386049,2.1352672576904297,0.18839451670646667,0.30672312,0.9905854260015684,2.0553088188171387,0.12137166410684586,0.37924284,1.0157464535857175,2.379194974899292,0.13204486668109894,0.4736835,0.9553176879925037,1.7577320337295532,0.15485219657421112,0.45937994,0.9487442937306726,1.8870105743408203,0.19612449407577515,0.358433,0.9698500253118084,1.5927414894104004,0.26217713952064514,0.47480786,0.9083100520001033,2.4095115661621094,0.6147217154502869,0.4766907,0.4615073017622192,1.8626277446746826,0.26526641845703125,0.21088259,0.38601770963370047,2.25124192237854,0.16169282793998718,0.19901332,0.6644550921416581,3.3065133094787598
0,0.03622722253203392,0.26252928,0.7226366551957699,2.3881919384002686,0.004376629367470741,0.13142093,0.5255457737519719,1.6476199626922607,0.00011551997158676386,0.10135064,0.31589454988336746,1.2316334247589111,0.1306837946176529,0.33527207,0.9702980906755034,2.0159826278686523,0.2016008496284485,0.25413522,0.9575272056537475,1.813818335533142,0.11877249926328659,0.37665963,0.9414261449495905,1.5982767343521118,0.2682657539844513,0.26371965,0.9678239553935556,1.5290437936782837,0.14018456637859344,0.22786003,0.9485904633999241,1.7307355403900146,0.3065689206123352,0.17641005,0.9709600298772407,1.4466909170150757,0.10593835264444351,0.42916244,1.0001925414124941,2.015596628189087,0.19162364304065704,0.28274053,0.9864295932870579,1.8801813125610352,0.12352657318115234,0.45713726,1.027608841373136,2.2660367488861084,0.21836423873901367,0.2259432,0.9894058022838874,2.113203287124634,0.11221125721931458,0.30452147,0.9988343873447769,2.4173367023468018,0.2086000144481659,0.21781589,0.981974630012062,2.0639398097991943,0.20598889887332916,0.23409301,0.9908649717276516,1.8144428730010986,0.21726630628108978,0.39141792,1.0212204569401584,2.3435826301574707,0.17966505885124207,0.41808662,0.9525480547410311,2.0198254585266113,0.18394789099693298,0.4156435,0.9453433260540424,2.113832950592041,0.19890891015529633,0.28873292,0.9723005564495191,1.8197534084320068,0.3122636377811432,0.39988586,0.8981473836592389,2.338876962661743,0.6054316163063049,0.46111348,0.462458616594707,1.879867672920227,0.24684195220470428,0.219588,0.38976901108368006,2.207850933074951,0.16689105331897736,0.24021566,0.6599059106290316,3.267388105392456
1,0.059425096958875656,0.22969128,0.7457117163930433,3.161142349243164,0.022675421088933945,0.20597495,0.5827053764695486,2.3756158351898193,0.00041548197623342276,0.15080865,0.31143790023711165,1.2157068252563477,0.12584561109542847,0.41307077,0.9656294875221861,1.4512112140655518,0.19425247609615326,0.34338593,0.9505313909557505,1.4608954191207886,0.10497335344552994,0.44975576,0.9500385274157632,1.832451581954956,0.2366740107536316,0.3392102,0.9498516941573272,1.6977996826171875,0.11328328400850296,0.34012002,0.9526180322502972,1.3667954206466675,0.2910104990005493,0.20672235,0.9580358846712138,1.598044514656067,0.07243219763040543,0.491024,0.9845005644805405,1.6649669408798218,0.17447730898857117,0.33339188,0.9690292201320743,1.7532556056976318,0.07927747070789337,0.49349177,0.98809921053008,1.5990698337554932,0.18706482648849487,0.28808364,0.9712685190307623,2.064251661300659,0.08165322989225388,0.34035143,0.9836505772473216,2.363064765930176,0.16628336906433105,0.28856984,0.9681355798906521,2.123326063156128,0.19191312789916992,0.31621632,0.9647503675931912,1.9005883932113647,0.0781509205698967,0.3944521,0.9895387333638618,2.0518925189971924,0.1862320452928543,0.45742613,0.9350496857010845,2.012068510055542,0.1623191237449646,0.44508913,0.9217092416939217,1.809644103050232,0.19565093517303467,0.3112931,0.9154491057135121,1.5595388412475586,0.22106166183948517,0.47968003,0.8744291128830283,2.444373369216919,0.6373054385185242,0.4967725,0.38804876658593235,1.6566452980041504,0.23473045229911804,0.16058305,0.26036756205747497,2.0107924938201904,0.19263513386249542,0.12126722,0.506287940952844,2.88502836227417
0,0.06706269830465317,0.25013894,0.7334177230141269,3.172541856765747,0.014982444234192371,0.1620127,0.5395040363309394,2.325829029083252,0.00034356722608208656,0.14637399,0.3182914878306068,1.215725302696228,0.11166944354772568,0.35182008,0.9640822339730164,1.6088354587554932,0.18701614439487457,0.28382725,0.9475759640264746,2.0445308685302734,0.09585412591695786,0.40199712,0.95122447007283,1.8255329132080078,0.2118319571018219,0.33304527,0.9543897883550378,1.9096369743347168,0.13190221786499023,0.26929197,0.9538941470988487,1.7760412693023682,0.29949232935905457,0.20155066,0.9578562010480821,1.5019451379776,0.06749796867370605,0.49607503,0.9801164455584607,2.1956348419189453,0.18383468687534332,0.30225256,0.96913367579746,1.4379007816314697,0.08115752041339874,0.5883174,0.9964787213546762,2.3021366596221924,0.1926746666431427,0.26148185,0.9677884537168787,1.9245206117630005,0.07514111697673798,0.39414144,0.9818147267710419,2.1790058612823486,0.13902506232261658,0.27434194,0.9662748280170619,2.1921212673187256,0.16428790986537933,0.32798022,0.974688993524302,1.8842918872833252,0.036202602088451385,0.3994882,1.0052625998941962,1.963340163230896,0.09058012068271637,0.47427583,0.960403411191273,1.7738548517227173,0.10281674563884735,0.48488683,0.9517555055590701,1.8531657457351685,0.129444420337677,0.36157623,0.972488462547224,1.9133354425430298,0.15277130901813507,0.49359357,0.9283370137263338,2.533578872680664,0.5067909955978394,0.48239747,0.48778734239532506,2.280365467071533,0.2256808578968048,0.17106129,0.40482302790861735,2.5131659507751465,0.13794586062431335,0.15674643,0.6835816215433931,3.491734504699707
0,0.032578010112047195,0.25307536,0.7434072348241433,2.919099807739258,0.01948346011340618,0.13276963,0.549848249693331,2.0284383296966553,0.0004153078480158001,0.1289681,0.3181485010560954,1.0536963939666748,0.11568425595760345,0.3275434,0.9683273961365596,1.5186415910720825,0.20272889733314514,0.24609318,0.9518912070042247,1.7452497482299805,0.12572070956230164,0.3670578,0.9453354625012725,1.7305399179458618,0.2199329137802124,0.2782591,0.9618501760290736,1.9020636081695557,0.12901999056339264,0.2586018,0.9513134154539744,1.5783889293670654,0.3126690089702606,0.17793404,0.9659185476064569,1.472776174545288,0.07779128849506378,0.43325943,0.9876012268387508,1.7775499820709229,0.17190547287464142,0.27997735,0.9797455940335579,1.6132878065109253,0.09449634701013565,0.4928801,1.0101195543466164,1.777944803237915,0.19999518990516663,0.23316291,0.9767534174282035,2.2550530433654785,0.09661795198917389,0.3376219,0.9886594348358764,2.20662260055542,0.1846209466457367,0.24336658,0.9744320503115499,2.200986623764038,0.18909457325935364,0.28603894,0.9806983318114209,1.9326374530792236,0.08332058787345886,0.39266774,1.012083525840578,2.4103481769561768,0.14118412137031555,0.46585304,0.9461175422828493,2.003269672393799,0.13828638195991516,0.4445521,0.9346463305500211,2.0554046630859375,0.18366576731204987,0.33435783,0.9677087574934962,1.788548469543457,0.2488517463207245,0.46525347,0.9047735933422761,2.397439956665039,0.5616983771324158,0.48102748,0.4963646897044287,2.0987887382507324,0.2410961389541626,0.21006684,0.41898476684217373,2.356137275695801,0.13793174922466278,0.19370681,0.6750090737868736,3.338693618774414
0,0.05716783553361893,0.2550699,0.7275822169463328,3.241942882537842,0.0162920281291008,0.1859148,0.5373244288631918,2.4480371475219727,0.0006043360335752368,0.15024188,0.31340569434459564,1.5878251791000366,0.10837574303150177,0.3792087,0.9615313663525193,1.8690004348754883,0.16651079058647156,0.2981808,0.9438024166857284,1.970435619354248,0.11457887291908264,0.4130829,0.9483398069539491,1.8488999605178833,0.1833704560995102,0.34950382,0.9504178609886654,2.0286433696746826,0.10619578510522842,0.28624687,0.9538081951384649,2.251476526260376,0.25515228509902954,0.21834032,0.9547637123620926,1.6958202123641968,0.047870706766843796,0.5179345,0.9789891802740767,2.208207368850708,0.13657258450984955,0.3399489,0.9662894854627544,2.060457468032837,0.05436018109321594,0.5545617,0.9911584234754666,2.3553357124328613,0.15522649884223938,0.2962272,0.9619986739458575,2.297020435333252,0.07838963717222214,0.42146114,0.9788343984559834,2.2469632625579834,0.1354888528585434,0.29746243,0.9641041818083406,2.5160393714904785,0.13374042510986328,0.36675748,0.9719452184211894,2.0298848152160645,0.04920313507318497,0.40034416,0.9989153481954997,1.9445459842681885,0.07207957655191422,0.47981814,0.9579455241107926,2.047321319580078,0.0676504448056221,0.49592045,0.9554749158552189,2.0586252212524414,0.12917183339595795,0.30987176,0.9712341615466237,2.040647268295288,0.11319850385189056,0.5320291,0.9338261342192833,2.7159247398376465,0.47517871856689453,0.4867952,0.506345541399123,2.466338634490967,0.22619153559207916,0.1785089,0.4145572992789633,2.5175909996032715,0.12707065045833588,0.14458513,0.6830850917767815,3.472364664077759
0,0.040421947836875916,0.27092135,0.73605822639757,2.704261064529419,0.013034357689321041,0.13609643,0.543405785383004,1.9461151361465454,0.0003233435854781419,0.12638733,0.31707138636647064,1.200141429901123,0.12143904715776443,0.34797984,0.9688072473911665,1.6378816366195679,0.19617334008216858,0.27133822,0.955126906006589,1.9773198366165161,0.1125011071562767,0.39126495,0.9475914367413144,1.8009395599365234,0.23513922095298767,0.3119083,0.966246814305323,1.6131947040557861,0.13189572095870972,0.24242315,0.9561302710526856,1.7937438488006592,0.28246361017227173,0.19608667,0.9722069163688518,1.4437006711959839,0.10260026156902313,0.46361536,0.9966389076636704,2.2998135089874268,0.19008709490299225,0.27646762,0.9829450865693489,1.7830798625946045,0.09998936951160431,0.48872826,1.0168423352532918,2.232109785079956,0.19592705368995667,0.2554314,0.9823430342648991,2.2139129638671875,0.10396818816661835,0.3711923,0.9897581679117955,2.323741912841797,0.22648267447948456,0.22004795,0.9765752619428398,2.187617540359497,0.2095269411802292,0.2889778,0.9878058481558197,1.7366358041763306,0.110554039478302,0.3862771,1.0200256424059582,2.3777709007263184,0.15901421010494232,0.46103334,0.9498752880725219,2.0028200149536133,0.1371736377477646,0.44119722,0.9447692876437326,1.9393947124481201,0.18071793019771576,0.33662075,0.9744392619147149,1.7223418951034546,0.24869607388973236,0.50376374,0.9054460933986855,2.3342456817626953,0.5935810804367065,0.42560625,0.47711155234366837,1.9576716423034668,0.24441534280776978,0.20143002,0.39076179619822926,2.1465463638305664,0.14918071031570435,0.17925999,0.6764140834559954,3.378711700439453
1,0.05242432281374931,0.24947716,0.7501052510531028,3.35695481300354,0.041319340467453,0.18386011,0.5815329670335225,2.6103577613830566,0.0007972630555741489,0.14304416,0.3085085861652943,1.5108184814453125,0.10537067800760269,0.43396062,0.9609515649881291,2.0043673515319824,0.16549749672412872,0.36658698,0.9449437607863007,1.920595407485962,0.0846327394247055,0.47355893,0.948040309868011,1.901282787322998,0.20992404222488403,0.36662263,0.9473420647694206,1.7095590829849243,0.0897212028503418,0.36790463,0.9496766960063094,1.548711895942688,0.2727823555469513,0.2225095,0.9519854308758505,1.5991744995117188,0.05022281035780907,0.5433233,0.9737257629201151,2.0868825912475586,0.1482321172952652,0.3775944,0.9651770383507317,1.730515956878662,0.059950802475214005,0.572685,0.9816111925519263,2.4776949882507324,0.1548638641834259,0.3003481,0.964328313632086,2.2225520610809326,0.075840525329113,0.41048545,0.9800142603895197,2.174917697906494,0.16442985832691193,0.28719413,0.9628636657338998,1.7672398090362549,0.18546999990940094,0.36110657,0.9602472603284623,2.1464359760284424,0.03629275783896446,0.41388094,0.9865758854202005,2.3819222450256348,0.11120212823152542,0.49050978,0.9401847059764723,1.7794499397277832,0.12862610816955566,0.45936075,0.9283010318324123,1.8074140548706055,0.18871212005615234,0.317193,0.92394970845185,1.5387191772460938,0.1636696457862854,0.5269682,0.88788647640517,2.4409263134002686,0.5888760089874268,0.51111215,0.4300959123367596,1.9290297031402588,0.23155786097049713,0.17312744,0.3059011620430948,2.151881456375122,0.14949293434619904,0.13049719,0.5626223902884993,3.085434913635254
0,0.047387558966875076,0.22226252,0.7240252587154523,3.259169816970825,0.019958453252911568,0.186565,0.5357495758289154,2.4776413440704346,0.00041077760397456586,0.14948918,0.3126506839153231,1.8188234567642212,0.11495961993932724,0.38977784,0.9611903769739909,1.8009059429168701,0.15807034075260162,0.31169418,0.9436060288854751,1.8567527532577515,0.11569464951753616,0.42494756,0.9487520163369544,1.872170090675354,0.18725045025348663,0.36234084,0.950552613668014,2.1173410415649414,0.10271385312080383,0.30175722,0.9541118000530219,2.0911033153533936,0.2593732178211212,0.2224882,0.9544757648001445,1.6257717609405518,0.05241861939430237,0.51820946,0.9781168780082432,2.092007637023926,0.1492968201637268,0.33480066,0.9643788778602395,1.7516454458236694,0.05720502883195877,0.56407684,0.9889580651232146,2.1721549034118652,0.15961432456970215,0.29885387,0.9604889692588163,2.154219388961792,0.08018998801708221,0.42269596,0.9771870812742598,2.415515184402466,0.15807971358299255,0.30407572,0.9637545307814587,2.4997894763946533,0.12214118242263794,0.38562545,0.9711982782119146,2.0677285194396973,0.04217095300555229,0.39534566,0.9990758847454448,2.00886869430542,0.07439448684453964,0.4539186,0.9588347291165078,2.17507266998291,0.06951402872800827,0.4975712,0.9577730299885651,1.926102638244629,0.10886987298727036,0.31972247,0.9716241725513771,2.1217968463897705,0.13368359208106995,0.5261522,0.9345411220031569,2.675658702850342,0.4698270261287689,0.493736,0.5048576021890626,2.4698760509490967,0.2151263803243637,0.17695844,0.412341534828534,2.5499093532562256,0.1345110684633255,0.14903967,0.6889192616968093,3.5266873836517334
1,0.057013899087905884,0.3119569,0.7359887958403585,3.5834484100341797,0.04422050341963768,0.22390941,0.5622843381601705,2.9255409240722656,0.0006860184366814792,0.15035424,0.3082495703649658,1.9118576049804688,0.08656635135412216,0.42718896,0.9534272935977812,2.155635118484497,0.15417037904262543,0.3774249,0.9335034680433114,2.0540263652801514,0.08893407136201859,0.47203252,0.94419749830704,2.0968170166015625,0.13349151611328125,0.36851048,0.9352791164104767,2.2624573707580566,0.07779045403003693,0.37375033,0.946308831629457,2.017669439315796,0.19648250937461853,0.25809294,0.9412209530988953,2.014861583709717,0.04330092668533325,0.54179543,0.9642541926179695,2.033115863800049,0.11401742696762085,0.41115114,0.9532215626932066,1.9625012874603271,0.04462819546461105,0.64240694,0.9715298778292915,2.1825578212738037,0.11691823601722717,0.34993702,0.9484419559742616,2.162372350692749,0.06353239715099335,0.46138814,0.9630608125429472,2.237034559249878,0.09163762629032135,0.37291285,0.9538230866889994,2.375054359436035,0.12391627579927444,0.39081258,0.9537748656705833,2.3710029125213623,0.02854580245912075,0.4028369,0.9823354716075301,1.8210480213165283,0.09075725823640823,0.52636105,0.9513065364613534,2.0632028579711914,0.05443919822573662,0.48753762,0.9447938931769112,2.4426991939544678,0.11763110756874084,0.34714147,0.9501181153101624,2.161299467086792,0.07241754978895187,0.5467827,0.9272651468418124,2.4583911895751953,0.4209314286708832,0.51725394,0.5066255361661748,2.5960588455200195,0.18870064616203308,0.1429579,0.38727176625523824,2.6677613258361816,0.14827017486095428,0.1152695,0.6743093611776579,3.576563835144043
0,0.04183705523610115,0.2507323,0.7470063780162255,3.1419193744659424,0.01745866797864437,0.1535072,0.5610382600932854,2.336561441421509,0.0006405229214578867,0.13713521,0.3183383212885242,1.2851964235305786,0.12477728724479675,0.36427742,0.9673981845715753,1.5932438373565674,0.20664042234420776,0.27089876,0.9492135281808571,1.9070873260498047,0.09674642980098724,0.3824389,0.9488144328318855,1.7745554447174072,0.2260976880788803,0.2790917,0.9544437749898994,1.7114543914794922,0.12210863083600998,0.2806016,0.951747599842293,1.6550877094268799,0.2899739444255829,0.1795063,0.9611562645901733,1.4831410646438599,0.05951188877224922,0.48392135,0.9867046486198968,1.929004430770874,0.16377976536750793,0.27627453,0.9750732803464665,1.6490968465805054,0.07786854356527328,0.5064871,1.0001674655044483,2.399048328399658,0.16943545639514923,0.2355588,0.9697145617448196,2.0708277225494385,0.07204403728246689,0.3783872,0.9884963418954869,2.2519478797912598,0.14955340325832367,0.23206435,0.9726361404289674,2.261521339416504,0.15229623019695282,0.32800567,0.9766928965698515,1.9503525495529175,0.03439708799123764,0.39881063,1.0010278986022714,1.8532278537750244,0.08464136719703674,0.47535482,0.9409001028320962,2.120126247406006,0.09753209352493286,0.48014215,0.9304865132455112,2.0043389797210693,0.151851624250412,0.33370188,0.9580345723325285,1.7936532497406006,0.17761234939098358,0.44513783,0.9111360384111173,2.4316697120666504,0.4962756335735321,0.5004082,0.515534699939651,2.279482841491699,0.25145766139030457,0.18260427,0.41268148537634014,2.505047559738159,0.13396970927715302,0.1517747,0.695869168164816,3.4666826725006104
1,0.02762722596526146,0.27862948,0.7580191864901219,3.0446200370788574,0.013525730930268764,0.16616666,0.5712883528103502,2.1055524349212646,0.0005777753540314734,0.123574965,0.3224079517732923,1.0380126237869263,0.11274602264165878,0.36677316,0.9652688942961962,1.5594482421875,0.17922857403755188,0.27906737,0.9524448119301351,1.7255202531814575,0.12336946278810501,0.37070742,0.9442746179766206,1.734333872795105,0.2747621238231659,0.25881383,0.9533924495058693,1.861901044845581,0.11064830422401428,0.28733885,0.945460118553492,1.558578610420227,0.2974145710468292,0.17131145,0.9625368707639174,1.410434603691101,0.0802314504981041,0.4321928,0.9835831752984574,1.6056016683578491,0.17274761199951172,0.25941873,0.9754926401835623,1.9464260339736938,0.08937416970729828,0.46517745,0.9941903256292,1.806307315826416,0.19085878133773804,0.22819215,0.9767006630156897,1.9759222269058228,0.09839208424091339,0.26144233,0.9875502215610954,2.092942237854004,0.16528920829296112,0.2041753,0.9748009378241026,2.362030029296875,0.19151410460472107,0.22874133,0.9707690163353432,2.163644790649414,0.0894511491060257,0.41038728,1.0180006368122996,1.7614973783493042,0.18165013194084167,0.42950478,0.9518828715144857,1.987996220588684,0.16811762750148773,0.38207707,0.9199741989621397,2.0728819370269775,0.22860786318778992,0.26454455,0.9288719863625872,1.7933366298675537,0.27711623907089233,0.3654795,0.8740244105657841,2.3633270263671875,0.5562063455581665,0.46953425,0.40397055541020616,1.860421895980835,0.20175623893737793,0.1712196,0.30561740631364603,2.0070927143096924,0.19667556881904602,0.13498056,0.5079979695788415,2.7310237884521484
0,0.057564057409763336,0.22958787,0.7328490930055745,3.2505528926849365,0.02200477570295334,0.18234132,0.541313628279872,2.5405538082122803,0.0004682917206082493,0.15045764,0.3158284677979784,1.7487142086029053,0.09426309913396835,0.3677295,0.9625214005689104,1.6913836002349854,0.18942275643348694,0.30215842,0.9439266296519987,2.1981379985809326,0.11304588615894318,0.41599935,0.9479084836529107,1.7409279346466064,0.1912475973367691,0.36845902,0.9504759457525397,2.0765128135681152,0.10198726505041122,0.2848938,0.9530346906522285,2.2008631229400635,0.27492621541023254,0.21878627,0.955265501118704,1.6231027841567993,0.05430590361356735,0.51558745,0.9792282400381901,1.945513129234314,0.16912519931793213,0.3345217,0.9664666137360826,1.5048298835754395,0.060285784304142,0.5919021,0.9925412326062194,2.322061538696289,0.14228537678718567,0.3014371,0.964950271824691,2.3007731437683105,0.06999292969703674,0.42611894,0.9807683468107734,2.1809635162353516,0.12030663341283798,0.29265335,0.9630397346021379,2.491767644882202,0.12285712361335754,0.36449674,0.9712378839577392,2.3744735717773438,0.042910005897283554,0.394468,1.001472575490812,2.063164472579956,0.0846678763628006,0.47469893,0.9610423573086403,2.1642229557037354,0.06870999932289124,0.516733,0.9546760396725131,2.297578811645508,0.10655384510755539,0.37338597,0.9718931123568472,2.0715956687927246,0.11203261464834213,0.5442044,0.9275199716312139,2.520444393157959,0.47883644700050354,0.48387054,0.49353431402062065,2.3379578590393066,0.2118941694498062,0.16351798,0.40669926726162703,2.5208070278167725,0.13378562033176422,0.14663188,0.6921025378500356,3.5385825634002686
1,0.04901035875082016,0.24810359,0.7591398623683379,3.2377614974975586,0.03347901627421379,0.14111584,0.597473761550652,2.5689446926116943,0.0010812425753101707,0.14295536,0.31472409781072713,1.0832568407058716,0.10368955880403519,0.42331487,0.9639552669960769,1.576539158821106,0.1910373419523239,0.34397405,0.9455956302089499,1.4256141185760498,0.08634427189826965,0.44930673,0.9431995401885471,1.584715723991394,0.22909057140350342,0.3574014,0.9501721237059979,1.9221324920654297,0.09162932634353638,0.38275498,0.9466778713843129,1.412970781326294,0.2906506061553955,0.21009463,0.9577918625593855,1.4952061176300049,0.06080161780118942,0.5196315,0.9774111018021152,1.516800880432129,0.14745569229125977,0.3682324,0.9691266372137315,1.8801350593566895,0.058296315371990204,0.54123425,0.9809275887169473,2.0083792209625244,0.15594176948070526,0.3273526,0.969329350313521,1.8309485912322998,0.0735318511724472,0.4345107,0.9850786924138593,2.195911407470703,0.15275472402572632,0.30296025,0.9695137220338236,2.332090377807617,0.17114350199699402,0.32116118,0.9630184376239244,1.9918957948684692,0.04773765429854393,0.40156356,0.9863832935169526,2.083930492401123,0.13003872334957123,0.50307846,0.9300446492059841,1.8175742626190186,0.10886862874031067,0.45267373,0.9097854967010429,2.1281793117523193,0.16541381180286407,0.33275843,0.9091218081892506,1.8800476789474487,0.192497119307518,0.5192833,0.8664206504699493,2.3180415630340576,0.5864364504814148,0.47915813,0.457387778824347,1.841092824935913,0.25111231207847595,0.1419119,0.31935692999240595,2.1597084999084473,0.17716586589813232,0.12421594,0.5693424430657096,3.0178823471069336
1,0.02411017194390297,0.24006519,0.77539304968905,2.568920612335205,0.017944512888789177,0.13734514,0.6063612570586332,1.6921027898788452,0.0008461204124614596,0.1015252,0.32992346382494986,1.298172116279602,0.17055965960025787,0.35421976,0.9641937530064929,1.3549392223358154,0.22022341191768646,0.25944817,0.944903217048391,1.4223129749298096,0.13546818494796753,0.3547417,0.927544128195712,1.964625597000122,0.2828400731086731,0.22847898,0.9553717466300482,1.7405599355697632,0.15032364428043365,0.29260543,0.9172211465481188,1.4530055522918701,0.3168892562389374,0.16581865,0.9706998554595344,1.4841508865356445,0.14302442967891693,0.39594868,1.0095165802574195,2.010169267654419,0.23262816667556763,0.25302488,0.996639923018908,1.625510573387146,0.1617511510848999,0.41549492,1.0218867147590018,2.2196178436279297,0.27625733613967896,0.19854921,0.9929150805506032,1.929824709892273,0.17190375924110413,0.286063,1.0190542612352578,2.5574753284454346,0.23554399609565735,0.18583171,0.9873340078937167,2.0325827598571777,0.2640158534049988,0.21376503,0.9706178183655484,2.108766555786133,0.26964589953422546,0.39181927,1.0081087746399828,2.2960174083709717,0.32868799567222595,0.44212055,0.8900216427763694,1.9688822031021118,0.33812063932418823,0.39375347,0.8578374115638446,1.8920526504516602,0.3404901325702667,0.27476382,0.8659254134682172,1.8668519258499146,0.37521466612815857,0.40901312,0.7646545473284003,2.059765577316284,0.5723506808280945,0.48131785,0.41749278489809843,1.70509934425354,0.20545990765094757,0.23981762,0.34535069429799015,1.9650020599365234,0.13436280190944672,0.19454156,0.5323409243729567,2.8249597549438477
1,0.04349198564887047,0.2067638,0.740378269401315,3.1778650283813477,0.028395187109708786,0.20197628,0.5647618514289146,2.4306910037994385,0.000534189457539469,0.14618984,0.30552361508627257,1.5598876476287842,0.11467795073986053,0.41353974,0.9632825442653284,1.5504605770111084,0.20135414600372314,0.3592682,0.9488135229019196,1.7125473022460938,0.07910801470279694,0.4590734,0.9488994536254457,1.8086899518966675,0.21202228963375092,0.3396982,0.9512472258791814,1.7448734045028687,0.08049986511468887,0.38391912,0.9516880052042638,1.761126160621643,0.29182663559913635,0.20864892,0.9540090341804683,1.4835602045059204,0.05770004540681839,0.51590264,0.9759289108497564,1.4685393571853638,0.1521574705839157,0.35344732,0.9653803864806312,1.8299221992492676,0.11400891840457916,0.5342094,0.978031246071305,2.152620792388916,0.16583752632141113,0.3092909,0.9599983808555865,1.891513466835022,0.07178778946399689,0.38404274,0.9764814463094419,2.1341254711151123,0.15519601106643677,0.30345118,0.9636288102898096,2.1522719860076904,0.158915713429451,0.30409986,0.9596207531740095,2.083916425704956,0.04292212799191475,0.40600264,0.9869524594845993,2.0725648403167725,0.13483913242816925,0.48265228,0.9422681793970303,1.796612024307251,0.15447865426540375,0.43928462,0.9253235412394356,1.6659246683120728,0.21426241099834442,0.3187298,0.9218577740969874,1.5453368425369263,0.2017272263765335,0.50007653,0.8772100965187148,2.299675941467285,0.64786696434021,0.47019127,0.4184649198273385,1.6624070405960083,0.21351340413093567,0.17930569,0.28347289359603906,2.1335036754608154,0.18221896886825562,0.13382682,0.5042394648870403,2.8364076614379883
0,0.056390050798654556,0.23828666,0.7406852193610872,3.2789382934570312,0.03833680972456932,0.1792707,0.562214720288373,2.5165159702301025,0.0006173403817228973,0.14196318,0.3164153512099225,1.5655041933059692,0.10607170313596725,0.37767386,0.9648485124185157,1.7782673835754395,0.20160941779613495,0.29084763,0.9465403286180756,1.6771413087844849,0.10311276465654373,0.4225517,0.9493201095548525,1.8180409669876099,0.1902393251657486,0.35456422,0.9531062519682059,2.074367046356201,0.12355957180261612,0.29028404,0.9530335351653836,1.714569091796875,0.27968528866767883,0.20124291,0.9570676927835627,1.4517500400543213,0.055046841502189636,0.48962668,0.9820272273449674,2.2242445945739746,0.16939008235931396,0.32426882,0.9693827226630445,1.7509385347366333,0.067537322640419,0.483267,0.9937958981814127,2.192005157470703,0.16397245228290558,0.28145054,0.9652666136290007,2.1248743534088135,0.08017624914646149,0.37361914,0.9800216621840716,2.273613452911377,0.1536010354757309,0.29488704,0.9663295636261918,1.7385709285736084,0.14906065165996552,0.31687757,0.9710094226714847,1.7586400508880615,0.0629802793264389,0.3998768,1.000895783350253,2.4077324867248535,0.09031116217374802,0.47720602,0.9556997140377053,1.8740357160568237,0.07905471324920654,0.48483473,0.9489858447509623,2.1547985076904297,0.13695809245109558,0.36778322,0.9654913787007026,1.9012489318847656,0.1367209404706955,0.51227176,0.92209004761634,2.378256320953369,0.4936422109603882,0.5081752,0.4832571556859734,2.2562434673309326,0.20297890901565552,0.19405565,0.39556276253521866,2.4240050315856934,0.12096647173166275,0.15312617,0.6767423789776909,3.5058631896972656
0,0.025658993050456047,0.23700261,0.7440453575707981,2.465479850769043,0.010791860520839691,0.1283263,0.5453057140280939,1.7370765209197998,0.00031339918496087193,0.095420785,0.31769999313592884,0.9667868614196777,0.1276848018169403,0.3084235,0.9675892050585357,1.9095652103424072,0.19283393025398254,0.22738376,0.9513158573239977,1.922588586807251,0.10714315623044968,0.35135788,0.930943578400653,1.6675587892532349,0.2638828456401825,0.23490943,0.9681086626921033,1.5411404371261597,0.1336875855922699,0.2312506,0.9451124397419435,1.2999143600463867,0.2906978726387024,0.17344129,0.9745056881442599,1.4427217245101929,0.10960094630718231,0.405998,1.0030464085903963,1.9860150814056396,0.19048213958740234,0.2584972,0.9866692390709481,1.9097120761871338,0.12792252004146576,0.43483943,1.0190804894051368,2.0763065814971924,0.21567389369010925,0.21434727,0.9818960349812744,2.1200969219207764,0.1287897676229477,0.2801446,0.9895986608254732,2.4030892848968506,0.23686659336090088,0.20858018,0.9782271691781284,2.1646387577056885,0.2105538696050644,0.26775485,0.9873753358605927,2.067859649658203,0.20596332848072052,0.38774619,1.015224737189826,2.216175079345703,0.21304522454738617,0.40303254,0.932367998353954,2.0236942768096924,0.20280641317367554,0.42863208,0.9180574703048436,2.104564905166626,0.22911477088928223,0.29390138,0.9530154332439825,1.8265719413757324,0.30640527606010437,0.43516877,0.8724764635100278,2.426288366317749,0.5780221819877625,0.42551988,0.4734217426306669,1.9409034252166748,0.23681165277957916,0.24264221,0.4054843201153708,2.203070640563965,0.14354638755321503,0.23700854,0.6586621300157408,3.1756553649902344
0,0.026198970153927803,0.2519721,0.7274649014877579,2.5680558681488037,0.01204256247729063,0.13318421,0.5380415813057778,1.7286360263824463,0.0002686149091459811,0.10260734,0.31950484780535027,1.081682562828064,0.13714921474456787,0.3215756,0.9671433355328235,1.84702467918396,0.18545544147491455,0.23630978,0.9526270478652425,1.779119610786438,0.11307195574045181,0.36202785,0.9329243154945589,1.7002105712890625,0.24370594322681427,0.2719033,0.9666221186897365,1.5852210521697998,0.1335216909646988,0.24886401,0.9469568217420494,1.7000887393951416,0.31229811906814575,0.16035357,0.9706810617761322,1.8007471561431885,0.09817292541265488,0.40415728,0.9990572904358499,1.6774368286132812,0.18148180842399597,0.26030198,0.9841719899003215,1.712043285369873,0.11604596674442291,0.47355947,1.0222624852298972,1.785443902015686,0.20524312555789948,0.21763289,0.9833004833889942,2.1301145553588867,0.1068561002612114,0.28045332,0.9905643457138625,2.60135817527771,0.16482728719711304,0.23954786,0.9813588717296561,2.2513866424560547,0.18046090006828308,0.30003336,0.9882285165070138,2.1605958938598633,0.1510670781135559,0.3847403,1.0152748949172037,2.098228693008423,0.19001424312591553,0.478916,0.942890524604266,2.1203324794769287,0.15294553339481354,0.466944,0.9329521397928995,2.0804331302642822,0.18262046575546265,0.34677696,0.9728014789752759,2.0690112113952637,0.2287539392709732,0.49287528,0.9135187445201943,2.6051673889160156,0.5381603837013245,0.47670802,0.5032032704964529,2.1223912239074707,0.24775108695030212,0.23760779,0.4307756583064894,2.3028829097747803,0.16341492533683777,0.23134406,0.6882109306899782,3.3965818881988525
0,0.03203979879617691,0.25477785,0.7431189999310571,3.051638603210449,0.020340701565146446,0.1579632,0.5556671307773011,2.2462985515594482,0.000890489958692342,0.14964485,0.314744358772002,1.3314344882965088,0.11356265097856522,0.3572671,0.9669309145802347,1.7464131116867065,0.20997558534145355,0.26377803,0.9496139912459847,1.8127577304840088,0.10763230919837952,0.38722166,0.9510885670221108,1.9222288131713867,0.23182633519172668,0.30656752,0.9543370602270626,1.62755286693573,0.11355239897966385,0.26539233,0.9529889525432329,1.6990987062454224,0.2882803976535797,0.19351706,0.961369568826693,1.5144340991973877,0.06275516748428345,0.48551044,0.9874351723374866,2.070035457611084,0.1773919016122818,0.28302425,0.9733883320510871,1.6392090320587158,0.09331462532281876,0.51481646,1.0031866581041593,2.360410213470459,0.15455935895442963,0.24212313,0.972999340099085,2.251471996307373,0.08031079918146133,0.3597099,0.9903730090878906,2.5264577865600586,0.15703459084033966,0.23511226,0.9742014767803728,2.345226526260376,0.16000007092952728,0.28295776,0.9759761947583904,2.28879714012146,0.053440917283296585,0.38862696,1.0125602728268546,1.535996437072754,0.1158362329006195,0.44453767,0.947944844315973,1.749650478363037,0.11148791015148163,0.44317487,0.940762232540869,1.81107759475708,0.1317543089389801,0.3022825,0.9525861556033585,2.0028076171875,0.1757236272096634,0.4574599,0.8994511830259919,2.3944337368011475,0.5248527526855469,0.48421314,0.4810561970306042,2.166964530944824,0.2319025993347168,0.16442773,0.3852405138471535,2.3917946815490723,0.1309049427509308,0.14919399,0.6445123291503477,3.240814685821533
1,0.05637615546584129,0.25801352,0.7630179749579388,3.0858752727508545,0.025178352370858192,0.13740364,0.6008063829583772,2.344646453857422,0.000758367998059839,0.12623496,0.32724432330308006,1.1111726760864258,0.12095430493354797,0.3876344,0.9660400413716707,1.4699358940124512,0.17840631306171417,0.30215162,0.9501457704586095,1.700608730316162,0.11236746609210968,0.4362943,0.9439099011183321,1.7755885124206543,0.2444034367799759,0.32583594,0.9560315924343579,1.7592527866363525,0.10514277964830399,0.3296793,0.9486179089378974,1.4150636196136475,0.28852877020835876,0.18932378,0.9655359669633514,1.6090046167373657,0.07042453438043594,0.49443084,0.9876349648203245,1.6628785133361816,0.17917397618293762,0.30954984,0.9780702132908566,1.873396873474121,0.08227552473545074,0.50824946,0.9944547587444682,2.0869061946868896,0.22457730770111084,0.2743267,0.9803849539336273,1.806586742401123,0.09674473106861115,0.34596646,1.0002600961736197,2.166343927383423,0.20714282989501953,0.2686739,0.9811527851772376,1.989959716796875,0.21100042760372162,0.29296908,0.9691950545990335,1.9721038341522217,0.059828028082847595,0.40953356,1.0133736741215507,2.180023193359375,0.16255059838294983,0.4588541,0.9366219205089548,1.9569586515426636,0.17750586569309235,0.42034835,0.9138560521056195,1.8866496086120605,0.2091916799545288,0.28794333,0.9154595991878809,1.8713490962982178,0.2657519578933716,0.47756356,0.8534015289378145,2.2749857902526855,0.5855504274368286,0.48915198,0.43185748052394185,1.8812077045440674,0.2252815067768097,0.17477244,0.30955676478054933,2.132420063018799,0.15233463048934937,0.13798027,0.5302046743813649,2.9901537895202637
0,0.04491831734776497,0.24729317,0.7259756221037637,3.1992135047912598,0.015772126615047455,0.17880581,0.5375326204295979,2.4745798110961914,0.00012447996414266527,0.14631294,0.31052060824486416,1.6919407844543457,0.09884191304445267,0.38373065,0.962615863225176,1.609552264213562,0.15787629783153534,0.31843922,0.946626057160448,2.0456581115722656,0.105707086622715,0.4166488,0.9495191870702461,1.6931570768356323,0.1720571666955948,0.3604859,0.9531565766954592,2.1647393703460693,0.1173684298992157,0.29182717,0.9507883777408577,1.936706781387329,0.26328399777412415,0.2282999,0.9540485629269849,1.5254631042480469,0.060057632625103,0.52077836,0.9743623461769017,1.5355688333511353,0.15486375987529755,0.3345663,0.9656560921018075,1.6800587177276611,0.060441337525844574,0.53944427,0.9885518247200122,2.295178174972534,0.1344456672668457,0.2992082,0.9643021372474888,2.1801247596740723,0.06692036241292953,0.41200593,0.9762344598609943,2.3041000366210938,0.12236463278532028,0.30916572,0.9633159202195187,2.406996726989746,0.1303270310163498,0.35361868,0.9717861366322605,2.188483238220215,0.045971568673849106,0.39747137,1.000118031659437,1.6728168725967407,0.0995590016245842,0.46497968,0.9603251420211835,2.074378252029419,0.07669786363840103,0.53656816,0.9550625387425257,1.934946060180664,0.13092800974845886,0.3676664,0.9711048139989905,1.8706796169281006,0.15203449130058289,0.5300976,0.9305780443983248,2.183506488800049,0.4783010482788086,0.4734265,0.49646186592881275,2.341517925262451,0.22216853499412537,0.1766331,0.4049208927229445,2.4506304264068604,0.12947320938110352,0.1506253,0.6888432637018705,3.5034749507904053
0,0.04993514344096184,0.22679304,0.740327789163966,3.278553009033203,0.0189821720123291,0.18578917,0.5515435256461101,2.4368109703063965,0.0007376287830993533,0.15212278,0.3138144232307722,1.2975358963012695,0.10325416177511215,0.37010542,0.9629657820231025,1.9527310132980347,0.19062109291553497,0.29382905,0.9455374465539397,2.063052177429199,0.10612969100475311,0.41330314,0.9484769821146888,2.1946358680725098,0.1794099658727646,0.3710222,0.9510909901365765,1.96865713596344,0.12371497601270676,0.28138927,0.952319724409078,1.8347898721694946,0.2720339894294739,0.19653913,0.9548320219392231,1.5693684816360474,0.046103037893772125,0.51515627,0.9778550512158058,2.2574973106384277,0.1656693071126938,0.32252622,0.9673784090447898,1.5675510168075562,0.06991855055093765,0.5541135,0.9912291462410044,2.128598213195801,0.1503646820783615,0.28356034,0.9655720849658226,2.2407360076904297,0.07100649923086166,0.42249987,0.9805878148896584,2.4434356689453125,0.1239180639386177,0.29357603,0.9657679464798303,1.786923885345459,0.1259598433971405,0.3123883,0.9710913100954065,1.9105703830718994,0.046868499368429184,0.41648626,0.999405630983231,2.2534842491149902,0.08283011615276337,0.4803753,0.953531774810637,2.379009246826172,0.07738592475652695,0.49399605,0.9457413699009172,2.1333203315734863,0.1108061745762825,0.36194715,0.9627662715408297,2.2088494300842285,0.1050831526517868,0.5066106,0.9224751811457796,2.6424379348754883,0.4759199619293213,0.49709862,0.48430703283629145,2.3513166904449463,0.21412862837314606,0.17176864,0.3950423445370877,2.4088430404663086,0.13907241821289062,0.12990507,0.6759967362535004,3.440518379211426
1,0.0562458373606205,0.2843528,0.7386954069995038,3.577998399734497,0.048611316829919815,0.20717163,0.5695668874822644,2.9422607421875,0.0006175556918606162,0.15267092,0.3131582162353625,1.8516439199447632,0.09434940665960312,0.44641548,0.9546469259710937,2.0792956352233887,0.15948455035686493,0.3705212,0.9347706146513375,2.1640143394470215,0.0924420952796936,0.4625364,0.9435533675689747,2.157787799835205,0.15540729463100433,0.3952294,0.9366872673890142,2.4801459312438965,0.09152783453464508,0.36826774,0.9472830040588429,1.8813775777816772,0.2027551531791687,0.2350329,0.9413527391867907,1.9081584215164185,0.045360490679740906,0.5553003,0.9640221558284243,1.813143014907837,0.12170793116092682,0.39477056,0.9554133604334338,2.2012670040130615,0.040389206260442734,0.63487995,0.971570791570628,2.355820655822754,0.14882028102874756,0.33994943,0.9512228808782827,2.3738718032836914,0.057795289903879166,0.46030656,0.9655383585342537,2.0882160663604736,0.11243710666894913,0.34917003,0.9587906213625671,2.3648438453674316,0.11898714303970337,0.37883872,0.958258046371254,2.305410385131836,0.024162057787179947,0.42354196,0.985702858749255,1.6906541585922241,0.07679890096187592,0.5210832,0.950383368058476,1.9451334476470947,0.06027861312031746,0.554874,0.9421259669217013,1.9451262950897217,0.12353730201721191,0.39844456,0.949632436622795,2.1675808429718018,0.07687503099441528,0.5144714,0.9272537651235933,2.441504955291748,0.4182112514972687,0.52802944,0.5221660399092048,2.610525131225586,0.19840934872627258,0.14520569,0.39820154967479326,2.6898131370544434,0.147739976644516,0.11236107,0.6770314633858278,3.5758674144744873
0,0.04540487006306648,0.24841717,0.7180139175137856,3.0924501419067383,0.014027202501893044,0.21715489,0.5311905974922186,2.315385103225708,0.00022743447334505618,0.14445643,0.3108985803958896,1.5395249128341675,0.10669734328985214,0.3827084,0.963914002689713,1.5906479358673096,0.19328778982162476,0.31489265,0.9487401016537294,1.9591331481933594,0.108794204890728,0.41161755,0.9502282131555934,1.71165132522583,0.17545029520988464,0.35334125,0.9549615555650344,2.1835107803344727,0.11189880222082138,0.2736212,0.9542371731020687,2.014636516571045,0.28913670778274536,0.20982991,0.9571664481513383,1.5380926132202148,0.06448307633399963,0.48220646,0.9820722034793268,2.15195631980896,0.1513029932975769,0.34056363,0.9698678428719173,1.8894484043121338,0.07078217715024948,0.55147725,0.998034265030274,2.1191580295562744,0.19959302246570587,0.3119121,0.9677084891955557,2.371934175491333,0.07236474752426147,0.37552378,0.9821002603018701,2.3555071353912354,0.14705196022987366,0.29718503,0.968605712155867,2.260209798812866,0.13349103927612305,0.3709498,0.9800237967681248,2.2956907749176025,0.08193541318178177,0.39184842,1.0133778749536206,2.411726474761963,0.08721282333135605,0.48382086,0.9690443686503634,2.2786448001861572,0.07961266487836838,0.51382643,0.9680360789802138,1.68467378616333,0.13750746846199036,0.3235777,0.9868419642936858,1.866444706916809,0.14412666857242584,0.52277946,0.9389985577854887,2.4984445571899414,0.5357640385627747,0.47105908,0.5088714981580723,2.263988733291626,0.22322042286396027,0.17417212,0.4142147038047951,2.4670543670654297,0.12671589851379395,0.14697956,0.6939447696815539,3.5105628967285156
0,0.0398891419172287,0.2443907,0.7444097090978252,3.0138158798217773,0.022530267015099525,0.16869,0.549376300508002,2.2689154148101807,0.00022127585543785244,0.14067659,0.3199791175483105,1.3232141733169556,0.1205391213297844,0.34647322,0.9663610070640115,1.8467438220977783,0.20072783529758453,0.2538817,0.951366985541281,1.8824776411056519,0.11519679427146912,0.37025157,0.9507313953005553,1.8286519050598145,0.22930140793323517,0.30538464,0.9586032278231381,1.5806341171264648,0.12285412102937698,0.25301304,0.9537205793517851,2.0075039863586426,0.32090631127357483,0.18632378,0.9624748517861001,1.3640198707580566,0.06371214240789413,0.42771983,0.9886364498038143,2.199148178100586,0.17355164885520935,0.2745237,0.973868176805103,1.9696321487426758,0.08355878293514252,0.48973703,1.0031123604256973,2.1380510330200195,0.19259484112262726,0.22351393,0.9714868723498645,2.115401268005371,0.09452226758003235,0.2735812,0.986099544553911,2.142876148223877,0.15810151398181915,0.2106709,0.97139548234554,2.0983386039733887,0.16814492642879486,0.25440672,0.9760755032998638,2.21955943107605,0.06266164034605026,0.39200714,1.0099392762032484,2.059851884841919,0.12272355705499649,0.4446661,0.954599194542951,1.9270095825195312,0.11583086103200912,0.39691055,0.9425121492508256,1.6843364238739014,0.13662254810333252,0.3157847,0.9599837703319832,1.939349889755249,0.18869055807590485,0.43377587,0.9104835757953691,2.3436391353607178,0.5225326418876648,0.53017163,0.47536233577123865,2.160334587097168,0.2282816469669342,0.19293062,0.37997421765542916,2.3069489002227783,0.11605358868837357,0.16663367,0.638116008044748,3.1969985961914062
0,0.029713099822402,0.2372354,0.7428841256913551,2.686110496520996,0.011713549494743347,0.13437071,0.5636467497040261,1.9314134120941162,0.0003998798783868551,0.11472255,0.3222450928653427,1.0766710042953491,0.11312210559844971,0.32824892,0.9666256555148593,1.8750749826431274,0.1815599799156189,0.2300044,0.9521175927786156,1.7822227478027344,0.10077813267707825,0.35072222,0.939958901360924,1.9031254053115845,0.25387176871299744,0.25745916,0.9646115743080436,1.836290955543518,0.12704825401306152,0.25428465,0.951719835155458,1.6021431684494019,0.29466748237609863,0.17257716,0.972228832519995,1.4254062175750732,0.0815885066986084,0.43423277,1.0000986913664358,1.871983289718628,0.18830479681491852,0.29425657,0.984784665966645,1.796557903289795,0.10380376130342484,0.49771085,1.0091175667475376,1.99258291721344,0.20292823016643524,0.23261024,0.9767482838895633,2.0806946754455566,0.10806960612535477,0.3641663,0.9875207920673087,2.1911139488220215,0.19617122411727905,0.26477346,0.9776088615483561,2.4092049598693848,0.19172072410583496,0.31488708,0.9828265932500461,2.107928514480591,0.13885237276554108,0.3870252,1.000888944501057,2.253512382507324,0.19762344658374786,0.41014457,0.9295556653245197,2.204408884048462,0.17414695024490356,0.45577806,0.9068150726032462,2.0491647720336914,0.205842986702919,0.30451274,0.9469884112267765,1.9397326707839966,0.26829448342323303,0.49112958,0.8880552449043945,2.516371250152588,0.5709453821182251,0.51418954,0.4892106429841679,2.014953374862671,0.2213500738143921,0.20422527,0.3914341236525062,2.1795735359191895,0.13168956339359283,0.20169745,0.6344975122577416,3.1756153106689453
0,0.04382238909602165,0.26994216,0.7512645479574455,2.7850489616394043,0.01194072887301445,0.15363668,0.5664451693596576,1.9083470106124878,0.00023650786897633225,0.13362737,0.32225621992433295,1.1656973361968994,0.12986895442008972,0.3419299,0.9680774073239093,1.5909297466278076,0.20297525823116302,0.278093,0.9522664192373853,1.7222580909729004,0.12352114915847778,0.4119704,0.9402797200283138,1.5577332973480225,0.27617084980010986,0.3475625,0.9573994579831654,1.7696104049682617,0.12999975681304932,0.26960862,0.9437091896472021,1.2958474159240723,0.32829993963241577,0.17221373,0.9653264231497168,1.4435659646987915,0.11139875650405884,0.41240907,0.9980034070002922,1.8406411409378052,0.21220162510871887,0.3552947,0.9818892736347083,1.7554460763931274,0.10386542975902557,0.5127025,0.9994492207594224,2.191662073135376,0.21099957823753357,0.24638334,0.9772183491929266,2.24068546295166,0.11470932513475418,0.32813945,0.987338782208788,2.429563045501709,0.19596073031425476,0.30325347,0.9728618371733296,2.2789723873138428,0.2644548714160919,0.31610364,0.9693033249697091,1.9923049211502075,0.14146921038627625,0.41680595,1.0069555806990031,2.2609124183654785,0.20708848536014557,0.4464818,0.9318198107416958,2.216480255126953,0.2057744413614273,0.40948516,0.9081087205403995,2.0973873138427734,0.24791115522384644,0.31452686,0.9070535356855027,1.8633512258529663,0.312422513961792,0.49408123,0.8377254247969593,2.234341621398926,0.5927249789237976,0.4995971,0.40246892047940785,1.858190894126892,0.18212708830833435,0.21117075,0.30687129216486536,1.9803688526153564,0.1492108404636383,0.19518283,0.531196623019763,2.8328490257263184
0,0.05695447325706482,0.24150617,0.7353542431954415,3.1372458934783936,0.020681582391262054,0.17730914,0.5464882707294991,2.2701101303100586,0.00048144391621463,0.14576855,0.31650810268118135,1.2785230875015259,0.10447101294994354,0.36228928,0.9652750093715635,1.6908810138702393,0.19400307536125183,0.29012918,0.9484514426106733,1.7674373388290405,0.14141689240932465,0.40344578,0.9482785148602457,1.844468355178833,0.21124272048473358,0.331586,0.9559983476093563,1.755569577217102,0.12693944573402405,0.27803043,0.9543273554449812,1.810827612876892,0.29518046975135803,0.19603649,0.9593683812061744,1.7093524932861328,0.06157537177205086,0.48810908,0.9842208563364614,2.165015935897827,0.1671953648328781,0.30484325,0.9711068115093174,1.8169655799865723,0.07176844775676727,0.5588796,0.9985405629665957,2.2034876346588135,0.21992428600788116,0.27086106,0.9690393931733249,2.1528658866882324,0.08518955111503601,0.41704804,0.9849488622470632,2.3495657444000244,0.15134099125862122,0.26959738,0.9684580483579142,2.26979660987854,0.17049111425876617,0.3229443,0.9781249217970034,2.0115933418273926,0.045528434216976166,0.39803356,1.0110071562628555,1.9332151412963867,0.10821463167667389,0.47678292,0.9611422128309202,2.1078593730926514,0.10028724372386932,0.4493024,0.9541258464314674,2.0741453170776367,0.1372591257095337,0.3227711,0.9751199964380853,1.7428340911865234,0.1698322743177414,0.49914238,0.9259777833073978,2.490175247192383,0.5340378880500793,0.49526075,0.4855227105858469,2.2010834217071533,0.2236921489238739,0.17794016,0.3959315112151763,2.2599408626556396,0.13378112018108368,0.15478362,0.6840090027564073,3.4618380069732666
0,0.03757894039154053,0.26996142,0.7324796967454061,2.6421895027160645,0.012303206138312817,0.15448754,0.5397252578583429,1.816693902015686,0.00033649714896455407,0.111913815,0.31414204356046677,0.9964005947113037,0.12528793513774872,0.32344565,0.9703425974816706,1.687656044960022,0.20092184841632843,0.24418412,0.957438696312424,1.6407530307769775,0.10869523137807846,0.3595507,0.9448678569758603,1.7120349407196045,0.24906304478645325,0.26277447,0.9650651941537385,1.7960643768310547,0.11242712289094925,0.25305054,0.9492791715963798,1.5669045448303223,0.2792234718799591,0.18110642,0.9683548532444137,1.4138708114624023,0.08765745908021927,0.416808,0.994204751107658,1.8288655281066895,0.1842554360628128,0.27070743,0.9814500368336811,1.7957631349563599,0.10331104695796967,0.47234294,1.014280242983426,2.060345411300659,0.21853291988372803,0.21779263,0.9809218690591046,2.1540355682373047,0.10897556692361832,0.3118942,0.9940807168234772,2.3795406818389893,0.19749361276626587,0.22641481,0.9790856291425151,2.200056791305542,0.19785591959953308,0.2597352,0.9859973059789723,1.8793154954910278,0.13859882950782776,0.40222752,1.0238768078812144,2.2538862228393555,0.16591766476631165,0.429909,0.9567100570284679,2.0543437004089355,0.14936548471450806,0.4164031,0.9406992849374975,2.0562984943389893,0.18885883688926697,0.29450607,0.9685366745235949,1.8638885021209717,0.25984546542167664,0.4240011,0.9021473909574206,2.3795299530029297,0.5513970851898193,0.48736793,0.4642815443201604,2.0933315753936768,0.23243315517902374,0.22333431,0.3911639212224331,2.1967124938964844,0.14802558720111847,0.23094288,0.6641404891232294,3.242382287979126
0,0.05803900957107544,0.2689372,0.7371053666703951,2.90412974357605,0.014592538587749004,0.15426064,0.5507208589028613,2.1092031002044678,0.00047288453788496554,0.13104962,0.3154423291835993,1.101495623588562,0.12160610407590866,0.32994735,0.9697403738529958,1.7071261405944824,0.211884006857872,0.25228214,0.954071821684028,1.8255336284637451,0.10119757801294327,0.3785685,0.9477054919091158,1.799256682395935,0.24808324873447418,0.27548277,0.960542204331973,1.782875657081604,0.1293940246105194,0.26144934,0.9532681631803634,1.657736897468567,0.29726481437683105,0.18386313,0.9649532455039432,1.5165398120880127,0.07832571864128113,0.4392307,0.9906517114008563,1.8943520784378052,0.18111899495124817,0.2854109,0.9787712906741398,1.6120405197143555,0.09079143404960632,0.511306,1.0058194257562756,2.070997476577759,0.21664495766162872,0.2383167,0.9728357778845778,2.1975018978118896,0.10923943668603897,0.34141394,0.9847214161673093,2.2668282985687256,0.18986515700817108,0.2824406,0.9720902842160197,2.3644773960113525,0.1813974827528,0.284478,0.9787169724529512,2.1631765365600586,0.10891855508089066,0.3806659,1.0105801543842505,2.230489730834961,0.12836921215057373,0.4472273,0.9488605172959345,2.0110182762145996,0.12918107211589813,0.47435337,0.9383160796542163,2.004236936569214,0.16432195901870728,0.33384117,0.9571468268235004,1.7887320518493652,0.2283816635608673,0.47621703,0.9003943100245788,2.5288329124450684,0.5506654977798462,0.48153278,0.464124679174171,2.0488553047180176,0.24038080871105194,0.20085303,0.3833066731510643,2.225220203399658,0.14818954467773438,0.18675098,0.6446861320832629,3.227165460586548
0,0.05891704186797142,0.23038395,0.7338067786974042,3.2749524116516113,0.021767903119325638,0.18236868,0.5452772834276216,2.452483892440796,0.0005158497369848192,0.14113928,0.313102902095285,1.7135905027389526,0.09650401026010513,0.38454652,0.9622891594272768,1.8793789148330688,0.19022323191165924,0.29946128,0.9446103225518317,2.293199300765991,0.11162514984607697,0.41347474,0.9478496499439288,1.9033280611038208,0.17022165656089783,0.3502352,0.951896333406955,2.1440672874450684,0.10566660761833191,0.28518668,0.9543240571689562,2.114769220352173,0.2564728856086731,0.21715845,0.9561104723179104,1.6774895191192627,0.054103586822748184,0.52693737,0.9803010053335229,1.5560214519500732,0.1428808569908142,0.34136075,0.9689366666248542,1.6209120750427246,0.05001935735344887,0.548887,0.9925755294895259,2.431471586227417,0.15075954794883728,0.29839075,0.9639976847536801,2.411208391189575,0.07233120501041412,0.39925113,0.9786066689483297,2.267059803009033,0.15797118842601776,0.2773204,0.9644266553491755,2.1994781494140625,0.14098629355430603,0.36859736,0.9726313937577071,2.243899345397949,0.06058337166905403,0.38903844,1.0004218844357418,1.6510982513427734,0.07662789523601532,0.46850416,0.9584044588939379,1.8925902843475342,0.07858854532241821,0.49689698,0.9553701111846146,1.9073004722595215,0.12352565675973892,0.31338558,0.9729288245662543,1.9347867965698242,0.1291295737028122,0.5335901,0.9323877458181626,2.5913562774658203,0.4795466661453247,0.49630204,0.5084894917563421,2.415400981903076,0.21720096468925476,0.17503977,0.41357798010872293,2.574995517730713,0.1352478265762329,0.14251706,0.6884924204019558,3.500814199447632
0,0.034421779215335846,0.27424407,0.7369063874749504,2.5928614139556885,0.00900132954120636,0.13069348,0.5375877620686035,1.8230700492858887,0.00016275461530312896,0.11719927,0.3178019762083841,1.1735438108444214,0.12024387717247009,0.3311787,0.9687920260301898,1.7692461013793945,0.18927337229251862,0.2646301,0.9551286089492246,2.1854591369628906,0.11912547051906586,0.3934258,0.9452393440111432,1.650580883026123,0.25788307189941406,0.30390525,0.9687148102089302,1.700127363204956,0.1329176276922226,0.24940194,0.9544735134549304,1.9470912218093872,0.2806422710418701,0.19621791,0.9736087582156886,1.6701067686080933,0.09711713343858719,0.45037955,0.9993187757415801,1.8371672630310059,0.17807431519031525,0.293717,0.9854652731180769,1.7666337490081787,0.1068926677107811,0.510074,1.018291319353779,2.0575997829437256,0.2191750854253769,0.2505036,0.9846078811324535,2.316261053085327,0.10981445014476776,0.34554103,0.9912932380636919,2.335498809814453,0.22978824377059937,0.23441151,0.9785722749903936,2.392193555831909,0.21430031955242157,0.29481742,0.990006077937835,2.010977029800415,0.13593332469463348,0.38383675,1.019016879046825,2.378774642944336,0.1864042431116104,0.45842654,0.9452614304868867,2.037177562713623,0.15994097292423248,0.44993404,0.9374440279561821,2.045330762863159,0.20320788025856018,0.32479402,0.9662684921161634,1.7791354656219482,0.2810926139354706,0.47304335,0.8940084980390267,2.4718501567840576,0.6011290550231934,0.42767152,0.4760290498710266,1.9470235109329224,0.24305586516857147,0.20463398,0.38976529622765416,2.1401734352111816,0.13917548954486847,0.1940602,0.6727883648969791,3.3497414588928223
0,0.042027030140161514,0.2515739,0.7208776564545569,3.196075916290283,0.020996928215026855,0.19983885,0.5331946427370104,2.442930221557617,0.00032970987376756966,0.14596105,0.3103866694390994,1.633926272392273,0.10360004007816315,0.39200708,0.9620353784174103,1.7187294960021973,0.14984074234962463,0.31926084,0.9459436332082363,2.2752468585968018,0.11313033849000931,0.4253937,0.9490639916846496,1.5785222053527832,0.16475909948349,0.37359846,0.951386541549835,2.1602227687835693,0.09654668718576431,0.29838026,0.950571727785557,2.0835657119750977,0.2641296684741974,0.22916782,0.9527851295967042,1.5139117240905762,0.06719151884317398,0.5129304,0.9752327552158498,1.739891529083252,0.14647991955280304,0.33999476,0.9646657931653201,1.6227186918258667,0.07547709345817566,0.5190991,0.9889437734137556,2.265679121017456,0.18031883239746094,0.3057466,0.9629544214458218,2.057152509689331,0.06963744759559631,0.4206385,0.9787031711891298,2.490558385848999,0.125556081533432,0.2908882,0.9637342906191073,2.2808339595794678,0.13556276261806488,0.34563884,0.9714268096598448,2.3266942501068115,0.042241666465997696,0.41966963,1.0042298568135994,2.1437203884124756,0.07772579789161682,0.4791016,0.9662592677492822,2.1746089458465576,0.07348016649484634,0.5049331,0.9623447229182758,1.9897246360778809,0.12015029788017273,0.33307558,0.9730820419053762,1.9294624328613281,0.1388496458530426,0.51965153,0.9318665978653884,2.5565686225891113,0.4792088270187378,0.49823293,0.49277756673771966,2.416405200958252,0.2147015631198883,0.17213616,0.40691312112606143,2.4785871505737305,0.13732662796974182,0.15536888,0.689830104621376,3.5120232105255127
0,0.04572812840342522,0.25112763,0.7291953942301579,3.070359230041504,0.014812227338552475,0.15378888,0.5369357759070587,2.3127799034118652,0.0006131773116067052,0.1374693,0.31254683024440216,1.2899212837219238,0.10622306168079376,0.349946,0.9658003979892467,1.8127118349075317,0.1765262633562088,0.274965,0.9499132168499115,1.983694314956665,0.09274494647979736,0.4066834,0.9490076848326069,1.7952674627304077,0.20533226430416107,0.32792482,0.9566989651939579,1.963443636894226,0.12016389518976212,0.2711415,0.9532680879605292,1.713698387145996,0.30089929699897766,0.19735032,0.9598316895270533,1.4424490928649902,0.08088361471891403,0.46620077,0.9826327954625451,1.9668899774551392,0.1668328493833542,0.31012478,0.971646442516637,1.768601655960083,0.07559235394001007,0.53277177,0.9970431049930714,1.9195740222930908,0.15787145495414734,0.259412,0.9708246796939842,1.8820692300796509,0.0797509029507637,0.36671352,0.983035033895287,2.101285457611084,0.15793952345848083,0.25139502,0.9672816038371457,2.3459386825561523,0.154520183801651,0.29944685,0.9748530308918887,2.2543227672576904,0.08095581084489822,0.40634245,1.0010707104307568,2.130366086959839,0.10231927037239075,0.47709614,0.9538269341312429,2.0100109577178955,0.098380446434021,0.46242192,0.9465573159405359,1.8141887187957764,0.1319374144077301,0.32448655,0.9670652626148684,1.8514299392700195,0.1878611147403717,0.48587292,0.9219540608599468,2.4610631465911865,0.5436999201774597,0.4723119,0.48217992773678114,2.2059335708618164,0.24559344351291656,0.18727988,0.3917437242818617,2.338071823120117,0.12691500782966614,0.16503128,0.669561936697913,3.416856288909912
0,0.030376723036170006,0.2539845,0.7283301910586744,3.077944755554199,0.019317705184221268,0.16034314,0.5398320897137742,2.26975154876709,0.0004336301062721759,0.12791692,0.3128093429047374,1.2197916507720947,0.10465091466903687,0.36024758,0.9655309552525021,1.7751271724700928,0.18161046504974365,0.28503984,0.9492088323597064,2.0178375244140625,0.10415668040513992,0.40831876,0.9463854651641954,1.7831028699874878,0.21064788103103638,0.32608563,0.9569762273515724,2.0197572708129883,0.12358424812555313,0.26949906,0.952204339888575,1.6359150409698486,0.282010555267334,0.20164402,0.959556737026304,1.6304023265838623,0.06908237934112549,0.47208962,0.9826905845813095,1.8694535493850708,0.1531449556350708,0.31245312,0.9723187852256454,1.4789292812347412,0.06903579086065292,0.52672255,0.9948838122653736,2.1203062534332275,0.14988355338573456,0.2660302,0.9688180994378476,2.168962240219116,0.07060637325048447,0.36726093,0.9807370818119271,2.291177272796631,0.13088828325271606,0.26929072,0.9676191209006192,2.1183676719665527,0.12622642517089844,0.3200992,0.9744440491216183,1.8435245752334595,0.06672287732362747,0.4074441,0.9985402752891978,2.312675714492798,0.07396126538515091,0.47784707,0.953759256100135,2.434035301208496,0.08069553226232529,0.51082027,0.9470794390421887,2.0215017795562744,0.12576593458652496,0.36728382,0.9709412728014089,1.7601248025894165,0.1547749936580658,0.51355183,0.927505052119404,2.481861114501953,0.49331557750701904,0.46475354,0.4992882307880557,2.314662218093872,0.23701509833335876,0.1898915,0.4102064217417677,2.387638807296753,0.13597816228866577,0.1628555,0.6988059328257624,3.54935884475708
0,0.03757413849234581,0.24108092,0.7350375414076362,3.1016812324523926,0.014228384010493755,0.15843676,0.5456510550280583,2.1894519329071045,0.0006981847109273076,0.15436509,0.3187854477196901,1.2899054288864136,0.12236665934324265,0.34593782,0.9681779485880188,1.743043303489685,0.2223200798034668,0.254433,0.9514214387383217,1.9242417812347412,0.11259137094020844,0.37079266,0.9508733813053588,1.7591216564178467,0.2226625382900238,0.29937086,0.9571153695948195,1.8902971744537354,0.12985850870609283,0.2683036,0.9540129643477695,1.9518073797225952,0.2987011671066284,0.17634833,0.9610214983293285,1.6409912109375,0.07025530934333801,0.4380756,0.9907587954834853,1.9023109674453735,0.18211175501346588,0.300612,0.9772318928290628,1.4257460832595825,0.08158641308546066,0.4435656,1.0045072946152247,2.028684616088867,0.19543351233005524,0.22916245,0.9697094834953589,2.1723580360412598,0.0890246108174324,0.26174128,0.9843495100194611,2.3306355476379395,0.138704314827919,0.23408729,0.9707322473273183,2.0404305458068848,0.16756968200206757,0.23922925,0.9786876363907666,1.6148931980133057,0.081466443836689,0.40095684,1.0119636231989484,2.398825168609619,0.09744684398174286,0.46549287,0.9596915692155644,2.135035991668701,0.10250133275985718,0.43516183,0.9527255880967322,1.960397481918335,0.12764394283294678,0.3178642,0.967769380337055,1.934749722480774,0.18481166660785675,0.4557895,0.9183597072403891,2.535613775253296,0.5419132113456726,0.4896758,0.4759454188096859,2.2128074169158936,0.2339959293603897,0.17439303,0.3949514418894662,2.2791645526885986,0.1266254484653473,0.16687605,0.6575418239651726,3.3696694374084473
1,0.06668530404567719,0.26557717,0.7379323832618025,3.538539409637451,0.033028021454811096,0.2141518,0.5701176511865343,2.7842633724212646,0.0006543785566464067,0.15929855,0.30916725846717413,1.8818496465682983,0.09982588142156601,0.41878965,0.9562454197022564,1.9466512203216553,0.14999805390834808,0.34555173,0.9378080922686084,2.309695243835449,0.08648723363876343,0.47806028,0.9458247223288406,1.910386562347412,0.16364924609661102,0.40489793,0.939746991727546,2.181356430053711,0.10771115124225616,0.3640308,0.9500990376445373,1.866794228553772,0.19215771555900574,0.24914795,0.9465208587173375,1.7196099758148193,0.045436788350343704,0.5401086,0.9693327543355422,2.1156327724456787,0.12581974267959595,0.40461498,0.9597327086597979,1.8563134670257568,0.07821943610906601,0.61413157,0.9759597034646187,2.502490520477295,0.13153250515460968,0.32436785,0.954368404134883,2.161534547805786,0.08004400879144669,0.46309263,0.9673653648360876,2.4504475593566895,0.10946603119373322,0.3075621,0.9572705135631515,2.510580062866211,0.11188402026891708,0.36603805,0.9559949853423361,2.132185220718384,0.026346754282712936,0.4129848,0.9860673600433748,1.9876620769500732,0.07044173777103424,0.523973,0.9477279206595788,1.8262710571289062,0.07286279648542404,0.49226838,0.940661572634003,1.7068318128585815,0.11354152858257294,0.38280433,0.9505894320751834,2.2492380142211914,0.11542949080467224,0.5407734,0.9265257873544805,2.2880442142486572,0.4749559462070465,0.5263786,0.5065659361579058,2.3952128887176514,0.23295846581459045,0.16219617,0.3982709214937905,2.513097047805786,0.17286346852779388,0.10386435,0.674852243127818,3.448763132095337
0,0.037832897156476974,0.26621494,0.7440966259821757,2.9680709838867188,0.021497385576367378,0.14986283,0.5462043379131117,2.1287500858306885,0.0003815309901256114,0.13029106,0.3185531646674955,0.9117947816848755,0.11484295129776001,0.349825,0.9677230372036467,1.5095196962356567,0.14201462268829346,0.254193,0.9518742760570484,2.1005759239196777,0.09739073365926743,0.37455922,0.9450208048469388,1.8554586172103882,0.21574784815311432,0.28574795,0.9633163455581918,1.6368016004562378,0.10823033004999161,0.2665382,0.9544009803448177,1.8483917713165283,0.26866868138313293,0.18861836,0.9674856825870813,1.4245340824127197,0.07378561049699783,0.4499246,0.9915377727661292,1.67599618434906,0.15799543261528015,0.30980387,0.9776284747249406,1.7822480201721191,0.09051404893398285,0.51810884,1.0014592384805485,2.0636146068573,0.19059503078460693,0.25196543,0.9730908075432128,2.1028716564178467,0.09272585809230804,0.36877325,0.980652034707415,2.1663882732391357,0.18623025715351105,0.27293798,0.9718249385613356,2.31034255027771,0.1741766333580017,0.31876814,0.9768103892612815,2.1035211086273193,0.08449731767177582,0.3990739,1.0067656820582462,2.2013564109802246,0.17185020446777344,0.42822325,0.9555921612573232,2.1034090518951416,0.13288867473602295,0.489904,0.942807546413134,1.9233934879302979,0.1667233109474182,0.31431058,0.9646520620647483,1.6291395425796509,0.2053443193435669,0.47323152,0.9114277826420263,2.6754488945007324,0.5273665189743042,0.4911817,0.49586271973160034,2.1649303436279297,0.20139345526695251,0.186065,0.4220563346463195,2.445533275604248,0.13065265119075775,0.17415088,0.6791934624032124,3.407607316970825
0,0.04540575295686722,0.25167948,0.7277364069864863,3.2366456985473633,0.02487877383828163,0.17843544,0.5465326614468728,2.503941774368286,0.0004380475147627294,0.15307084,0.31302555218991823,1.636987328529358,0.08702316880226135,0.37567213,0.9626661318901711,1.9796098470687866,0.2002360224723816,0.2979935,0.945001426321629,1.806311845779419,0.11283300071954727,0.40952432,0.9485359537733042,1.8796639442443848,0.17992103099822998,0.36383605,0.9517639780749643,1.891845464706421,0.1008044108748436,0.28470472,0.9527569932317471,2.1777186393737793,0.26671892404556274,0.21514606,0.9556762106352011,1.5370278358459473,0.055700529366731644,0.5031111,0.9802561399134642,2.2782528400421143,0.1576756089925766,0.31691128,0.9681042889574554,1.737965703010559,0.06457938998937607,0.52406764,0.9924504485002744,2.134817361831665,0.1710454821586609,0.28484157,0.9641444573445315,2.2952585220336914,0.06209214776754379,0.41567075,0.9800452119318109,2.3524980545043945,0.120958611369133,0.2783854,0.9651029254673122,2.148362398147583,0.12595872581005096,0.32996514,0.9729304384523801,2.434868335723877,0.05103784427046776,0.4123965,0.9984211585661886,2.4207377433776855,0.08393284678459167,0.47353,0.9581475744787981,2.0508339405059814,0.07430029660463333,0.45086503,0.9509419474184795,1.8538126945495605,0.11650566756725311,0.34886062,0.9704736968940739,1.9981155395507812,0.13057288527488708,0.51606524,0.9265250080974332,2.382434844970703,0.483567476272583,0.47859576,0.49426161998022217,2.3520348072052,0.21885442733764648,0.17138064,0.39302220088176765,2.4491491317749023,0.14726406335830688,0.14905417,0.6805457497482548,3.464911699295044
0,0.046932198107242584,0.2582781,0.7367394269067375,3.053068161010742,0.018563998863101006,0.16139346,0.5517296316329906,2.259901523590088,0.000394065777072683,0.14604732,0.31402099168180714,1.3610296249389648,0.10931631177663803,0.35936016,0.9665305597010821,1.7918521165847778,0.1836695522069931,0.27124184,0.9512074597278518,2.113438606262207,0.119239941239357,0.403076,0.9505440985288335,2.0007593631744385,0.22522856295108795,0.3246456,0.9595375432439663,1.9665335416793823,0.10703898966312408,0.26716703,0.9556057623717152,1.8311021327972412,0.2954506576061249,0.2045082,0.9634585376042857,1.4937788248062134,0.06038447096943855,0.47460988,0.984842961198112,2.1984379291534424,0.17259322106838226,0.32298112,0.9740466301083052,1.8873919248580933,0.0945281907916069,0.5433591,0.9984796293447389,2.18636417388916,0.17105594277381897,0.26938602,0.971046381823412,1.8708566427230835,0.08357472717761993,0.4207215,0.9839281470532547,2.371767520904541,0.19044001400470734,0.2957203,0.9699642170906538,2.304218053817749,0.16751281917095184,0.3231306,0.9770459621455405,2.163206100463867,0.057458993047475815,0.39864025,1.0074958604268318,2.3324408531188965,0.18319019675254822,0.4678486,0.9494160858697562,2.173708438873291,0.09609750658273697,0.45888174,0.94028522756872,2.0674891471862793,0.14126205444335938,0.33123946,0.9630710993088044,1.9859026670455933,0.19678975641727448,0.52217066,0.9129134724376514,2.6430013179779053,0.5358659625053406,0.47818545,0.48702031704438975,2.147996664047241,0.22579452395439148,0.17025329,0.3879177596433252,2.3458142280578613,0.14846138656139374,0.15642864,0.6736748459925348,3.4039504528045654
1,0.04585450887680054,0.26285902,0.7581519027631878,3.175950527191162,0.02754431590437889,0.18050891,0.5923343475260626,2.3610363006591797,0.0005805132095701993,0.1519044,0.31389324228185805,1.3569350242614746,0.10083553194999695,0.38152653,0.9664936663901668,1.6333019733428955,0.1374242752790451,0.31725273,0.951735564954558,1.9328478574752808,0.08265700936317444,0.4295216,0.9498864367167035,1.9181822538375854,0.23814603686332703,0.33342606,0.9543730477203433,1.704958200454712,0.09674202650785446,0.3123409,0.9478165852120349,1.4837605953216553,0.27091121673583984,0.20295124,0.9612526355136916,1.4990880489349365,0.07436804473400116,0.43446437,0.9799285523618931,2.074737787246704,0.18170049786567688,0.3546066,0.9720151338505472,1.6519464254379272,0.08723068237304688,0.54339,0.9878533902306968,1.9657082557678223,0.18415327370166779,0.2709455,0.972255553263358,1.888138771057129,0.0958927571773529,0.33842468,0.9860709678422108,1.9770727157592773,0.1920379102230072,0.28078195,0.9679723192201086,1.8864092826843262,0.18947678804397583,0.3297932,0.9654828185333835,2.1558048725128174,0.05668601766228676,0.41056356,0.9891729179650854,2.2192671298980713,0.17417126893997192,0.45247206,0.9352144790901804,1.920155644416809,0.1959221065044403,0.44216666,0.9085487523573094,1.758858561515808,0.20121394097805023,0.3110154,0.9090910914980967,1.728751301765442,0.2312154471874237,0.49581587,0.8689674653575802,2.297863483428955,0.560596227645874,0.48692945,0.4236468244951603,1.8965290784835815,0.19691944122314453,0.17212676,0.3092235772467717,2.1410248279571533,0.14780476689338684,0.13958658,0.5559306174673876,3.0460081100463867
0,0.0646190494298935,0.24523948,0.7349136930704149,3.0847649574279785,0.026872502639889717,0.15992913,0.5448147668586466,2.3002219200134277,0.0002649848465807736,0.14836352,0.3141520590864753,1.3535518646240234,0.09581534564495087,0.35340953,0.9652162328183496,1.7864934206008911,0.17374899983406067,0.27575505,0.9500262789528009,2.022871971130371,0.10226618498563766,0.39275262,0.9507574561513061,1.813516616821289,0.19376938045024872,0.33863312,0.9584143766017219,1.8921644687652588,0.12892024219036102,0.27129152,0.9552273768163327,2.041267156600952,0.28252965211868286,0.19218685,0.961260563713353,1.5725114345550537,0.06013720855116844,0.46525648,0.985444809158328,2.070239782333374,0.16975200176239014,0.3009108,0.972700914724172,1.6117832660675049,0.06487355381250381,0.5359917,0.9975328021965656,1.9186384677886963,0.1935049295425415,0.2482312,0.9692194120438735,1.8862918615341187,0.08287956565618515,0.3842558,0.9810743379831122,2.2802326679229736,0.15531250834465027,0.26303267,0.9693003416382214,2.1026673316955566,0.16664472222328186,0.33841145,0.9763682584805454,2.1200320720672607,0.06306077539920807,0.39906508,1.004536253323018,2.3047852516174316,0.17648328840732574,0.4533274,0.9541549838878648,2.2977051734924316,0.10375544428825378,0.47353813,0.9442433713689823,2.1224987506866455,0.1473720520734787,0.3302301,0.9655057255057256,1.7496229410171509,0.18484041094779968,0.5052144,0.9157634327873757,2.280479907989502,0.5224989652633667,0.49061278,0.48324281870366054,2.1484272480010986,0.21623004972934723,0.18752609,0.39027741956283446,2.3148932456970215,0.12852224707603455,0.15913764,0.6748018867438716,3.428131580352783
1,0.0367141030728817,0.23536284,0.7478390426691551,2.828216791152954,0.017490003257989883,0.14617647,0.5496391584171776,2.004240036010742,0.0004137781506869942,0.12048272,0.32042950723616964,1.0325220823287964,0.12294156104326248,0.3418875,0.9669979936872584,1.4452402591705322,0.15999343991279602,0.2451791,0.9512953290309828,1.9324407577514648,0.1110461875796318,0.36986697,0.9412082289896402,1.8355897665023804,0.20525068044662476,0.2764306,0.9659932716728806,1.633313775062561,0.10327715426683426,0.25513837,0.9506295870862563,1.83285653591156,0.278105765581131,0.18928108,0.9701524944388837,1.3778667449951172,0.0844193547964096,0.45451763,0.9945777927618905,1.9600534439086914,0.1876946985721588,0.28782347,0.9811498865761942,1.7567508220672607,0.10380423069000244,0.49007937,1.001548851992889,2.0582985877990723,0.20831426978111267,0.23603266,0.9755836465253886,2.2259302139282227,0.10848761349916458,0.34283435,0.981272753074118,2.122973680496216,0.18891718983650208,0.26012725,0.9735059927214808,1.9794925451278687,0.2012900561094284,0.3051837,0.9781988712480955,2.088062047958374,0.10867155343294144,0.41300204,1.0070543600105335,2.152066469192505,0.17285846173763275,0.43732145,0.9491728059275988,2.225677490234375,0.16831864416599274,0.4824823,0.9309912531292609,2.0023610591888428,0.20398443937301636,0.3319103,0.9600793343422857,1.6922504901885986,0.2412213385105133,0.4569692,0.893818143409778,2.451078176498413,0.5219103097915649,0.5054954,0.48894899362937705,2.136756658554077,0.20369312167167664,0.20729294,0.4165202566428937,2.2754671573638916,0.12094275653362274,0.1922288,0.6824348765996292,3.388364791870117
1,0.040767520666122437,0.26920778,0.7427577249020799,3.045419216156006,0.029702652245759964,0.16631688,0.5764118824374007,2.2943058013916016,0.00046498686424456537,0.13575485,0.3142152274340505,1.3300412893295288,0.10325830429792404,0.4136262,0.9648341685039991,1.643605351448059,0.16596122086048126,0.30817673,0.9501771511501944,1.8016738891601562,0.11361038684844971,0.401403,0.9467506766608691,1.731440544128418,0.21378561854362488,0.363384,0.9542387414285051,1.6414060592651367,0.08587311208248138,0.3596594,0.9488182923940374,1.619266152381897,0.2736455202102661,0.21445905,0.9615523454851133,1.4019463062286377,0.07823058217763901,0.48475486,0.98092771682145,1.8620994091033936,0.16873162984848022,0.3513806,0.9760878360413843,1.5426568984985352,0.08769958466291428,0.55144894,0.988616303201917,1.8733142614364624,0.17400558292865753,0.26994705,0.9747017212287156,2.077568292617798,0.08488386869430542,0.36877242,0.9862617182088744,2.2463486194610596,0.17970876395702362,0.26157075,0.9676971551537356,2.27243709564209,0.21338708698749542,0.30701953,0.9654257017108926,2.008039712905884,0.0655667781829834,0.41600624,1.0025271339966126,2.055816411972046,0.18440134823322296,0.4639105,0.9426776039674963,1.9741158485412598,0.15911008417606354,0.43686548,0.9238328041338784,1.6257944107055664,0.1894889920949936,0.33129653,0.9233820785682265,1.7031397819519043,0.25413426756858826,0.45034057,0.8650455349438351,2.3297133445739746,0.568922758102417,0.48511508,0.4341056909033533,1.9346299171447754,0.21071359515190125,0.15349193,0.31386091376717734,2.142803907394409,0.16143056750297546,0.11337395,0.5584930852378417,3.0249710083007812
0,0.0270159263163805,0.27508077,0.7355187788451347,2.6931278705596924,0.007950772531330585,0.1495588,0.5365955827562778,1.7572276592254639,0.00023311762197408825,0.11733803,0.31819186876666267,1.1201914548873901,0.12997236847877502,0.33163026,0.9705231756241277,1.6400556564331055,0.20978085696697235,0.26844358,0.9592078134263702,1.8384051322937012,0.11446050554513931,0.38027576,0.9464162499158006,1.6639907360076904,0.26161643862724304,0.29463208,0.9665509099309234,1.7239172458648682,0.11924146860837936,0.27821496,0.9509726668231634,1.6796438694000244,0.3069629669189453,0.19247451,0.9701584443742199,1.6599726676940918,0.10212388634681702,0.43633547,0.9988025721752902,1.7944244146347046,0.1833421289920807,0.30529928,0.9843396600169632,1.8984194993972778,0.12114182114601135,0.51952946,1.0202432998559856,2.17704439163208,0.19648198783397675,0.23685344,0.9822583778893887,2.395625114440918,0.12724830210208893,0.34519655,0.9935010417446657,2.327601194381714,0.2166471928358078,0.2829533,0.9813750750177105,2.1328017711639404,0.204430490732193,0.3077989,0.9885514869690277,2.0607047080993652,0.1560629904270172,0.37523937,1.031538867829915,2.53527569770813,0.236196830868721,0.46910712,0.9616205306418166,2.217599868774414,0.1749640554189682,0.41440815,0.9446432039436157,2.070598602294922,0.20091114938259125,0.3199726,0.9657318634452171,1.9809179306030273,0.2577359974384308,0.46474522,0.9003074426416554,2.5324060916900635,0.5863898396492004,0.47174338,0.4541289375010486,1.975866675376892,0.2553578317165375,0.22983263,0.38783266620483126,2.2899410724639893,0.1569647490978241,0.2199455,0.6549623200997824,3.244265079498291
0,0.03478957340121269,0.26321754,0.737148469606693,2.987736701965332,0.013343613594770432,0.13017797,0.5497504906379369,2.13450288772583,0.0006618997431360185,0.13914762,0.3198678693568798,1.0113309621810913,0.09179545938968658,0.34962595,0.9675581530932242,1.8581211566925049,0.17535050213336945,0.24864425,0.9482098688698455,2.170619487762451,0.10138461738824844,0.3703888,0.9427283260439158,1.698746681213379,0.20801229774951935,0.29787838,0.9588172015163513,1.9661633968353271,0.10384324193000793,0.26297584,0.9493356808705639,1.820379376411438,0.28517284989356995,0.19013947,0.9651218767878007,1.5235599279403687,0.06345976144075394,0.45256656,0.9900212529632922,2.1104183197021484,0.1616220772266388,0.2782055,0.9801320330260155,1.7064319849014282,0.0988723561167717,0.4978402,1.0141214468412898,2.2201173305511475,0.16284556686878204,0.22880018,0.975628290968328,2.379816770553589,0.08873335272073746,0.37891412,0.9909685065850432,2.3259310722351074,0.15070341527462006,0.2550488,0.9757316930495843,2.0098750591278076,0.16330289840698242,0.30604413,0.9824543576038023,2.099402904510498,0.07424311339855194,0.39987722,1.0104634993640642,2.3578269481658936,0.1290605664253235,0.47321302,0.950657738544233,2.3004987239837646,0.13264235854148865,0.49539644,0.9419603256777213,2.03961181640625,0.15265825390815735,0.35380495,0.9658956790290965,1.8692668676376343,0.20743225514888763,0.44712254,0.9133634663480271,2.591417074203491,0.5204319357872009,0.48739746,0.5047598628937713,2.266401529312134,0.24457144737243652,0.19613728,0.4186175544842699,2.3484315872192383,0.12336219847202301,0.17867547,0.6831774608956949,3.4189391136169434
1,0.04493479058146477,0.25683647,0.7532893894892402,3.1294314861297607,0.029299771413207054,0.16701646,0.5809886171081707,2.366626262664795,0.0006630646530538797,0.14298598,0.3117823874723204,1.3357843160629272,0.11218775808811188,0.3781224,0.9659262693685615,1.1349973678588867,0.20814307034015656,0.32981598,0.9523270566905186,1.4183433055877686,0.10602028667926788,0.4251902,0.9511673240637802,1.9688549041748047,0.2582021653652191,0.3159784,0.9520995071324867,1.63032066822052,0.09756550937891006,0.33926594,0.9511586820468951,1.3411086797714233,0.28474193811416626,0.19764575,0.9612781182301153,1.1957809925079346,0.077256940305233,0.45320883,0.9841136274280309,1.9202101230621338,0.17260505259037018,0.3144273,0.9727096235381801,1.753173589706421,0.07532640546560287,0.5015548,0.9889617597098257,2.0337839126586914,0.1842508763074875,0.27514777,0.9742989914781297,2.025886058807373,0.0866859182715416,0.34784853,0.9859013998149527,2.3064560890197754,0.1893385946750641,0.28627735,0.9734926920188884,1.9057034254074097,0.21454216539859772,0.3035205,0.9666904745141779,1.8306474685668945,0.05124024674296379,0.42162353,1.0022405585920922,2.0778489112854004,0.15427500009536743,0.47699752,0.9438446137395093,1.8875318765640259,0.16317276656627655,0.42737013,0.9223253605655206,1.59666109085083,0.21149992942810059,0.2996213,0.916871567674894,1.6832280158996582,0.24033485352993011,0.42931777,0.8687322525703174,2.336912155151367,0.604349672794342,0.49922037,0.4189662603395566,1.7208997011184692,0.23739220201969147,0.17153141,0.3006247631509906,2.1123297214508057,0.16748438775539398,0.12820557,0.5423535899625804,2.9855034351348877
1,0.03197280690073967,0.25751886,0.7345293442569089,2.8784360885620117,0.020632557570934296,0.17711747,0.5461622592759675,2.0578773021698,0.0001130152668338269,0.13739108,0.3152316017505072,1.1740468740463257,0.10793394595384598,0.35509202,0.9682800639945843,1.8012051582336426,0.21626828610897064,0.25912812,0.9521537646089075,1.8938833475112915,0.1252775639295578,0.38551468,0.945858951002532,1.536488652229309,0.2598641812801361,0.2876044,0.963113655795181,1.9090142250061035,0.13531744480133057,0.25036618,0.9534348105475294,1.7515714168548584,0.28912225365638733,0.16991234,0.9646304998664272,1.7627689838409424,0.09063001722097397,0.44756198,0.9956730601259268,2.153517484664917,0.167966827750206,0.30731595,0.9830544019889895,1.8114126920700073,0.10610494017601013,0.4749294,1.008648159729886,2.0000898838043213,0.1988714337348938,0.22405939,0.9733835391057843,2.4199037551879883,0.10399960726499557,0.31174946,0.9878959706742376,1.9622077941894531,0.1967918425798416,0.27103654,0.9736046645933902,2.0402495861053467,0.2018052041530609,0.2498988,0.9799922138901791,1.8229084014892578,0.1332245022058487,0.39258155,1.0074079099566904,2.1570401191711426,0.13859963417053223,0.48650432,0.9549223518071883,1.928462028503418,0.12665238976478577,0.46413282,0.9473362473953902,2.104360580444336,0.16482050716876984,0.35089448,0.9791835731909402,1.8004798889160156,0.21419332921504974,0.4611264,0.9090072459299815,2.3431787490844727,0.5699387192726135,0.47624254,0.48248585775776737,2.0745444297790527,0.21344102919101715,0.21368787,0.4034625869710997,2.289639949798584,0.13875718414783478,0.1908641,0.6787275702830518,3.400230884552002
0,0.03985624760389328,0.22968479,0.7267755888690592,3.082369804382324,0.022824425250291824,0.16571662,0.541125627509111,2.309164524078369,0.0007005712832324207,0.13930239,0.3150438265722938,1.3668980598449707,0.11000265181064606,0.34983897,0.9656658073953657,1.8158454895019531,0.18866808712482452,0.2796909,0.9494296243530144,2.014153003692627,0.10832701623439789,0.40611166,0.9502418424878623,1.7444419860839844,0.21737203001976013,0.3041039,0.9547819085862653,1.9920227527618408,0.1276998370885849,0.27636716,0.9545027983297473,1.8772456645965576,0.2761930823326111,0.18795107,0.9583075202920872,1.6141613721847534,0.07705909758806229,0.46770963,0.9837609593159238,1.8407611846923828,0.1681671291589737,0.3001168,0.9715597640433304,1.6116082668304443,0.07238628715276718,0.55526644,0.9994912718266916,2.268251419067383,0.21003693342208862,0.25458318,0.9666267582918361,2.3842999935150146,0.08056836575269699,0.3604914,0.9813612055390629,2.3949103355407715,0.14729204773902893,0.27124128,0.9664754461135316,2.3432414531707764,0.15223905444145203,0.29891253,0.9741781437769149,2.1747560501098633,0.07208241522312164,0.3960688,1.0028456893095314,2.208743095397949,0.09833472967147827,0.4718777,0.9554491659188926,2.1397767066955566,0.09399690479040146,0.4470998,0.9512798993338868,1.8437325954437256,0.1254086047410965,0.31530055,0.9660562724513256,1.8909507989883423,0.17210093140602112,0.48772705,0.9205636087601192,2.6430835723876953,0.5213033556938171,0.5104112,0.4723877168925769,2.2282745838165283,0.22426745295524597,0.18946773,0.3878665059528016,2.4446418285369873,0.12159224599599838,0.15351352,0.6526258028502271,3.2802412509918213
0,0.04847841337323189,0.2591666,0.7325623228256585,2.9690279960632324,0.01610736921429634,0.16136663,0.5338446784471962,2.0978920459747314,0.0002577881678007543,0.14248443,0.320323702177553,1.2734313011169434,0.11156485974788666,0.36006844,0.9677868073457317,1.8317673206329346,0.22214330732822418,0.29251426,0.9524128315789686,2.046780824661255,0.12172027677297592,0.38982588,0.9497813180132908,1.7685472965240479,0.23915264010429382,0.3296274,0.9618962665282397,1.9264798164367676,0.11344116181135178,0.2743633,0.9565764919352788,1.5981619358062744,0.29707396030426025,0.20043206,0.9636974961971533,1.5763705968856812,0.0692279115319252,0.44715348,0.9863388182936113,2.1333606243133545,0.1628766655921936,0.3196873,0.9768395315749562,1.8336472511291504,0.09044549614191055,0.52883893,1.005648917474714,2.2530319690704346,0.20700575411319733,0.2687186,0.9736837986405483,2.2134265899658203,0.088530033826828,0.35157093,0.9864883041283697,2.215466022491455,0.1523219794034958,0.27745643,0.9735796022962488,2.3252758979797363,0.17348484694957733,0.30445123,0.980760580852876,1.9561079740524292,0.08241493999958038,0.39907375,1.0129647929289434,2.132692337036133,0.12829260528087616,0.46942943,0.9618731928223128,1.9857832193374634,0.10863405466079712,0.45598513,0.9541455268315332,2.1052238941192627,0.15758751332759857,0.3247438,0.9804025728404961,1.931049108505249,0.19904690980911255,0.50870615,0.9258373086056962,2.4438905715942383,0.5509704351425171,0.46559948,0.49600275377576325,2.1039772033691406,0.2483883947134018,0.18912467,0.41761054116209134,2.418504238128662,0.16113637387752533,0.18525337,0.6871477808348159,3.4677700996398926
0,0.04425095021724701,0.25127766,0.7509148548891615,3.0182600021362305,0.02196849137544632,0.15638585,0.5664987181181895,2.1982831954956055,0.0007051739376038313,0.14934239,0.3209283973974208,1.0856724977493286,0.12014637142419815,0.36003304,0.9675651281083617,1.7587451934814453,0.16322168707847595,0.27172527,0.9493457298914734,1.9122674465179443,0.0974011942744255,0.36900136,0.9486708534853082,1.5653924942016602,0.2410932332277298,0.2872964,0.956006486658578,1.7735859155654907,0.09932553023099899,0.2620384,0.9475572919003621,1.7208123207092285,0.284402996301651,0.18805109,0.9622429125849487,1.5619745254516602,0.07438674569129944,0.4624838,0.9923661632170583,1.7644282579421997,0.1812411993741989,0.2636058,0.9805936925370152,1.8248412609100342,0.10486584901809692,0.48209018,1.0112623953261928,2.235116958618164,0.20899730920791626,0.21205235,0.9729176675907641,2.11299991607666,0.08384817838668823,0.292457,0.99412756109779,2.376584529876709,0.1554483026266098,0.18703222,0.9740949603579182,2.1252822875976562,0.19068461656570435,0.2415983,0.9785449317370625,1.9801243543624878,0.06004859507083893,0.36778075,1.0196971377201376,2.0016932487487793,0.1401439756155014,0.43519005,0.9543583276629045,1.7588155269622803,0.12735086679458618,0.386099,0.9383467194942494,2.0161170959472656,0.15448050200939178,0.31342244,0.9489533414286117,1.9291380643844604,0.21071720123291016,0.42109466,0.8893292923216544,2.365199565887451,0.5133479237556458,0.489171,0.48856102898869036,2.221186876296997,0.2334320992231369,0.1754375,0.38312380007713726,2.3494174480438232,0.13671410083770752,0.1307948,0.6352619326848649,3.2378971576690674
0,0.037676215171813965,0.2732812,0.7267437422301194,2.9489569664001465,0.012800103984773159,0.14807484,0.532413772313415,2.1135201454162598,0.0002447173174005002,0.1369827,0.314831320029016,1.3136117458343506,0.1134503185749054,0.352208,0.9668697806134965,1.8948497772216797,0.20787754654884338,0.28256416,0.9511977478852113,2.0069198608398438,0.13307824730873108,0.40579802,0.950261202970731,1.835546851158142,0.22069917619228363,0.32778177,0.9611492861343375,2.0331411361694336,0.13183371722698212,0.2793467,0.9563110610381077,1.895721197128296,0.294129341840744,0.20599592,0.9628681345151363,1.5210998058319092,0.07479122281074524,0.45226914,0.9855132944726532,1.8428983688354492,0.16438265144824982,0.32360005,0.9762093457722241,1.7633455991744995,0.08252931386232376,0.5574177,1.0043240933814424,2.07066011428833,0.2066594958305359,0.26113287,0.9722804000166443,2.2208235263824463,0.09919719398021698,0.35971272,0.9849431668243528,2.2167866230010986,0.14710848033428192,0.27777368,0.9724165305265957,2.2055821418762207,0.15763339400291443,0.30261934,0.9807183998600117,2.1789419651031494,0.06884272396564484,0.39588472,1.0091993627164595,2.1936068534851074,0.11748171597719193,0.47438762,0.9589438439499207,1.913508415222168,0.10949261486530304,0.48721427,0.9533818622877819,1.9951491355895996,0.14071400463581085,0.34462753,0.9805482887018068,1.8355698585510254,0.18742676079273224,0.49809796,0.9271559193729698,2.510209560394287,0.5438958406448364,0.46311364,0.4938999036401285,2.1324639320373535,0.23204635083675385,0.20269682,0.4104445369187665,2.3814144134521484,0.1529596447944641,0.18259859,0.6897308859586051,3.48516583442688
1,0.04800785705447197,0.24902014,0.732521584162754,3.2541754245758057,0.02090895175933838,0.2110792,0.5482399101070187,2.4110865592956543,0.0012573094572871923,0.15452215,0.3131567164422244,1.610259771347046,0.1059713289141655,0.37227726,0.9639580766325522,1.8105080127716064,0.15422426164150238,0.3059517,0.947121504481794,2.166497230529785,0.10829255729913712,0.3994953,0.9495591419611101,2.116272449493408,0.20745068788528442,0.34276038,0.9524861132526117,1.766198992729187,0.11164513975381851,0.2842411,0.9523767463606568,2.2184226512908936,0.28715091943740845,0.19523889,0.9563149913183419,1.4428011178970337,0.06754042208194733,0.49780625,0.9811544039965494,2.0590333938598633,0.16518770158290863,0.32051682,0.9702909255631155,1.796077013015747,0.08198025077581406,0.4490733,0.9942126546494927,2.124297857284546,0.15113337337970734,0.2640224,0.9675594770834648,2.0008676052093506,0.0780676081776619,0.3160474,0.9827007764179662,2.30039644241333,0.15248575806617737,0.27833,0.9673917066610737,2.3711535930633545,0.14022095501422882,0.30534622,0.974181759082212,2.234109878540039,0.07277703285217285,0.39595452,1.0082260958708713,2.0049240589141846,0.0992041677236557,0.4762739,0.9638790194303171,1.6804149150848389,0.09197396785020828,0.5059648,0.9571641099062836,1.7834980487823486,0.12767784297466278,0.354819,0.9724775291067733,1.974870204925537,0.15043389797210693,0.5071391,0.928034660729573,2.443251132965088,0.5012955069541931,0.46062806,0.4843409312566357,2.2965502738952637,0.2114761918783188,0.17456597,0.4011651190897642,2.4302444458007812,0.13940343260765076,0.13278106,0.6917735028714213,3.5269854068756104
0,0.0577319972217083,0.22114173,0.7280795796799725,3.2789342403411865,0.018790816888213158,0.19487616,0.5400905061630781,2.4713871479034424,0.0005828085704706609,0.15435086,0.3135227804720312,1.7170343399047852,0.10287481546401978,0.38043967,0.9615091083646262,1.8045650720596313,0.17032915353775024,0.3028614,0.9437948320951806,2.150071144104004,0.10844837874174118,0.4184327,0.9483304424813869,1.9956519603729248,0.18971776962280273,0.35895252,0.9505715419095606,2.0653741359710693,0.10162026435136795,0.28256783,0.954210947667847,2.1052143573760986,0.25050249695777893,0.22139212,0.9547090450906007,1.6977794170379639,0.048537544906139374,0.5222549,0.9787979296901679,1.7290520668029785,0.1662999838590622,0.33794108,0.966103436676712,1.6880712509155273,0.052025020122528076,0.544656,0.9902991061227887,2.381364107131958,0.1525125950574875,0.30341634,0.9612744982780863,2.209585189819336,0.067458376288414,0.4201574,0.9778024936365759,2.549571990966797,0.1506749391555786,0.2761572,0.963304173903725,2.469503879547119,0.14313223958015442,0.3786053,0.9713005605044016,2.1667749881744385,0.042151451110839844,0.40219325,0.9978134682039927,1.9500603675842285,0.0743291974067688,0.47860464,0.9574039127656343,1.932140827178955,0.0713878720998764,0.49703702,0.9547563233521452,1.9551417827606201,0.11628659814596176,0.30661258,0.9710877046173615,2.065389394760132,0.10260939598083496,0.5362498,0.93308038036606,2.518871784210205,0.47703173756599426,0.48848832,0.5066801430399094,2.4451870918273926,0.211602121591568,0.17013232,0.41381942294905305,2.519575357437134,0.12997713685035706,0.13766012,0.6858846761708225,3.5084123611450195
0,0.04758210480213165,0.2148919,0.742617904016357,2.511291027069092,0.00572443101555109,0.11661915,0.5448191317808324,1.6457772254943848,0.00017248207586817443,0.10138502,0.3215739347850518,1.2387919425964355,0.14019063115119934,0.3154833,0.9678760014281509,1.6731986999511719,0.21488527953624725,0.24139096,0.9532199957672772,1.539027452468872,0.11483055353164673,0.35641178,0.936892987283409,1.7500008344650269,0.27956944704055786,0.25409958,0.9687498932420593,1.4981852769851685,0.14888891577720642,0.22332916,0.9436171404301789,1.6503145694732666,0.28527218103408813,0.17129011,0.9739200030675165,1.4965407848358154,0.11799286305904388,0.39851066,1.0048916074524983,1.9337711334228516,0.2157507836818695,0.25377226,0.9888609910000745,1.8288202285766602,0.13445575535297394,0.42235348,1.0309845305030125,1.9673486948013306,0.22307531535625458,0.20545755,0.987184144254045,2.1140785217285156,0.13807125389575958,0.26508033,0.9970697815709666,2.1210379600524902,0.2641962468624115,0.19826002,0.9792140091532892,1.83856201171875,0.243212029337883,0.2376631,0.987951330042976,1.8896596431732178,0.1992144137620926,0.39987645,1.019956927420116,2.3835551738739014,0.22564998269081116,0.41299674,0.9323247574430678,2.1278324127197266,0.2067299336194992,0.42329872,0.922439926104063,2.055643320083618,0.24080172181129456,0.290185,0.9557995221283313,1.7450772523880005,0.33157649636268616,0.4217862,0.8704105384830981,2.322632312774658,0.5939797759056091,0.4559237,0.4635430895048585,1.8972394466400146,0.23757053911685944,0.22725172,0.3898103801519063,2.0698366165161133,0.1438276469707489,0.22004442,0.6521189327410338,3.198284387588501
0,0.047653261572122574,0.22618616,0.7254253570912239,3.2324769496917725,0.01909874752163887,0.17605224,0.5419189377277737,2.4687788486480713,0.0005507761379703879,0.14527301,0.3129911493504127,1.6597890853881836,0.09469424933195114,0.38102248,0.9623749465270163,1.75669527053833,0.16900315880775452,0.30567855,0.9449256601562291,1.9639270305633545,0.11077854782342911,0.41490394,0.9488868851740516,1.898985505104065,0.18569135665893555,0.36892027,0.951342501400339,1.8316023349761963,0.09466654807329178,0.28496262,0.9529756230904911,1.991336703300476,0.2752499282360077,0.21544778,0.9551974813773576,1.7115542888641357,0.06349248439073563,0.51159936,0.980334541628341,1.8420190811157227,0.17458324134349823,0.32046798,0.9669097770260358,1.5406520366668701,0.07066768407821655,0.5432218,0.9909147033402518,2.393676519393921,0.1543436199426651,0.30131367,0.9636154311190652,2.268929958343506,0.08104532957077026,0.414947,0.9791175476003927,2.2952606678009033,0.11733804643154144,0.3043134,0.9648925634722842,2.3378677368164062,0.1120351105928421,0.3477675,0.9730451661739731,2.266517400741577,0.04012627527117729,0.4111803,0.9985722396517018,2.437857151031494,0.08233320713043213,0.47634625,0.9589839616029285,2.082031011581421,0.07781236618757248,0.5079058,0.9513025639997171,1.8424323797225952,0.11968109011650085,0.37044898,0.9706117433195708,1.7877304553985596,0.13718222081661224,0.5317528,0.9280476330152228,2.481001853942871,0.48278066515922546,0.4982406,0.49323855589246296,2.3774731159210205,0.20847836136817932,0.16944453,0.3895724381611834,2.4958324432373047,0.13584907352924347,0.13583025,0.681511122380461,3.503249406814575
0,0.04121354967355728,0.2800982,0.7299702305695853,2.9312398433685303,0.011983441188931465,0.15417767,0.5350401949627516,2.1538455486297607,0.0006985723739489913,0.13393214,0.3144867507636754,1.2886319160461426,0.12277587503194809,0.3569771,0.9672634534035466,1.7746906280517578,0.19739779829978943,0.27300587,0.9509488089824447,1.951607584953308,0.1145259365439415,0.40283844,0.9475651037263231,1.642276406288147,0.2178923338651657,0.3187664,0.9593529092110846,1.899740219116211,0.10846083611249924,0.28171197,0.9530578238955686,2.0621001720428467,0.2895217537879944,0.19877622,0.9635035423510704,1.5760611295700073,0.08232225477695465,0.47385955,0.9856801795587986,2.070072650909424,0.1725638508796692,0.32574338,0.9745233881999464,1.6186699867248535,0.08147600293159485,0.5395558,1.0039873620685607,2.1171576976776123,0.20770156383514404,0.25133803,0.9712779580741265,2.1172449588775635,0.0889878198504448,0.3748698,0.9852135659923931,2.167107343673706,0.1721167117357254,0.2889852,0.9728379906205222,2.1878671646118164,0.15858978033065796,0.351181,0.9826185187390261,2.1383142471313477,0.07934800535440445,0.40484163,1.0021722066239118,2.1309313774108887,0.15571630001068115,0.4826812,0.9509379577085441,2.1523940563201904,0.13486547768115997,0.45415872,0.9395155766339378,1.881061315536499,0.13670623302459717,0.34216857,0.9636547239935567,1.9435757398605347,0.18426598608493805,0.49549544,0.9167553875099617,2.6001079082489014,0.5389010310173035,0.48398808,0.4811125479988376,2.1763241291046143,0.2526495158672333,0.19889972,0.4015878730020351,2.407647132873535,0.1428634226322174,0.15920097,0.6788356255082295,3.4285356998443604
0,0.03790402039885521,0.263838,0.7398581817494825,3.0598666667938232,0.019416777417063713,0.15605529,0.5575829509562769,2.2343239784240723,0.0007040091441012919,0.14492095,0.31730283783708174,1.233970046043396,0.09869702160358429,0.3466838,0.9673750154754828,1.699517011642456,0.18002985417842865,0.26961634,0.9513292408782275,1.9324371814727783,0.10418370366096497,0.3790974,0.9500095807505896,2.014554500579834,0.22453488409519196,0.30994576,0.9594889708523019,1.640397071838379,0.11107321083545685,0.27292526,0.9569977762609501,1.8489437103271484,0.29504647850990295,0.19733874,0.9648704574524335,1.5795207023620605,0.06269554793834686,0.46850866,0.9880538475776478,1.9255496263504028,0.16581842303276062,0.30754533,0.9762594836194367,1.7245138883590698,0.0756329670548439,0.5302213,1.0021574710565033,2.045372486114502,0.20816023647785187,0.25314975,0.9728769076204835,2.1022439002990723,0.0890188068151474,0.4002862,0.9834908404917596,2.2197606563568115,0.1473466008901596,0.26677033,0.9726051186349273,2.3662827014923096,0.15057827532291412,0.29743147,0.9771661043311963,2.2840452194213867,0.05483434349298477,0.4022806,1.0089229346278832,2.1083407402038574,0.11732220649719238,0.4652511,0.951279780994815,1.9716953039169312,0.10984591394662857,0.43456537,0.9447711827201946,1.949188470840454,0.14735598862171173,0.32377762,0.9673056421731369,1.851539134979248,0.20215018093585968,0.4822457,0.9069577546257038,2.5692741870880127,0.536922037601471,0.47480205,0.48629259744874825,2.117215394973755,0.218817338347435,0.17465101,0.3903704889758186,2.2317967414855957,0.15093345940113068,0.1573819,0.6705028927142974,3.390162944793701
0,0.04688702151179314,0.24035987,0.7265662031802127,3.0906167030334473,0.013574782758951187,0.17452748,0.5348019790388514,2.25156307220459,0.00046160523197613657,0.15484965,0.3175684409747087,1.4582371711730957,0.11126591265201569,0.36528033,0.9668502658994074,1.808485984802246,0.19697648286819458,0.2751245,0.9497848776587409,1.9365583658218384,0.11780975759029388,0.38028923,0.950574628819739,1.8168028593063354,0.22115562856197357,0.2970674,0.9562310813411671,1.8371641635894775,0.13501375913619995,0.26964572,0.9536828664873481,1.854137659072876,0.29815641045570374,0.17473459,0.958345219347282,1.6369956731796265,0.07663319259881973,0.44320843,0.9869883741717697,2.025573968887329,0.1722477823495865,0.30676237,0.9751161728222175,1.6980421543121338,0.08253370970487595,0.43558666,1.0015613168621986,2.205500602722168,0.23611627519130707,0.23818387,0.9672022683498055,2.4519057273864746,0.09389317035675049,0.24076647,0.9805252537361144,2.302992343902588,0.14340105652809143,0.23980388,0.9687035940824463,2.4434502124786377,0.14710383117198944,0.2240374,0.9752742282009021,2.2817773818969727,0.09450143575668335,0.39594406,1.0039036875263077,2.08096981048584,0.09959763288497925,0.4613339,0.9589456463862931,2.272643566131592,0.0941009521484375,0.4402662,0.9562201392718209,1.962146520614624,0.12680794298648834,0.31528476,0.968941604556386,1.9046592712402344,0.17759084701538086,0.445726,0.922680009870861,2.4534149169921875,0.5334267020225525,0.48843098,0.4770634601728938,2.138856887817383,0.23299118876457214,0.20526718,0.391295162565583,2.3861842155456543,0.1383804827928543,0.16333488,0.657090901631961,3.4033830165863037
0,0.03870416060090065,0.265306,0.7477185125811728,2.8969972133636475,0.01616617478430271,0.1425906,0.553085339492327,2.1189124584198,0.0004438528558239341,0.12792367,0.3182527220535681,1.050544023513794,0.12282859534025192,0.33979797,0.9676084291851671,1.443634271621704,0.16566038131713867,0.24755242,0.9510512736507175,1.9567044973373413,0.10505440831184387,0.37056038,0.9413735106085473,1.8313509225845337,0.22858260571956635,0.274358,0.9641468807092914,1.7971433401107788,0.11643959581851959,0.262709,0.9517568206823771,1.6966478824615479,0.27982693910598755,0.18656012,0.9690517517721216,1.4277517795562744,0.07624247670173645,0.44882622,0.9941573792453534,1.7938604354858398,0.1632559895515442,0.28677982,0.9786775869851491,1.7570619583129883,0.09853249788284302,0.48828518,1.0011668475470683,1.9481374025344849,0.1738860309123993,0.23658828,0.9731747738490557,2.0090866088867188,0.1003439873456955,0.3490784,0.9796158538710914,2.2025060653686523,0.18181391060352325,0.23921353,0.9715196407670025,2.397003173828125,0.2024618685245514,0.29385862,0.9768797057157358,2.166452169418335,0.1321704387664795,0.40529326,1.0044683437699249,2.2748537063598633,0.15176182985305786,0.42052066,0.9496362843132539,2.0163333415985107,0.1383599042892456,0.43744,0.9359528328642959,1.9586089849472046,0.18520590662956238,0.31937104,0.96154344249515,1.6615147590637207,0.2023305892944336,0.44968754,0.9033539531696496,2.617006778717041,0.5168735980987549,0.4922114,0.4979311402679229,2.103663206100464,0.20296847820281982,0.1946064,0.4218270936898101,2.2875349521636963,0.1332893669605255,0.19419482,0.6734220014590472,3.34438419342041
0,0.037864457815885544,0.24974622,0.7261233904135972,3.043004035949707,0.02103474736213684,0.17591724,0.5375121761572419,2.3020029067993164,0.0005981398862786591,0.13863827,0.31002174783034947,1.4804644584655762,0.11632288992404938,0.36226904,0.9650891031377326,1.8484089374542236,0.20516546070575714,0.2980735,0.9502504610607947,1.9172108173370361,0.10531463474035263,0.40593943,0.9516741214142881,1.851373314857483,0.18740533292293549,0.32471448,0.9562846119598588,1.928829312324524,0.10765466094017029,0.27945313,0.9564628881085632,2.0788917541503906,0.2691556215286255,0.21923713,0.9612952669472824,1.3732889890670776,0.06479718536138535,0.4880395,0.9848510394764632,2.0799741744995117,0.1472441703081131,0.32015464,0.973369513345715,1.4948439598083496,0.06605535000562668,0.55891526,0.9999588516158759,1.9128801822662354,0.21028877794742584,0.29416648,0.9699050012463849,2.216463327407837,0.06723825633525848,0.3906996,0.9826430324909409,2.289919137954712,0.1329748034477234,0.29043746,0.9697281383008491,2.4492218494415283,0.13624893128871918,0.35450667,0.9817129269136743,2.160653829574585,0.09474682062864304,0.4045121,1.016466477069942,2.076733350753784,0.09190566837787628,0.4818166,0.9676236033331325,2.1677839756011963,0.08421644568443298,0.5249104,0.9643981099159228,1.9219505786895752,0.1446555107831955,0.35000366,0.9852594704317853,1.7171592712402344,0.1533540040254593,0.51037705,0.9347217246753619,2.3707456588745117,0.5455044507980347,0.481652,0.5028264752035341,2.228055715560913,0.22475451231002808,0.18562141,0.40962847750794,2.4459095001220703,0.13557739555835724,0.15895349,0.6952604527979294,3.51469349861145
0,0.05641602352261543,0.27145538,0.7280169459724657,2.988157033920288,0.011661088094115257,0.15311871,0.5354190610068612,2.106754779815674,0.00017389020649716258,0.14568165,0.31881268744925045,1.3294545412063599,0.11951488256454468,0.35783336,0.9670942836500401,1.7114311456680298,0.1795969009399414,0.28339127,0.9508833622283847,2.10585355758667,0.12889865040779114,0.39127073,0.9478196907691733,1.5860254764556885,0.20481103658676147,0.30433926,0.960964969325634,1.9068922996520996,0.15547910332679749,0.26524156,0.9528061521779291,1.8482623100280762,0.2774509787559509,0.1869584,0.9623228164151768,1.6205148696899414,0.07673021405935287,0.43711138,0.9863595845183497,1.9654817581176758,0.1653594672679901,0.29572535,0.9778404524112646,1.6516908407211304,0.09151030331850052,0.42056477,1.0065675421025315,2.069575786590576,0.17258667945861816,0.24061686,0.9749683537676243,2.1874611377716064,0.09778684377670288,0.28648806,0.9913797380722,2.332655906677246,0.15565314888954163,0.2642704,0.976054884136774,2.0912270545959473,0.18523430824279785,0.25732103,0.9833693355511164,2.06687068939209,0.09295095503330231,0.3807641,1.0188042754703655,2.1915688514709473,0.13006800413131714,0.4524649,0.969743050125863,1.9176902770996094,0.13399696350097656,0.449113,0.9642433822529515,1.8819291591644287,0.15301501750946045,0.33400777,0.9896441856406705,1.7337391376495361,0.2087099850177765,0.49876317,0.9335267354675378,2.506702423095703,0.5380362868309021,0.48386192,0.4933584671887104,2.188749313354492,0.2245379388332367,0.18413834,0.42542285725696943,2.444096803665161,0.14533951878547668,0.1627943,0.6943289636775545,3.5017621517181396
0,0.04908376932144165,0.2709902,0.7340945679054812,2.990126132965088,0.015071789734065533,0.1704646,0.5395374015257364,2.1501033306121826,0.00034493228304199874,0.14668724,0.31646040340473347,1.393984079360962,0.11594070494174957,0.35323462,0.9672714295693389,1.953519344329834,0.19669097661972046,0.2890163,0.949858941284971,1.9431337118148804,0.09952826052904129,0.39918327,0.9468883291383442,1.8292940855026245,0.19816622138023376,0.33711138,0.958218509273785,2.0932412147521973,0.13382281363010406,0.26319656,0.9536303399449333,1.746908187866211,0.3038249909877777,0.20978677,0.9615582261368891,1.7047492265701294,0.057129859924316406,0.4581346,0.9850913069795523,2.2359161376953125,0.1605198234319687,0.33273104,0.9750823502916132,1.9411895275115967,0.07720030099153519,0.5410408,1.0049527412923407,1.9506285190582275,0.1878427267074585,0.27745366,0.9725839825183124,2.3665771484375,0.0827803835272789,0.40509227,0.9871806669765307,2.4531960487365723,0.1270643025636673,0.3042511,0.9709605419612245,2.446850061416626,0.15026900172233582,0.34729335,0.9796338153692918,2.198089361190796,0.06598719954490662,0.3931617,1.0061088631147992,2.1519181728363037,0.11133088171482086,0.4878426,0.9567391555658179,2.3865675926208496,0.10846144706010818,0.5027904,0.9488016654996704,1.9751112461090088,0.1515592336654663,0.35979062,0.9727730417728795,2.089354991912842,0.15109680593013763,0.5285756,0.9218022467481498,2.6482949256896973,0.520241916179657,0.48395136,0.48272143476503404,2.1435794830322266,0.2238065004348755,0.1981473,0.4007530197325508,2.367892265319824,0.1334180235862732,0.16777043,0.6844279491089387,3.4272027015686035
0,0.03767908364534378,0.26544935,0.7373406830428206,3.058300733566284,0.01858902908861637,0.15680611,0.5523127747470895,2.241755723953247,0.0006815684027969837,0.1469098,0.3138343288143023,1.3465335369110107,0.11152277886867523,0.3537017,0.9661440653708208,1.8150920867919922,0.20526359975337982,0.27727035,0.9512067119482982,1.8654966354370117,0.12159041315317154,0.4052708,0.9506452662613889,1.8716473579406738,0.21933883428573608,0.33350486,0.9596371175824316,1.8187179565429688,0.11283181607723236,0.27560198,0.9557739188292588,1.8234965801239014,0.2805849313735962,0.20528187,0.9637367733542269,1.6204849481582642,0.06948880106210709,0.47967646,0.9852384506839831,2.2520954608917236,0.15763132274150848,0.3268584,0.974276162212013,1.80767023563385,0.0852355882525444,0.5328758,0.9984265183851617,2.169645071029663,0.1671861708164215,0.27170834,0.9707847448368889,2.1970419883728027,0.08257593214511871,0.40916413,0.9840946310011109,2.2266154289245605,0.1585237979888916,0.2992002,0.9696667164653138,2.2470059394836426,0.1674041748046875,0.3333871,0.9767834876508432,2.120896100997925,0.06572225689888,0.40166447,1.006664234975625,2.2222297191619873,0.11088680475950241,0.46674147,0.9490956772547805,2.1252059936523438,0.11375562846660614,0.45165807,0.940197784136164,2.0622968673706055,0.13651520013809204,0.3460996,0.9619551705313223,1.8653185367584229,0.1851470172405243,0.52585906,0.9124530793139997,2.401610851287842,0.5462766289710999,0.4614841,0.4852237354242253,2.0960516929626465,0.22134359180927277,0.18559271,0.3877621464379299,2.3839328289031982,0.13945040106773376,0.15726703,0.6692810445449845,3.392749309539795
0,0.03817843273282051,0.2630024,0.7377455170087868,2.897254228591919,0.015522017143666744,0.13367298,0.5373881655762663,2.048611640930176,0.00029154334333725274,0.12271776,0.3178905564216266,1.0465656518936157,0.11669763177633286,0.33945474,0.968273095806808,1.4668489694595337,0.1880595088005066,0.26157427,0.953374370770983,1.56242835521698,0.11520208418369293,0.37736794,0.947837509333831,1.8007066249847412,0.23802049458026886,0.2761552,0.9621107530509933,1.9476982355117798,0.10414735972881317,0.2614293,0.9534416659579289,2.0648014545440674,0.28724759817123413,0.18684968,0.9666267274604128,1.4399420022964478,0.0838935449719429,0.45323214,0.9862566031746378,1.8105032444000244,0.17421190440654755,0.291804,0.9797107195199272,1.801119089126587,0.08252707123756409,0.47389498,1.004943847190772,2.2247369289398193,0.1813882738351822,0.24208781,0.975577554114167,2.2096073627471924,0.09769133478403091,0.3294988,0.9861520228921432,2.2092816829681396,0.16979768872261047,0.24434705,0.9728066584240561,2.3426828384399414,0.19750447571277618,0.28844425,0.9801189639096383,2.077683687210083,0.08631974458694458,0.40313622,1.0116663325722686,2.2733967304229736,0.14862848818302155,0.44059515,0.9531737812994218,1.9587363004684448,0.1237248033285141,0.430404,0.9446810027360575,1.8299349546432495,0.1611274927854538,0.34925097,0.9761617436750433,1.8539901971817017,0.20647120475769043,0.47360328,0.9207647532991168,2.468651294708252,0.5352835059165955,0.47535685,0.47715226805022704,2.2007806301116943,0.2495875209569931,0.2037552,0.40110018837946093,2.2894394397735596,0.14325061440467834,0.17554091,0.6782621736950539,3.3715741634368896
1,0.05308849737048149,0.2935834,0.7258683501604721,3.6109399795532227,0.04287044703960419,0.22893305,0.5561821469869909,3.0429775714874268,0.0004868609830737114,0.16068447,0.3076149126574268,1.8501567840576172,0.08728067576885223,0.4564119,0.9487298532952939,1.8820475339889526,0.14453181624412537,0.39444783,0.9265537955894139,2.259204149246216,0.08984746038913727,0.48401576,0.939624180847039,1.965700387954712,0.13569609820842743,0.46334755,0.9287619967652646,2.445465087890625,0.07594453543424606,0.3641859,0.9430324190572217,2.002627372741699,0.1962779015302658,0.2624955,0.9340966033577417,2.074965000152588,0.04583000764250755,0.5544509,0.9614689852361903,2.108954906463623,0.101338692009449,0.42636043,0.9469727620426861,2.090583324432373,0.05770476907491684,0.6458553,0.967980854728216,2.379304885864258,0.11350616812705994,0.36700785,0.9436155424658431,2.1632394790649414,0.0671224519610405,0.47228143,0.9594240604844175,1.8920602798461914,0.10861489176750183,0.39202344,0.948228373669208,2.491259813308716,0.09928210079669952,0.44568267,0.9494602737392005,2.2704524993896484,0.027477407827973366,0.41441977,0.9843333350037177,1.9147402048110962,0.05176619067788124,0.52355355,0.9542297161737794,2.0992953777313232,0.05230995640158653,0.59948885,0.9487029071535827,2.0222327709198,0.10428054630756378,0.43673918,0.9530160410710282,2.3014538288116455,0.06966158747673035,0.5603458,0.9308651315749341,2.7850496768951416,0.40147778391838074,0.54816294,0.5068397005938858,2.6338348388671875,0.19290412962436676,0.13275386,0.39281142874747843,2.6779162883758545,0.166503444314003,0.1123027,0.6768889935924699,3.5757532119750977
1,0.030226798728108406,0.2456259,0.7475918664572503,2.7934038639068604,0.01762859709560871,0.14758274,0.5508661321984708,2.054936170578003,0.001128910924308002,0.1216157,0.3207644004457923,1.0314465761184692,0.12643569707870483,0.34446394,0.9671137122429866,1.5823416709899902,0.1709253340959549,0.2633494,0.9511541984165102,1.6658940315246582,0.10674992203712463,0.36827785,0.9408552039681218,1.6803007125854492,0.23544658720493317,0.2693699,0.9657314836464016,1.5785424709320068,0.11045623570680618,0.25642323,0.950699132985478,1.8787245750427246,0.29240500926971436,0.18716075,0.9701771677297353,1.4854075908660889,0.08456509560346603,0.4542176,0.9954563027648325,1.7678730487823486,0.17468971014022827,0.29057786,0.9809137145844458,1.6086066961288452,0.10177060216665268,0.48920926,1.001676271850999,1.927847146987915,0.19910502433776855,0.23396586,0.9743885161801055,1.963035225868225,0.10485100001096725,0.3434297,0.978607571807805,2.3856911659240723,0.1835843175649643,0.25003523,0.9718797789778028,2.232477903366089,0.20580430328845978,0.29066578,0.9755899737670265,1.7720650434494019,0.11129631847143173,0.40642592,1.0040081678495345,2.127162456512451,0.19216640293598175,0.4261812,0.9485722465496577,2.172224760055542,0.17091457545757294,0.45404655,0.9303829422857288,2.098764419555664,0.19627414643764496,0.32179224,0.9582415341194473,1.7436236143112183,0.25243890285491943,0.45347473,0.8956833738343,2.5201151371002197,0.536598801612854,0.49908218,0.4884979076359423,2.0689480304718018,0.19572462141513824,0.19945401,0.41582037231334046,2.252204179763794,0.110450379550457,0.19081782,0.6760649614245348,3.3733630180358887
0,0.03929542377591133,0.2578978,0.7509990928862723,2.9840190410614014,0.025241144001483917,0.120564155,0.5658532750708364,2.242579221725464,0.00048599825822748244,0.14711857,0.3241731766532338,1.0624394416809082,0.11548502743244171,0.34256387,0.967540777786641,1.5953667163848877,0.16515597701072693,0.23810658,0.944841779684436,1.9093258380889893,0.10805509984493256,0.35744303,0.9391956616847664,1.6786810159683228,0.2141588181257248,0.25636062,0.956665819644185,1.8555998802185059,0.12427669018507004,0.25169894,0.9422036193255783,1.8735233545303345,0.31365224719047546,0.17233829,0.9643377131269577,1.637941598892212,0.06985226273536682,0.45688358,0.9915824525397161,1.7297247648239136,0.17860737442970276,0.25221178,0.980350437288967,1.866835594177246,0.07796341180801392,0.48081923,1.0146709835385723,2.0939040184020996,0.18011735379695892,0.20661278,0.9749024461359984,2.0867152214050293,0.08658064901828766,0.34729785,0.9970783515252704,2.5657947063446045,0.17586709558963776,0.21008492,0.9750860140873818,2.411255359649658,0.1675865203142166,0.28062442,0.977113051480688,1.8727024793624878,0.06314942240715027,0.41221234,1.0104538064611088,1.9375941753387451,0.19658197462558746,0.4379575,0.9367629455754741,2.1596639156341553,0.150409996509552,0.48048973,0.9231931119885638,2.0940561294555664,0.1767098754644394,0.309597,0.945900615676916,1.9499824047088623,0.22969886660575867,0.4141128,0.8898547463296923,2.4957027435302734,0.5117737054824829,0.47032693,0.5067603813375272,2.2536423206329346,0.22906358540058136,0.1997024,0.4032182712506734,2.345172882080078,0.11158884316682816,0.17004775,0.63021229330319,3.1976842880249023
0,0.04205801710486412,0.2750382,0.7304390362717438,2.6381967067718506,0.01064885500818491,0.15289284,0.5325946085250136,1.6925735473632812,0.00031738297548145056,0.12170814,0.31507107885217606,1.0984680652618408,0.12795114517211914,0.35197124,0.9687328083453292,1.9303499460220337,0.19638460874557495,0.2789497,0.9542548957495716,2.1705543994903564,0.11530479788780212,0.3942134,0.9403872271460655,1.4939825534820557,0.24367831647396088,0.2947135,0.9648382435813189,1.7909595966339111,0.155203714966774,0.24211851,0.9506318766508923,1.6777589321136475,0.2859366238117218,0.1915921,0.9713275878628957,1.6738784313201904,0.10050728172063828,0.42487302,0.9999042752326954,1.8682230710983276,0.18524017930030823,0.29521325,0.9863968029088923,1.7583246231079102,0.11350851505994797,0.5190092,1.0298427563862311,2.1941874027252197,0.21059557795524597,0.246083,0.9863214691697497,2.2549245357513428,0.10293739289045334,0.35504416,0.9972726845574877,2.210247039794922,0.20321844518184662,0.2277352,0.981426276720144,2.1044788360595703,0.19437383115291595,0.26933035,0.9902521599419991,2.0357792377471924,0.15220387279987335,0.37224633,1.015412501708945,2.1066787242889404,0.18545128405094147,0.47210684,0.9450961004702949,2.123512029647827,0.17178796231746674,0.42850432,0.9361757588027881,2.092360258102417,0.20453718304634094,0.32224366,0.9606414335919954,1.7989413738250732,0.28900307416915894,0.44820768,0.8920817784311812,2.4488914012908936,0.6160373091697693,0.44190824,0.4664924017018114,1.854507327079773,0.24207374453544617,0.23517732,0.38491434164120975,2.2497398853302,0.14760872721672058,0.207318,0.6625890391541386,3.3149030208587646
0,0.035254497081041336,0.25535735,0.7327624606378038,2.5764856338500977,0.011520874686539173,0.15490201,0.5339905673520188,1.732909917831421,0.0003452771052252501,0.122079514,0.31512560078718926,1.0983433723449707,0.13486802577972412,0.34479937,0.9696885361480975,2.011390209197998,0.21477296948432922,0.26422137,0.9550901851914558,1.9508695602416992,0.11663901060819626,0.37723252,0.943643936070266,1.891749620437622,0.25328582525253296,0.2757665,0.9657836447436497,1.6639413833618164,0.14864777028560638,0.22605914,0.9513225409896029,1.6281018257141113,0.2893063724040985,0.17681207,0.9704035329452805,1.683091163635254,0.09312703460454941,0.43808612,1.0019799741795157,2.004967212677002,0.19385433197021484,0.26904067,0.9888991032839091,1.6130894422531128,0.12102669477462769,0.49367884,1.0322640468757416,2.0820207595825195,0.23686592280864716,0.2228359,0.9844412904470784,2.0426406860351562,0.10941723734140396,0.32354835,0.9994119038349719,2.2668697834014893,0.22262057662010193,0.21450318,0.980457966466161,2.1692867279052734,0.23034662008285522,0.265746,0.9900394339027523,1.9834566116333008,0.11582784354686737,0.36476552,1.026772334067839,2.2465686798095703,0.15561872720718384,0.46815452,0.9549964981661693,2.0696306228637695,0.16944560408592224,0.467381,0.9465120592703449,1.9758867025375366,0.20490677654743195,0.29438534,0.9765710379512276,1.8352100849151611,0.28377655148506165,0.45480773,0.8964128978979908,2.4295406341552734,0.6108481287956238,0.46462077,0.4809839800174231,1.9328720569610596,0.2359352558851242,0.2260049,0.3985884559167862,2.1442365646362305,0.14169259369373322,0.21168402,0.6622577532182422,3.2675623893737793
0,0.03463365510106087,0.2756839,0.7297857155485334,2.58266019821167,0.007600329350680113,0.16034864,0.5300354766118988,1.6990132331848145,0.0003715024795383215,0.1241175,0.3172460964848458,0.9420210123062134,0.1280854046344757,0.34863728,0.9697432882333702,2.00760817527771,0.20640812814235687,0.2605346,0.9551752169091039,2.0300180912017822,0.11469970643520355,0.38022074,0.9444945533598692,1.6542136669158936,0.25338947772979736,0.28081933,0.966136165075979,1.6906275749206543,0.14043748378753662,0.23118943,0.952659522844792,1.7602477073669434,0.3107588589191437,0.17871104,0.9701730269480388,1.6061936616897583,0.09688042104244232,0.4491272,1.0015711425760987,2.1883089542388916,0.1922169178724289,0.26984924,0.9883001396077905,1.742477536201477,0.10911460965871811,0.49803096,1.0314559219680561,1.866214632987976,0.20845375955104828,0.2237803,0.9839166891915532,2.239193916320801,0.10338996350765228,0.32863075,1.0001941695812064,2.120490074157715,0.22002963721752167,0.22114535,0.9818673317110636,2.1213934421539307,0.23637202382087708,0.26005998,0.9911085999762103,1.9276368618011475,0.10672643780708313,0.358895,1.0261807513013537,2.1938278675079346,0.1506379395723343,0.45864707,0.9596285796665763,1.933914065361023,0.16490043699741364,0.4633175,0.9545661242937002,2.0202150344848633,0.18917326629161835,0.30522633,0.9810086581735998,1.7524352073669434,0.27203041315078735,0.4565857,0.9020387416930341,2.357344150543213,0.6154553294181824,0.4637616,0.4805370965725964,1.935349702835083,0.2554413080215454,0.2412594,0.3988198237961536,2.117530107498169,0.1646263152360916,0.2220409,0.6618642052210082,3.28234601020813
0,0.043996527791023254,0.26316246,0.7481096515742667,3.1235687732696533,0.022251015529036522,0.14117348,0.5749339887896854,2.3474385738372803,0.0005786084220744669,0.16200958,0.32143187660165257,1.2662670612335205,0.10266022384166718,0.35511366,0.9673047649449026,1.784978985786438,0.20360182225704193,0.25522703,0.949295696038078,1.6102845668792725,0.11708233505487442,0.3914465,0.9477175329410049,1.9060516357421875,0.22017011046409607,0.31973362,0.9561365327675103,1.9394166469573975,0.10819653421640396,0.26862052,0.9511948764810099,1.738250732421875,0.2894033193588257,0.18735598,0.9630489553719365,1.425211787223816,0.06177617982029915,0.48725197,0.9880919352772649,1.9283032417297363,0.1790604293346405,0.2965425,0.9762568936845588,1.5814818143844604,0.06166522949934006,0.5386149,1.0016024263731602,2.494689464569092,0.19118058681488037,0.25155634,0.9723584956205957,2.0005908012390137,0.09575936198234558,0.38256234,0.9856843098903524,2.3220059871673584,0.15283909440040588,0.24645436,0.9702274220095926,2.157541036605835,0.15715670585632324,0.30306745,0.9760159411064849,1.9980669021606445,0.04408103972673416,0.40070194,1.0081968791757447,2.0278406143188477,0.11935444176197052,0.4522765,0.9436715219636661,1.8216023445129395,0.11549051105976105,0.46172336,0.9312747539052759,1.6112970113754272,0.14901968836784363,0.34217358,0.9531093169528277,1.9430725574493408,0.1936238557100296,0.4942069,0.9016215104518056,2.512927770614624,0.5540028810501099,0.48148984,0.4898225583010592,2.0956871509552,0.2635929584503174,0.19328351,0.3915718343204578,2.366360664367676,0.16771124303340912,0.15875073,0.6515322397371204,3.208254814147949
0,0.048640891909599304,0.24741401,0.7273524495971839,3.0485129356384277,0.022756805643439293,0.1669468,0.5393059944405572,2.2815864086151123,0.0007678429828956723,0.14800622,0.3122296158163497,1.358986496925354,0.10565464943647385,0.36952028,0.9660312561891682,1.817700743675232,0.20122122764587402,0.28997257,0.9495985102762751,1.867079257965088,0.11097928881645203,0.40092093,0.9508760410927115,1.73727285861969,0.1948833018541336,0.35289577,0.958029788091277,1.968101978302002,0.1165418028831482,0.28808936,0.957137088868966,1.7914586067199707,0.3010227382183075,0.20108742,0.9611779944541894,1.6548752784729004,0.06401737779378891,0.48857543,0.9837659519395221,2.2060351371765137,0.15797734260559082,0.33962885,0.9722537654866963,1.8027914762496948,0.070579893887043,0.5474714,0.9971444014580881,2.198352575302124,0.15183284878730774,0.292983,0.9704489306632782,2.0400638580322266,0.08216360956430435,0.41630584,0.9804342574215564,2.397325277328491,0.15226474404335022,0.30724815,0.9692538398837878,2.3986692428588867,0.14828714728355408,0.32770023,0.9771850956605588,1.9009454250335693,0.07211026549339294,0.4007927,1.0048043822897486,2.20235013961792,0.10385257750749588,0.4761321,0.9560068607575443,2.109792709350586,0.08866215497255325,0.4808007,0.9502505294145748,2.162229537963867,0.13514356315135956,0.35517168,0.9721971504746009,1.9206383228302002,0.18788795173168182,0.51497877,0.9207674849076295,2.299989700317383,0.5310596823692322,0.47645804,0.4866363784496219,2.1597609519958496,0.22197315096855164,0.17515823,0.38755257144517136,2.375368118286133,0.1345745325088501,0.1584446,0.6756435970884773,3.4624531269073486
0,0.027228601276874542,0.25016677,0.7441794319137757,2.602569580078125,0.01276306714862585,0.13181044,0.5486861560048711,1.8385401964187622,0.0002823112881742418,0.0990765,0.31890206724249437,1.1627691984176636,0.13769923150539398,0.3213464,0.9682689391932104,1.7993948459625244,0.1769508719444275,0.23425123,0.9512021384045789,1.580066204071045,0.10943993926048279,0.35830003,0.932735137627859,1.736711025238037,0.24930010735988617,0.25494277,0.9673301376019008,1.6982272863388062,0.14669544994831085,0.23980097,0.9467604271192289,1.5188301801681519,0.2901686131954193,0.17869732,0.9742136689077359,1.4929345846176147,0.11300071328878403,0.41035715,1.005547803507765,2.113511562347412,0.20211775600910187,0.2625027,0.9868218958959418,1.7537646293640137,0.12879517674446106,0.43843016,1.0203013561226004,1.921854019165039,0.22421535849571228,0.21833277,0.9839527898888789,2.1470229625701904,0.11644132435321808,0.30829886,0.9900143272528933,2.24015212059021,0.23792526125907898,0.20392686,0.9784723744834712,2.2407164573669434,0.2104702889919281,0.26906857,0.9864736397049335,2.2288122177124023,0.20759792625904083,0.3965458,1.0148151156370226,2.1875929832458496,0.19944947957992554,0.41367897,0.9377307729852111,2.103856325149536,0.1999676376581192,0.44393376,0.9234698589948509,2.028019666671753,0.21999670565128326,0.30639845,0.9558960452143358,1.8279695510864258,0.2947944104671478,0.43204948,0.8824339332410974,2.4389846324920654,0.5674996376037598,0.47053856,0.4799088135292236,2.019721269607544,0.21926428377628326,0.2199355,0.4078709578812809,2.150125026702881,0.12185847014188766,0.21447887,0.6646778048249,3.2577919960021973
0,0.06840773671865463,0.269736,0.7363109867838393,3.0164954662323,0.011569916270673275,0.16599075,0.5458441617206026,2.1878607273101807,0.00034707324812188745,0.14651676,0.3197426524547583,1.1460715532302856,0.10833217948675156,0.35503933,0.966846481637996,1.7338736057281494,0.20719961822032928,0.2823925,0.9508749493607979,1.7416093349456787,0.09154476970434189,0.3968039,0.9508245239777222,2.2252047061920166,0.23110125958919525,0.32155246,0.9607193634880419,1.9146734476089478,0.11302591860294342,0.26041844,0.9552215332444497,2.0379798412323,0.31807056069374084,0.19715756,0.9632049676985249,1.4385263919830322,0.06890071928501129,0.44033182,0.984715456963997,1.9992709159851074,0.1764729768037796,0.29773605,0.9735383757625251,1.6490726470947266,0.08516644686460495,0.5584176,1.005547845879125,2.0166070461273193,0.2259209007024765,0.2611704,0.9734253386244508,2.162832498550415,0.10460248589515686,0.3691682,0.9860720870733938,2.418201446533203,0.15543104708194733,0.26551878,0.9724100899327934,2.2481746673583984,0.18036124110221863,0.3305364,0.982504034535375,2.044018268585205,0.05128853768110275,0.38354772,1.0115778520626784,2.407529830932617,0.10654550045728683,0.47007704,0.9603416199670761,1.7692166566848755,0.12117422372102737,0.46919996,0.9511523825977427,1.7658171653747559,0.1467256247997284,0.32101816,0.9755547026361888,1.857087254524231,0.2016487866640091,0.49470222,0.9248637355760292,2.2507071495056152,0.5496274828910828,0.4626352,0.4920743919485187,2.143859624862671,0.2497304230928421,0.18165778,0.4156187683533329,2.3576316833496094,0.15632657706737518,0.17782503,0.687364869990321,3.4339847564697266
0,0.044493164867162704,0.21132995,0.747964379796916,3.3300094604492188,0.023653464391827583,0.16560952,0.5608810200296764,2.475534200668335,0.0005552762886509299,0.14084654,0.3190553676068648,1.6799694299697876,0.10889142006635666,0.36113796,0.9637218088631164,1.6290725469589233,0.2034813016653061,0.27481416,0.9471516557854038,1.830475091934204,0.1119927242398262,0.4120061,0.9507979088293566,1.7094382047653198,0.17874464392662048,0.34207773,0.9543958131574294,2.1738357543945312,0.10520385950803757,0.28098527,0.9548947107497937,2.008517265319824,0.28152039647102356,0.19883141,0.9576052120731295,1.5529708862304688,0.07008989155292511,0.51436114,0.9812868780547369,1.9609458446502686,0.18200747668743134,0.31760877,0.9695185307235306,1.5965914726257324,0.06914573162794113,0.5396348,0.9920622989266064,2.223106861114502,0.1730450987815857,0.28647798,0.9657284805255419,2.056464433670044,0.07449791580438614,0.41483158,0.978373119053634,2.4119012355804443,0.1419629156589508,0.27706587,0.9666069300743134,2.2018039226531982,0.14097703993320465,0.32673138,0.9701879365308677,2.2138946056365967,0.0558093897998333,0.4138917,1.0023758986859952,2.0837438106536865,0.11590798199176788,0.47901785,0.9504075218290289,2.20599365234375,0.07921602576971054,0.42768905,0.9436290280277405,2.1272354125976562,0.13102005422115326,0.3474224,0.959311339532454,2.032426595687866,0.12978167831897736,0.5207938,0.9241408946167188,2.6426095962524414,0.4918670654296875,0.508665,0.4971173649215271,2.2753489017486572,0.254564106464386,0.16561559,0.4031704720166592,2.4229543209075928,0.12296245992183685,0.13458174,0.6835885017614944,3.495757579803467
0,0.030225085094571114,0.27004665,0.7261466451087673,2.544334650039673,0.009218469262123108,0.15101264,0.5279087752845697,1.7272711992263794,0.00011744629591703415,0.12393355,0.31884538573064175,1.1681615114212036,0.10883280634880066,0.35185724,0.96970615736673,1.9566287994384766,0.20382125675678253,0.28285563,0.9533362580653051,1.9527968168258667,0.11977218091487885,0.40250853,0.9421235265559474,1.7043687105178833,0.2385576069355011,0.30425927,0.9665934885957342,1.8265540599822998,0.14878399670124054,0.22711553,0.9529209840670197,1.9927483797073364,0.3262731432914734,0.1804657,0.9711892103732842,1.5178756713867188,0.08518954366445541,0.41634867,0.9970755647559678,2.1994614601135254,0.1807720959186554,0.2839434,0.9837762175086101,1.9216523170471191,0.11196043342351913,0.52538764,1.0282276975798201,1.9493603706359863,0.1909416913986206,0.26486516,0.987292743529304,2.4113898277282715,0.0996822640299797,0.34596142,0.9957063537097565,2.079714775085449,0.1801135390996933,0.23800623,0.9819376257597935,2.3387088775634766,0.20461523532867432,0.29085252,0.9918113199163757,1.8907383680343628,0.16496005654335022,0.38077024,1.0168063100788534,2.3515634536743164,0.1973167508840561,0.47583956,0.951049154208886,2.2743470668792725,0.1616317629814148,0.4419789,0.9422963438989812,2.072401523590088,0.20237934589385986,0.34140623,0.9719145954777386,1.6771734952926636,0.2812404930591583,0.47602224,0.9069417391329972,2.4687654972076416,0.6196132898330688,0.44584697,0.4730558961701609,1.8933953046798706,0.23938584327697754,0.22349255,0.3980941236340358,2.271960973739624,0.15078672766685486,0.21134387,0.6854741298893323,3.3771233558654785
0,0.04453292116522789,0.24495032,0.732089063865136,2.739259958267212,0.01222248189151287,0.13956982,0.5418605907684865,1.8628110885620117,0.00021730540902353823,0.1229337,0.31676984103588235,1.107253074645996,0.13128085434436798,0.3306586,0.969149586215903,1.8780486583709717,0.2153363823890686,0.25335568,0.9529353111313913,1.8394439220428467,0.11025861650705338,0.36464444,0.9456563030121331,1.643283724784851,0.2619841694831848,0.28918996,0.9658650250798706,1.6885712146759033,0.13064247369766235,0.24086231,0.9559491766043571,1.6156516075134277,0.29503941535949707,0.18392543,0.9706552079914037,1.735525131225586,0.07770870625972748,0.4268162,0.9961974772119858,1.8507167100906372,0.18134868144989014,0.28552404,0.9828823087452625,1.586780071258545,0.08539961278438568,0.53267986,1.02131827438444,2.00673508644104,0.2370961457490921,0.24431355,0.9828726860865977,2.3289530277252197,0.10429228097200394,0.3343521,0.9943852452080226,2.2818944454193115,0.2026512622833252,0.24781303,0.978275984040775,2.1125574111938477,0.20467132329940796,0.29038703,0.9853596341264674,1.9877026081085205,0.08199562877416611,0.40573466,1.0214065253031912,1.9172037839889526,0.15350612998008728,0.46860427,0.9528444504031239,2.1007487773895264,0.16083760559558868,0.45407483,0.9468294440220508,2.0457763671875,0.19056139886379242,0.32703936,0.9760939793882267,1.8568549156188965,0.24844631552696228,0.46767658,0.9050075476435684,2.443826675415039,0.5710480213165283,0.4733925,0.4735009068069248,2.02740740776062,0.23071841895580292,0.20289777,0.40085022313006974,2.299553155899048,0.14844265580177307,0.20756476,0.6782520326123677,3.343024730682373
0,0.02263737842440605,0.2644231,0.7284112297325135,2.5319137573242188,0.0030818465165793896,0.15204096,0.5241641216932572,1.709297776222229,0.00025565677788108587,0.10692186,0.32014488198133056,1.3714371919631958,0.11663015186786652,0.32032555,0.9685353504446385,2.06009840965271,0.19595693051815033,0.26486564,0.9539937352541962,1.9670460224151611,0.11668634414672852,0.38694963,0.94086880988402,1.6344783306121826,0.2602173686027527,0.31716073,0.9703322665154848,1.627040982246399,0.1527124047279358,0.23761083,0.952187139061342,1.59430992603302,0.2970692217350006,0.1686391,0.9724250060440491,1.6160978078842163,0.111283078789711,0.38663042,1.0043734476715103,1.8688417673110962,0.19330957531929016,0.2683943,0.9852015500368015,1.9568281173706055,0.12804464995861053,0.45801798,1.0308855564508181,1.9421675205230713,0.22562281787395477,0.2352875,0.9872650332896755,2.370920181274414,0.11938679963350296,0.24893054,0.9948746114565814,2.3359146118164062,0.22546091675758362,0.20920943,0.9812373694483562,2.0560219287872314,0.2034870833158493,0.28477076,0.9917236776137188,1.9501479864120483,0.17785294353961945,0.39559445,1.0144797620726123,2.341766595840454,0.23836185038089752,0.41449666,0.9474077995691949,2.3768906593322754,0.18436327576637268,0.42967725,0.9402603361755277,2.0763092041015625,0.2186405062675476,0.3166139,0.9655208805107278,1.7400593757629395,0.28849175572395325,0.46468782,0.8919148890412798,2.4192469120025635,0.6311078071594238,0.43719834,0.46516322274600685,1.8506656885147095,0.2507617771625519,0.2225429,0.38617420400366537,2.233663320541382,0.1572839319705963,0.21731874,0.6660850286190729,3.3154070377349854
0,0.023873288184404373,0.24545553,0.731048805815161,2.5252034664154053,0.010695671662688255,0.13935016,0.5342735004730957,1.6285532712936401,0.00028869789093732834,0.11178424,0.3191062000311996,1.3685615062713623,0.13132379949092865,0.3393251,0.9691305958214733,1.6955235004425049,0.22721676528453827,0.25974384,0.9539512628988815,1.6736818552017212,0.11635134369134903,0.3718471,0.9415866618855553,1.5660682916641235,0.2656763195991516,0.3015088,0.9673874948246357,1.5977294445037842,0.16267281770706177,0.23045428,0.9511990188221702,1.7652124166488647,0.2997009754180908,0.17848906,0.9724394331094502,1.5271657705307007,0.1093854233622551,0.44644138,0.9996281732918557,1.98862886428833,0.19213393330574036,0.29725716,0.9874605862386243,1.6881688833236694,0.1180424839258194,0.5244871,1.0269773757802618,1.9805903434753418,0.21767672896385193,0.24169949,0.9870977281206342,2.1725926399230957,0.11885535717010498,0.3654997,0.9983419643182163,2.1863386631011963,0.21299488842487335,0.20567757,0.9815729935470838,2.2129929065704346,0.22219690680503845,0.26632237,0.9930394836317519,1.9515186548233032,0.17695385217666626,0.38748312,1.0311422145888045,1.9489035606384277,0.20441767573356628,0.46232212,0.9549218937381415,2.1013450622558594,0.17544208467006683,0.43297592,0.9476006588608478,2.133319854736328,0.21714551746845245,0.31806016,0.9797440377942104,1.799917221069336,0.30373015999794006,0.45293757,0.8979091093844305,2.344064474105835,0.6327646374702454,0.39912748,0.4696231622711758,1.8547210693359375,0.24644958972930908,0.23349155,0.39639157721869855,2.2055511474609375,0.1793503761291504,0.20860383,0.6722235860926136,3.3547000885009766
0,0.03529353439807892,0.26075122,0.7752662520015021,3.245518922805786,0.03779730200767517,0.15902364,0.6182618634797739,2.5182080268859863,0.0011445442214608192,0.14412947,0.32682014694393446,1.2902430295944214,0.10427036136388779,0.39406103,0.9658463576947435,1.8330005407333374,0.17771247029304504,0.31494987,0.949127210637761,1.447405457496643,0.09812264889478683,0.44266957,0.9455999418824209,1.8685494661331177,0.17007140815258026,0.345584,0.9562133195689052,1.750084400177002,0.08346662670373917,0.3836152,0.9462394757822981,1.9353276491165161,0.2710772752761841,0.20115489,0.9644230633508867,1.626298427581787,0.06409221142530441,0.43169636,0.9808664567860218,1.7976171970367432,0.13690249621868134,0.33351383,0.9742479234774638,1.9789718389511108,0.09215996414422989,0.55256456,0.9897251686911732,1.9934029579162598,0.1323045939207077,0.2811992,0.9762691738607246,2.3261678218841553,0.07359801977872849,0.3812744,0.9898291813716413,1.9934296607971191,0.1538359671831131,0.34620282,0.9765467932966607,2.0908803939819336,0.18977919220924377,0.34363967,0.9691460679693881,1.9257795810699463,0.08421750366687775,0.41992968,0.9952394582031315,2.336190938949585,0.17804476618766785,0.51061,0.9312882275740209,2.2048277854919434,0.148673877120018,0.46284515,0.9092293038724626,2.219137668609619,0.1942915916442871,0.34489387,0.9167568854999384,1.8955645561218262,0.1550254076719284,0.56247395,0.8660422377270102,2.677666664123535,0.49426883459091187,0.54232687,0.44691965413140666,2.0353589057922363,0.23705746233463287,0.1715952,0.34757548292075,2.1761996746063232,0.1713409721851349,0.13452455,0.5705961127425186,2.9605231285095215
0,0.03001674823462963,0.2640253,0.7362132009393639,3.050079584121704,0.020196042954921722,0.16899557,0.5493010192318575,2.2583529949188232,0.00039446650771424174,0.15042537,0.31372605391500263,1.5060486793518066,0.10846934467554092,0.3684672,0.965806886469449,1.7514898777008057,0.18998679518699646,0.29115057,0.9510380418221893,1.8324756622314453,0.10107051581144333,0.40170363,0.9508440290162139,1.7391406297683716,0.22649221122264862,0.3409667,0.9589544801600247,1.8827518224716187,0.12277020514011383,0.28028965,0.9557570269454186,1.7694088220596313,0.2911815643310547,0.20910406,0.9629981105628034,1.4989908933639526,0.06356923282146454,0.48428905,0.9845216629443768,2.2060627937316895,0.17228811979293823,0.3294173,0.9736214681103564,1.7175915241241455,0.09642169624567032,0.5310793,0.9976820309196389,2.254063606262207,0.15780918300151825,0.28545755,0.9701510658410799,2.171566963195801,0.08648888021707535,0.4071974,0.9830183552358045,2.105428457260132,0.16254280507564545,0.30698124,0.9690360768505449,2.3360095024108887,0.15817558765411377,0.33906475,0.9766593415144689,2.079791784286499,0.060718465596437454,0.40096524,1.0057842633012324,2.4290835857391357,0.11157527565956116,0.4697127,0.9500733928082634,1.9345364570617676,0.10835143178701401,0.48708433,0.9419198476779939,2.2030153274536133,0.13903285562992096,0.35333574,0.9630146405601931,1.9358301162719727,0.189303457736969,0.53652865,0.9146121664574066,2.502232313156128,0.537379264831543,0.48551244,0.4882558715780842,2.1245217323303223,0.22531190514564514,0.17260633,0.38981228061981527,2.3354897499084473,0.14474087953567505,0.15349992,0.6729743188631835,3.4007773399353027
0,0.042978767305612564,0.23683211,0.7476805685373509,3.2185211181640625,0.015312880277633667,0.17425105,0.5595884240446528,2.4290554523468018,0.0004975187475793064,0.14404495,0.31600366699139115,1.2398535013198853,0.10807841271162033,0.36919338,0.9650650114794193,1.9012547731399536,0.21450628340244293,0.28671557,0.9476064631888451,1.7207939624786377,0.10095857828855515,0.40414485,0.9473184696504425,1.752892017364502,0.21759793162345886,0.33245584,0.9554334733987526,1.8117836713790894,0.12796656787395477,0.27631712,0.9541462682053793,1.7003467082977295,0.2748803198337555,0.20711908,0.9611622278380907,1.4507298469543457,0.05876975879073143,0.49882704,0.9822021208711985,1.7665295600891113,0.15955762565135956,0.2945425,0.9733458147448915,1.7559536695480347,0.07633227854967117,0.5275416,0.9960493297372465,2.0457870960235596,0.15052781999111176,0.27165943,0.9705870039140885,2.3036880493164062,0.07693514972925186,0.40056866,0.9832426798785862,2.3744266033172607,0.15030932426452637,0.29027954,0.9693672967616608,2.298825740814209,0.1456793248653412,0.3313988,0.9760407506462532,2.0630946159362793,0.04858655482530594,0.40156177,1.0080751387663087,2.058650016784668,0.097968690097332,0.48127714,0.9563959478309408,1.7834999561309814,0.09164435416460037,0.4953789,0.9494234446047821,1.887216567993164,0.13989487290382385,0.34652627,0.9667689113664799,1.8848435878753662,0.15593251585960388,0.5140729,0.9230140006149544,2.3012726306915283,0.5087183713912964,0.48128685,0.480229291637754,2.2144691944122314,0.22808098793029785,0.16553766,0.389137395085136,2.309479236602783,0.150237038731575,0.14401981,0.6781312017129983,3.422008514404297
1,0.03448334336280823,0.25348058,0.7409322990038663,2.856477975845337,0.022349808365106583,0.14606404,0.5525678961972059,2.081836700439453,0.0002965363673865795,0.12670536,0.31749184348351234,1.0090460777282715,0.11318141967058182,0.3402545,0.9669276039987101,1.531232237815857,0.1690194010734558,0.2552826,0.9519427442379506,1.8081867694854736,0.11772463470697403,0.37569118,0.9448424370840907,1.719400405883789,0.2486332654953003,0.29089263,0.96417508335454,1.7136667966842651,0.13849522173404694,0.24226548,0.9495001834371564,1.6397662162780762,0.3030158579349518,0.18062612,0.9675974039118838,1.299466609954834,0.08236096799373627,0.4460172,0.9905781184430879,2.120577573776245,0.1958893984556198,0.28378797,0.9776654640411928,1.779146671295166,0.10334733873605728,0.49877837,1.0003521726420617,1.9188733100891113,0.2102249562740326,0.23463452,0.9751915188543759,1.9758944511413574,0.10904374718666077,0.33648008,0.984440940230728,2.2692923545837402,0.17573922872543335,0.2523424,0.9738025015099945,2.208843469619751,0.18807139992713928,0.28064764,0.9784729708973394,2.0337493419647217,0.09872089326381683,0.40585032,1.000051213708147,2.316619634628296,0.18576306104660034,0.43680167,0.9289491602132938,2.0886573791503906,0.1467861533164978,0.45904934,0.9096636412405025,1.9813101291656494,0.19644396007061005,0.33157843,0.9494506051758242,1.8491077423095703,0.26146578788757324,0.47594523,0.8811612253524612,2.4177935123443604,0.537628710269928,0.4957313,0.4568566741677058,2.0167312622070312,0.2081492692232132,0.20529482,0.3762659893005544,2.1853737831115723,0.1383991241455078,0.18592766,0.6669393637933219,3.271963357925415
0,0.045209869742393494,0.27234685,0.7304226259633886,2.9681200981140137,0.011549333110451698,0.15035045,0.5335278456214999,2.119455337524414,0.0001720678701531142,0.13472047,0.3178704568829687,1.3091869354248047,0.11759299039840698,0.34807643,0.9672121185282206,1.7975400686264038,0.20936712622642517,0.26795676,0.9515907089454573,1.9474585056304932,0.14141632616519928,0.39271164,0.9497071482073366,1.851517677307129,0.22463972866535187,0.32278508,0.9615895934645443,2.0514919757843018,0.13234734535217285,0.27293167,0.9560304613066182,1.779454231262207,0.3123416602611542,0.20253879,0.9635178633807142,1.5053269863128662,0.06817080825567245,0.4498637,0.9862549148432208,1.9671574831008911,0.16968466341495514,0.3090236,0.9768255201204756,1.635712742805481,0.08607169985771179,0.54492605,1.0054220256780262,1.7693040370941162,0.20813864469528198,0.26042512,0.9729263311109573,2.029247760772705,0.11185654997825623,0.3521427,0.9853058357897121,2.4044909477233887,0.15682671964168549,0.27687016,0.9728077392706772,2.018404006958008,0.19913406670093536,0.29885677,0.9801315093659411,1.9638910293579102,0.11110887676477432,0.40097323,1.0100911823476206,2.3649351596832275,0.13005925714969635,0.4716514,0.9578716452191887,1.9052661657333374,0.11576297134160995,0.4595584,0.9506324089852597,2.036386728286743,0.15076029300689697,0.3397986,0.9786884271375379,1.9448292255401611,0.20101021230220795,0.4915467,0.9241451899336085,2.325852394104004,0.5575799942016602,0.4637347,0.49211943671029557,2.1390252113342285,0.23773328959941864,0.19318667,0.4065455702853993,2.3187718391418457,0.16002298891544342,0.18208583,0.6882094258865528,3.4732532501220703
0,0.031811557710170746,0.25528872,0.7423510825006104,2.7346982955932617,0.007598591968417168,0.14030321,0.5622446771871882,1.9780981540679932,0.0002461734984535724,0.12457308,0.32090145162950845,0.8948284387588501,0.10672655701637268,0.33847827,0.968265113190711,1.6600615978240967,0.1766350269317627,0.24495968,0.9518327946738068,1.8431090116500854,0.12870490550994873,0.36627856,0.9438871677288407,1.5086151361465454,0.24023975431919098,0.2698195,0.9624411537370956,1.6494475603103638,0.12984199821949005,0.25184736,0.9500301972335659,1.3352723121643066,0.2689070701599121,0.18275973,0.9685789849910577,1.5744078159332275,0.08570849150419235,0.43135858,0.9931850803317178,1.7924048900604248,0.17536285519599915,0.27361086,0.980921688793416,1.7811944484710693,0.10921981930732727,0.45736733,1.001543051652987,1.9449641704559326,0.19521677494049072,0.22589137,0.9766292151879176,2.0571279525756836,0.1173311099410057,0.2984188,0.983812472254837,2.211538791656494,0.22063715755939484,0.24812488,0.9754615133748572,2.0738325119018555,0.1862267702817917,0.26626962,0.9777651080185373,1.8550171852111816,0.13364839553833008,0.40710905,0.9977140103815558,2.240993022918701,0.21470382809638977,0.42472157,0.9297615220968735,2.3548638820648193,0.15451602637767792,0.46032935,0.910927082035544,2.136870861053467,0.19657829403877258,0.29920775,0.9496290721691192,1.7665592432022095,0.2813304364681244,0.4669154,0.8828036839683739,2.4626920223236084,0.5340263843536377,0.47266,0.46346780570183504,2.036627769470215,0.20793363451957703,0.18862176,0.3786303982303529,2.129652976989746,0.1253339946269989,0.19460598,0.6490814132370856,3.214479446411133
0,0.023224636912345886,0.23735473,0.7297965457392809,2.8274266719818115,0.011174743995070457,0.1489131,0.5470482385047416,2.025527000427246,0.0002974856470245868,0.11337254,0.32377574844376844,1.0383663177490234,0.11349686980247498,0.32829532,0.9673950529173325,1.5773890018463135,0.21109558641910553,0.23693722,0.9526154997194339,1.638702630996704,0.11046116799116135,0.37440357,0.941993919382887,1.566109538078308,0.22904349863529205,0.2725651,0.9625672314681758,1.7347753047943115,0.1221778616309166,0.25265315,0.9511631177121622,1.7534252405166626,0.28666043281555176,0.17929287,0.9658796032599687,1.5407320261001587,0.08916008472442627,0.40226787,0.9904448739314513,1.996814489364624,0.1744741052389145,0.26700893,0.9796584346505445,1.75685453414917,0.14615586400032043,0.4392744,1.0069451391715263,1.8323583602905273,0.1991165727376938,0.2072359,0.9758748875486307,2.2314138412475586,0.10160497575998306,0.29594195,0.9892215220108095,2.279726982116699,0.16515058279037476,0.22513503,0.9749623513301089,2.4045724868774414,0.1835191398859024,0.24302769,0.9819262431324548,1.9115631580352783,0.1397552192211151,0.39348558,1.0115555140420174,2.557572603225708,0.15817388892173767,0.4320315,0.9565241071824394,2.186789035797119,0.13376384973526,0.4161197,0.9470535651940154,2.0950703620910645,0.17443208396434784,0.30407923,0.9789815633095488,1.7588822841644287,0.2250535935163498,0.43792704,0.9190181022277734,2.407827138900757,0.5521071553230286,0.4796146,0.4861377486674967,2.1148436069488525,0.2352696806192398,0.22197782,0.4147957054406031,2.2598915100097656,0.16620030999183655,0.21796292,0.6796401363694284,3.3255624771118164
0,0.041600268334150314,0.27173218,0.7371127463124276,3.015375852584839,0.00746726943179965,0.17406705,0.545331457303334,2.12345027923584,0.00038097481592558324,0.1488181,0.31847220966327183,1.331934928894043,0.10554960370063782,0.35445994,0.9675563339593537,2.038388252258301,0.19948223233222961,0.27057204,0.9516952612154927,1.9627877473831177,0.12335393577814102,0.39540082,0.9467501401404957,1.5568351745605469,0.23571239411830902,0.3121754,0.9610985295290054,1.6723754405975342,0.13944432139396667,0.26840064,0.9545320936059107,1.7403481006622314,0.30049094557762146,0.19041184,0.9637611312901577,1.654836893081665,0.07942429929971695,0.46313694,0.9893237092800049,2.250826835632324,0.16165690124034882,0.32262573,0.9781199894719012,1.6792343854904175,0.07506130635738373,0.5454953,1.0076183447279372,2.1581459045410156,0.16113467514514923,0.24327126,0.9718522262693724,2.1254584789276123,0.09056590497493744,0.38547707,0.9874976231444396,2.3908841609954834,0.17376257479190826,0.26110208,0.9748693562902133,2.3156819343566895,0.18434108793735504,0.31213716,0.9829799503128642,2.140164375305176,0.08268718421459198,0.37923458,1.0095914809504272,2.0417940616607666,0.1355268359184265,0.46784493,0.9521999783106727,1.8638566732406616,0.11973865330219269,0.4229558,0.9449922241202354,1.9878299236297607,0.15794682502746582,0.32300985,0.9653874199010375,1.9952363967895508,0.20239892601966858,0.4978784,0.9099366514616504,2.57594633102417,0.5522556304931641,0.5037275,0.4729431143035875,2.082751512527466,0.2413971722126007,0.20858775,0.39366701010604016,2.26381254196167,0.13848960399627686,0.1820293,0.6586405240875833,3.3440487384796143
1,0.034921593964099884,0.23193833,0.7462244331822506,2.796383857727051,0.017439203336834908,0.13903245,0.5473859330083639,2.0252397060394287,0.0004289569624233991,0.11372829,0.32052338957230814,1.0502030849456787,0.12371191382408142,0.33720663,0.967207321622605,1.6500695943832397,0.15897880494594574,0.2455711,0.9518158779637029,2.1208951473236084,0.10432329028844833,0.37051666,0.9418285993060985,1.4787156581878662,0.23587103188037872,0.27102873,0.9654390958291399,1.7574801445007324,0.09841278195381165,0.2620489,0.9512987723917776,1.5528875589370728,0.26275870203971863,0.18853042,0.9700356600447987,1.462029218673706,0.08402225375175476,0.4579108,0.9955162710011921,1.891887903213501,0.18223458528518677,0.28940386,0.9808365246320383,1.9028639793395996,0.10459043085575104,0.48789173,1.00305395583177,2.013298988342285,0.20288726687431335,0.23354048,0.9748945643883085,1.9463502168655396,0.10722978413105011,0.35093418,0.9812447872655377,2.2210817337036133,0.18638953566551208,0.25876296,0.9723489901030259,2.163496494293213,0.2137095183134079,0.3056743,0.976448957882701,2.011479377746582,0.09798233956098557,0.39796883,1.0096210585943142,1.9146679639816284,0.19271492958068848,0.4336156,0.9513354270453533,2.0982160568237305,0.16070349514484406,0.4652731,0.9334647929738472,1.838173747062683,0.19957371056079865,0.3177258,0.9592224033324406,1.8290181159973145,0.24165798723697662,0.4542193,0.8926425375648221,2.494703769683838,0.5255909562110901,0.4948636,0.4809769763330135,2.12152099609375,0.19676406681537628,0.20601259,0.413316745341257,2.2892844676971436,0.12157629430294037,0.19022188,0.6680185647240146,3.294342279434204
0,0.027686236426234245,0.24247943,0.7288787013844935,2.439218044281006,0.007756051607429981,0.13543545,0.5330295485117779,1.560213327407837,0.000163828837685287,0.10189094,0.32224285008706044,1.143428921699524,0.1299944967031479,0.30970767,0.971532079812,1.7270715236663818,0.19333510100841522,0.23933604,0.960074190459666,1.8232622146606445,0.11564746499061584,0.35182673,0.9433238123250896,1.6908818483352661,0.2540382146835327,0.23597378,0.9694126669519811,1.611623764038086,0.12514299154281616,0.2517811,0.9488064638357343,1.6907472610473633,0.32066014409065247,0.17231117,0.9712660275414451,1.7316869497299194,0.10666406154632568,0.37895602,1.0013000078807124,1.9414637088775635,0.18663813173770905,0.28363958,0.9879919819850373,1.7746632099151611,0.11573417484760284,0.46540314,1.0293633185774662,2.1799540519714355,0.2122601419687271,0.22041379,0.9861732217253373,2.058698892593384,0.1392204314470291,0.2689656,0.9961571934731196,2.2668471336364746,0.23278029263019562,0.21050203,0.9837924598216473,2.1545944213867188,0.24403543770313263,0.24739066,0.9925578712039222,1.945237636566162,0.1573389321565628,0.39353454,1.0240944318049878,2.4468884468078613,0.22052641212940216,0.38833866,0.9540916202860448,2.2550861835479736,0.19230729341506958,0.40179294,0.9391732764471751,2.0849814414978027,0.2297138124704361,0.2897428,0.9669060785722219,1.8320255279541016,0.31005236506462097,0.39794162,0.895685382191859,2.4190802574157715,0.5945681929588318,0.4912694,0.46264847779201396,1.9653648138046265,0.25124871730804443,0.24568316,0.39299805216532296,2.2249064445495605,0.16208884119987488,0.25591084,0.6500310838655798,3.195449113845825
0,0.03911555930972099,0.259113,0.7349312373796756,2.609140157699585,0.01573711819946766,0.15096386,0.535015900990437,1.7747228145599365,0.00037871042150072753,0.118290246,0.3156094484598207,1.0263389348983765,0.13447187840938568,0.34143102,0.9700835560471359,1.9875493049621582,0.1947457194328308,0.26743874,0.9547077497299332,1.9845775365829468,0.11001039296388626,0.38342577,0.9432224994385081,1.780086874961853,0.268898606300354,0.28235978,0.966305190228552,1.6741008758544922,0.14609697461128235,0.23858489,0.9514339462351683,1.442874789237976,0.2834927439689636,0.17877781,0.9702491730549422,1.6310553550720215,0.08427877724170685,0.4377059,1.0015622309225913,1.978887677192688,0.19292396306991577,0.29027984,0.9887808698696681,1.6706196069717407,0.11676882207393646,0.50865513,1.0304298677662949,2.2755093574523926,0.23248526453971863,0.22697535,0.9855306775324292,2.3293397426605225,0.10190889984369278,0.339397,1.0014866530053084,2.229935646057129,0.20754460990428925,0.24123861,0.9813414433288382,2.152604103088379,0.21455153822898865,0.27953398,0.9916098563696919,1.8763896226882935,0.101932592689991,0.35283947,1.0262310809827946,2.174668073654175,0.16356463730335236,0.47834685,0.9549208087257446,1.9586858749389648,0.15899381041526794,0.44078258,0.9469408073174602,2.012507438659668,0.19541896879673004,0.30369604,0.9758867472683432,1.8738197088241577,0.28960561752319336,0.45898607,0.8954686100878353,2.4384500980377197,0.6167090535163879,0.47065395,0.4780149068099702,1.9431984424591064,0.26368066668510437,0.22406754,0.4007451618040382,2.1259782314300537,0.15343457460403442,0.21368076,0.6641586923384012,3.245354652404785
0,0.04227863624691963,0.24720244,0.7329986540193721,3.096834659576416,0.022937577217817307,0.1744214,0.5494831140860938,2.335649013519287,0.0004571577301248908,0.1431049,0.3195231789713035,1.29978609085083,0.10220954567193985,0.34787437,0.9663817124820767,1.6125922203063965,0.18018420040607452,0.26132497,0.9507254440626968,1.8132225275039673,0.11198925226926804,0.40123457,0.9487622768933837,1.769132375717163,0.2012745887041092,0.3103662,0.9587554011586978,2.01143217086792,0.12399018555879593,0.26645383,0.9532933245469057,1.8534092903137207,0.3034384250640869,0.18472731,0.9618822057622546,1.5249828100204468,0.07226001471281052,0.4646063,0.9850768033841185,1.9253145456314087,0.18512505292892456,0.29673567,0.9726651140862351,1.785421371459961,0.07282163947820663,0.5251792,0.9988467017614797,1.8441290855407715,0.21356716752052307,0.24867716,0.9715955106375279,2.175837516784668,0.09913210570812225,0.39700413,0.984622542116778,2.243360996246338,0.1562788188457489,0.28242818,0.9706037974820312,2.286220073699951,0.16063767671585083,0.31902984,0.9767764429847032,2.216665506362915,0.07422704994678497,0.4103228,1.0007112047798237,2.2949509620666504,0.1183142364025116,0.47296667,0.9476080665434375,2.0225207805633545,0.10785547643899918,0.44077164,0.9405374136760324,1.9384559392929077,0.15557165443897247,0.3056662,0.9600001927289922,1.8148229122161865,0.1865750253200531,0.51084286,0.9104805953122064,2.4662246704101562,0.5427934527397156,0.47335693,0.48074919011937695,2.1538922786712646,0.24095594882965088,0.18678607,0.3886497424323584,2.295597553253174,0.13762637972831726,0.16151753,0.6663071648785139,3.327017068862915
0,0.03995547071099281,0.27048597,0.7533369888645969,3.16204833984375,0.020628202706575394,0.14510226,0.5723671258382592,2.334122657775879,0.000563239271286875,0.15543796,0.31756894600338476,1.5068578720092773,0.1394498199224472,0.35352468,0.9668427213444905,1.815751075744629,0.21624919772148132,0.25339875,0.9497169774776374,1.7188431024551392,0.10511927306652069,0.38881862,0.9473147062667968,1.925348162651062,0.23536285758018494,0.3052254,0.9560414429751697,1.8211443424224854,0.10599769651889801,0.26649183,0.952334365139012,1.6714463233947754,0.2852219343185425,0.19279473,0.9629188202321433,1.4265587329864502,0.05100557580590248,0.4947932,0.9831816828398537,1.6894302368164062,0.1669195294380188,0.2894731,0.9743220267940674,1.595004916191101,0.07217196375131607,0.5669221,0.9997916909589818,2.4571850299835205,0.16049037873744965,0.25716382,0.9739090732164167,1.9167828559875488,0.08335847407579422,0.3987242,0.986522624547847,2.2668609619140625,0.1610444337129593,0.24199422,0.9709399635050106,2.1372640132904053,0.1667334884405136,0.31750658,0.9771617796847182,2.0352537631988525,0.04312463849782944,0.3976925,1.0115636425734473,1.7441061735153198,0.10454753786325455,0.4655006,0.943728237791932,1.7654386758804321,0.10192764550447464,0.47157556,0.9338271914107402,1.9659414291381836,0.14380471408367157,0.3451774,0.9537126330849527,1.9975090026855469,0.1543460488319397,0.4748644,0.9059195115495392,2.4144177436828613,0.543188750743866,0.4889447,0.48310990717131996,2.1147944927215576,0.25785088539123535,0.18858679,0.3949969296770556,2.3305652141571045,0.14904499053955078,0.14276536,0.6579870889407463,3.3230462074279785
0,0.048371702432632446,0.21978927,0.7391793858273388,3.219621419906616,0.019718049094080925,0.16611725,0.5511951074024994,2.398186683654785,0.0005207203212194145,0.14157474,0.313036207536062,1.673427700996399,0.09636266529560089,0.36456066,0.9645758805514877,1.6522024869918823,0.18462945520877838,0.29036555,0.9464478186107205,2.0335910320281982,0.10079222172498703,0.41141453,0.9490966914846796,1.834906816482544,0.16659757494926453,0.35326564,0.9522674993914105,2.0660979747772217,0.11735042184591293,0.27298236,0.9540575812485432,1.711477279663086,0.2731676697731018,0.21750706,0.9578283615538727,1.4580166339874268,0.05939657241106033,0.5026126,0.9809232979554159,1.8287105560302734,0.17539849877357483,0.3125241,0.9685669033593127,1.6093940734863281,0.07754207402467728,0.5769109,0.9931482293576825,2.1145870685577393,0.17470310628414154,0.29122645,0.9670397939899122,2.0263750553131104,0.07685989886522293,0.40617007,0.9813986067560838,2.352120876312256,0.14177313446998596,0.27813688,0.9667877748186169,2.2933521270751953,0.14213328063488007,0.34424064,0.9739275418191938,1.8462343215942383,0.03187516704201698,0.39806858,1.0038304852813513,2.0520942211151123,0.07924127578735352,0.48210925,0.9571200654236349,1.9142462015151978,0.08628229796886444,0.50385475,0.9468724751124569,1.9108872413635254,0.12506364285945892,0.37264782,0.9674970963351999,2.021897315979004,0.1521930992603302,0.51455027,0.9231005804246304,2.5054688453674316,0.5094446539878845,0.5019596,0.49486585337770345,2.2552483081817627,0.22932970523834229,0.17702717,0.39820607944041353,2.4729270935058594,0.13235849142074585,0.14991485,0.6802722067606621,3.4437615871429443
0,0.04606317728757858,0.22993742,0.7397190603387674,3.1951346397399902,0.026025284081697464,0.14782618,0.5543419871940022,2.3769116401672363,0.0007318395655602217,0.15508342,0.31843063760608037,1.4400215148925781,0.11869384348392487,0.35268998,0.9651604463032185,1.8101991415023804,0.18688666820526123,0.26242024,0.9475265661525683,1.892857313156128,0.09973166137933731,0.40605363,0.9478807239437014,1.9106675386428833,0.20544913411140442,0.30035034,0.9522345538602333,1.823901891708374,0.11857829242944717,0.2698972,0.952375844676777,1.9869846105575562,0.26846933364868164,0.19530876,0.9591521728927165,1.5223548412322998,0.058017875999212265,0.5057425,0.982787248477003,1.887489676475525,0.17534689605236053,0.29607797,0.9698448262360049,1.53675377368927,0.06503261625766754,0.5825001,0.9942584958294847,2.1523725986480713,0.15270403027534485,0.27433777,0.9691156835093615,1.8905869722366333,0.07260710746049881,0.4163386,0.9823916441453557,2.180581569671631,0.13746324181556702,0.27530646,0.9693666026512306,2.1246278285980225,0.14572104811668396,0.32688156,0.9740044906019559,2.2753329277038574,0.05298037827014923,0.41404682,1.0043850168940898,1.7495334148406982,0.08686673641204834,0.47076768,0.9495482453319548,1.9161772727966309,0.0881369486451149,0.47872096,0.9398351485596624,2.2192115783691406,0.1382252275943756,0.34734595,0.9597182957089848,1.9157652854919434,0.15515947341918945,0.5019895,0.9206344117980729,2.5917160511016846,0.5179412364959717,0.48191813,0.4893440112188184,2.2331862449645996,0.246233269572258,0.18576188,0.4041023054841718,2.4325671195983887,0.13721397519111633,0.14227326,0.6703077931068515,3.4438581466674805
1,0.057551201432943344,0.28518766,0.7323439756820005,3.059192657470703,0.014607314020395279,0.16475639,0.5340345209342104,2.147068500518799,0.0005699137109331787,0.14721164,0.3162890659499075,1.4533313512802124,0.11571897566318512,0.36213082,0.9665761724022868,1.675811529159546,0.17600271105766296,0.2851033,0.9516881532420121,2.0686469078063965,0.10665834695100784,0.40550688,0.9499152655672976,1.9159208536148071,0.22136396169662476,0.31429446,0.9590294923042928,1.8182653188705444,0.11466775834560394,0.27153412,0.9555573619249236,1.9743404388427734,0.25580844283103943,0.22689608,0.9656504114508332,1.5256712436676025,0.07183320075273514,0.4509127,0.9862505734825127,1.69270658493042,0.17996938526630402,0.31020308,0.9747844926035059,1.8875067234039307,0.085660919547081,0.51739705,1.0025248631848593,2.0102391242980957,0.177284836769104,0.2690511,0.9721028519965005,2.258187770843506,0.09199436753988266,0.3736412,0.980575335478907,2.346940517425537,0.16233529150485992,0.24164255,0.9708886333130328,2.2494287490844727,0.18852803111076355,0.3072413,0.9796146012171736,1.8048665523529053,0.08134811371564865,0.39593756,1.0088494304801825,2.0573201179504395,0.17145328223705292,0.47591928,0.9528387069877089,1.9095231294631958,0.10790836811065674,0.50173855,0.943591804553971,1.7041316032409668,0.14062905311584473,0.3594343,0.9650245373667601,1.7861015796661377,0.18690361082553864,0.49543288,0.914304892867977,2.6170153617858887,0.5675833821296692,0.45485264,0.4914682882539407,2.077792167663574,0.23842112720012665,0.17147602,0.4018321134816909,2.306499481201172,0.14329639077186584,0.16986272,0.6869440575885373,3.4473564624786377
0,0.034065358340740204,0.25642633,0.7384489566295436,2.990065336227417,0.01679852418601513,0.1635167,0.5467224389003534,2.1527957916259766,0.00017016066703945398,0.14796747,0.31522419014551395,1.294620394706726,0.11376143246889114,0.34830067,0.9672921917522742,1.829310655593872,0.20402713119983673,0.27238473,0.9511991867835707,1.7391374111175537,0.10452178865671158,0.385037,0.9484560713532152,1.912686824798584,0.2236597239971161,0.30863318,0.9584864303921491,1.7527871131896973,0.11704575270414352,0.2653096,0.9529647602008606,1.8634824752807617,0.30911239981651306,0.18804915,0.9637120673119606,1.4453353881835938,0.06525938212871552,0.47120157,0.9887216486101678,1.916994571685791,0.16550642251968384,0.2960123,0.9759382590782868,1.9793195724487305,0.08566465228796005,0.5194634,1.0053184965586726,2.286444902420044,0.209601491689682,0.2587854,0.9760597910285579,2.2583298683166504,0.08929792046546936,0.3900899,0.9916099640400357,2.178912401199341,0.1679738163948059,0.2885342,0.9739011559377817,2.1057708263397217,0.17794932425022125,0.30795708,0.9798803245182223,2.001391887664795,0.09423031657934189,0.39073062,1.011452616782344,2.444953441619873,0.13480469584465027,0.44983253,0.9553795329810035,2.1229710578918457,0.1216324046254158,0.43594757,0.9419425978211624,1.7848153114318848,0.15065403282642365,0.33158648,0.9623228322660713,1.8789260387420654,0.18886372447013855,0.5002678,0.9125337179935561,2.4405736923217773,0.5407018661499023,0.48370853,0.47153517151748886,2.065218210220337,0.24605904519557953,0.1836033,0.3867957268050832,2.2918293476104736,0.138296976685524,0.16265118,0.6575156678184637,3.252737283706665
1,0.0350797139108181,0.2718204,0.730443876109001,2.6411921977996826,0.012370448559522629,0.13302629,0.5356983002133856,1.955781102180481,0.00038469769060611725,0.12702692,0.31699821266052636,0.8907147645950317,0.12646499276161194,0.34804395,0.9674901957683544,1.8780393600463867,0.1706933230161667,0.25312585,0.9513562104785876,2.1741645336151123,0.11201171576976776,0.40054333,0.9423492152124304,1.6395460367202759,0.23807929456233978,0.2755786,0.9617194675449156,1.7670698165893555,0.14120212197303772,0.25248754,0.9513175940373871,1.8195271492004395,0.29476261138916016,0.17196403,0.9673223276529067,1.5136709213256836,0.09900934249162674,0.40448204,1.0006545021847655,1.7927279472351074,0.19510282576084137,0.2611456,0.9838151829786916,1.6196212768554688,0.09526754915714264,0.45106646,1.0100508120587985,1.9679862260818481,0.19371698796749115,0.22194526,0.9773285963688154,2.0909032821655273,0.11266499012708664,0.30860785,0.9918678607418153,2.40000319480896,0.19929610192775726,0.22524177,0.9740235045340283,2.249546766281128,0.19224148988723755,0.22867629,0.9787609345188811,2.1221957206726074,0.12999649345874786,0.4066177,1.003830357070945,1.9477037191390991,0.1596020758152008,0.45922682,0.9475028333793575,2.1184332370758057,0.15257933735847473,0.45878783,0.9390585725392584,1.938850998878479,0.17824430763721466,0.35463834,0.9677796313280635,1.8116896152496338,0.24069321155548096,0.47166526,0.9012506418002841,2.321329116821289,0.5474035739898682,0.49267155,0.4462261276588313,2.1026201248168945,0.22054199874401093,0.19488612,0.37992516143759203,2.169006586074829,0.13954465091228485,0.18235946,0.6668771633823056,3.2960004806518555
0,0.07331375032663345,0.27065882,0.736538368315228,2.980576753616333,0.013203410431742668,0.15568091,0.544241170119457,2.1727378368377686,0.0003747240698430687,0.14335762,0.3173503074008201,1.4117333889007568,0.1172763854265213,0.34366873,0.9671738985119774,1.739808440208435,0.21318331360816956,0.27436772,0.9516768603404134,1.6664905548095703,0.10486868023872375,0.39818025,0.9496993711469763,1.7735161781311035,0.2241179347038269,0.33119816,0.9598333543530732,1.9034854173660278,0.11795935779809952,0.27153242,0.9551078574654807,1.890018343925476,0.3155467212200165,0.19881758,0.9643688820469762,1.445902705192566,0.06416720896959305,0.4443002,0.9866735783069096,2.055643081665039,0.18444593250751495,0.3172336,0.974157215068146,1.5886874198913574,0.07863426208496094,0.5708299,1.0054261320270867,2.2534408569335938,0.18022844195365906,0.27220267,0.9737716797815024,2.220252513885498,0.09035274386405945,0.397244,0.9874607269282164,2.3677146434783936,0.16498735547065735,0.3030238,0.9729717004331027,2.3113982677459717,0.18275201320648193,0.3566024,0.9825950270111881,1.966735601425171,0.04985418915748596,0.39195144,1.016576083623608,2.18265700340271,0.10963712632656097,0.48144493,0.9608851598095112,1.9113173484802246,0.11501187086105347,0.5164417,0.9509211990988626,1.8162474632263184,0.1444350779056549,0.35893157,0.9697445316900049,1.672371506690979,0.20834794640541077,0.5287545,0.9204565345874998,2.447704315185547,0.5500795245170593,0.47036135,0.4897614890093019,2.125420331954956,0.2592134475708008,0.1802462,0.4047004170017331,2.279099464416504,0.1494763195514679,0.16403309,0.6853797552289489,3.4026575088500977
1,0.0472680926322937,0.25252968,0.7632217373220682,3.019735813140869,0.016600824892520905,0.14401525,0.5868445223442552,2.085383176803589,0.000805349787697196,0.13066979,0.31519571053678735,0.844068706035614,0.12145216017961502,0.35699427,0.9662942794533922,1.7519021034240723,0.18585573136806488,0.28193942,0.9532609865532942,1.6184666156768799,0.09682019054889679,0.4134691,0.9448814099658385,1.6165554523468018,0.24712945520877838,0.303999,0.9554874601475674,1.6274402141571045,0.10275328904390335,0.3082889,0.9454969031463522,1.589725375175476,0.285928875207901,0.19083771,0.9652199238472277,1.4729464054107666,0.08515989780426025,0.43168083,0.9832512596541331,1.4973726272583008,0.17483651638031006,0.31446528,0.9763618924093153,1.6410324573516846,0.1254759281873703,0.5375371,0.9972514647310651,1.9215939044952393,0.19504880905151367,0.25561398,0.9766959015872967,2.0553393363952637,0.10413061827421188,0.3748886,0.991711372297766,2.201587200164795,0.18585704267024994,0.29525408,0.9766788880390388,2.2166543006896973,0.24502794444561005,0.2943661,0.9716825176794865,2.234349489212036,0.09982804954051971,0.41472465,1.0217934298326707,2.0311267375946045,0.19458068907260895,0.44049785,0.9349820268027115,1.6558908224105835,0.19055815041065216,0.4306148,0.9151288399774459,1.9388093948364258,0.2505776882171631,0.30481073,0.9088761157533409,1.8099673986434937,0.29870161414146423,0.45665878,0.8457355450059862,2.1900079250335693,0.5651078820228577,0.4672597,0.40192493794344186,1.8041162490844727,0.2427981197834015,0.19092147,0.3061918730627519,1.9950358867645264,0.16724660992622375,0.13978586,0.49503505512852725,2.6957507133483887
0,0.034273549914360046,0.24079582,0.7335618856676005,2.3457260131835938,0.0065451618283987045,0.11210997,0.539621745145836,1.5378552675247192,9.218075865646824e-05,0.104873545,0.3150926855839447,1.3687747716903687,0.1499355584383011,0.3102428,0.9698652569131019,1.9020206928253174,0.2338501513004303,0.22222933,0.9548307559478727,1.6266967058181763,0.11257430911064148,0.37520552,0.9331548321847438,1.342839002609253,0.2725195586681366,0.24149308,0.9684113615566761,1.7231587171554565,0.17080821096897125,0.2271935,0.9463100335254103,1.6574196815490723,0.3112029433250427,0.17629085,0.9744238544409308,1.650199294090271,0.1161639392375946,0.4120141,1.011000668488808,1.8527121543884277,0.20730315148830414,0.26114708,0.9930448610961776,1.757400631904602,0.15174219012260437,0.49733418,1.0423369393947803,2.179783344268799,0.2057693749666214,0.21817656,0.9923570597292797,2.140263557434082,0.15190978348255157,0.33015946,1.0087228641158483,2.4034571647644043,0.23947156965732574,0.21228664,0.9873918955372212,2.1743674278259277,0.23967988789081573,0.2379998,0.9994788036217362,1.9157404899597168,0.1799466758966446,0.38163832,1.038813498577753,2.374277114868164,0.22450193762779236,0.4584946,0.9521372476075597,2.233882188796997,0.227852463722229,0.39184204,0.9469049151385375,2.152953624725342,0.25330302119255066,0.28058678,0.9780785740253124,1.8868257999420166,0.34023717045783997,0.41023096,0.8833732160538008,2.307176351547241,0.6326472163200378,0.45154837,0.4643364849788129,1.7830500602722168,0.2540002763271332,0.24065247,0.3895002062321958,2.0850863456726074,0.15847532451152802,0.22419493,0.6570112866028096,3.210205078125
0,0.04274272173643112,0.25231108,0.7369095076357698,3.243189811706543,0.020784305408596992,0.1786536,0.5468082904903764,2.4488837718963623,0.000550677184946835,0.14356719,0.31165840912112724,1.8337960243225098,0.11358926445245743,0.38137132,0.9631063377692698,1.5591965913772583,0.1814424693584442,0.2936241,0.9455358222457313,1.8253496885299683,0.10999565571546555,0.4166305,0.9478718573120452,1.6327073574066162,0.1809716522693634,0.35807228,0.9527217481388788,1.9078545570373535,0.10649297386407852,0.27963397,0.9527415491031073,1.7241294384002686,0.26936185359954834,0.2138742,0.9567998438323589,1.4420859813690186,0.05644722655415535,0.51375276,0.9782955271128284,2.018758773803711,0.15724889934062958,0.3175615,0.9684468915884574,1.8469592332839966,0.08221728354692459,0.5466575,0.9922291594094161,2.080784320831299,0.19923144578933716,0.28276604,0.9662016627365819,2.0694875717163086,0.07404037564992905,0.4161273,0.9815616968843514,2.148469924926758,0.13072624802589417,0.28128204,0.966382216651183,2.1411542892456055,0.13108085095882416,0.33661732,0.973321116904106,2.241384983062744,0.03809155523777008,0.40354282,1.0036912518352428,2.056511163711548,0.09000425040721893,0.48599967,0.95833199913406,1.9947662353515625,0.07411863654851913,0.4904291,0.9528397890658247,2.1006438732147217,0.12332026660442352,0.37040633,0.9678013080578719,1.8828235864639282,0.1167425662279129,0.52529854,0.9292068447650454,2.3617444038391113,0.5036379098892212,0.48718494,0.47625783522459103,2.2307729721069336,0.2218620330095291,0.1834648,0.38628899517667936,2.3980929851531982,0.14491869509220123,0.14916208,0.6792079159134037,3.462268114089966
0,0.04559842124581337,0.2420639,0.7310383318674782,3.2857754230499268,0.01949991285800934,0.20879084,0.5380896266676558,2.4793684482574463,0.0003237107885070145,0.15747947,0.3105614074332923,1.686625599861145,0.09477940201759338,0.377387,0.9616307990046239,1.8830807209014893,0.1619204878807068,0.31031704,0.9444751042681334,2.1389565467834473,0.11913008987903595,0.4222538,0.9492259325354275,1.8817263841629028,0.17597909271717072,0.36811185,0.948878919957641,2.2392587661743164,0.11254524439573288,0.2844563,0.949989211262342,2.061741352081299,0.2653481662273407,0.21638379,0.9521052607606396,1.833397388458252,0.061379145830869675,0.51694936,0.9759530638017554,1.9011049270629883,0.16267897188663483,0.3255677,0.9639714313300215,1.821046233177185,0.06660857796669006,0.56142986,0.9884940034981391,2.264738082885742,0.15109167993068695,0.28810394,0.9622286220299667,2.174342393875122,0.06955631077289581,0.4183146,0.9790403728634895,2.3163280487060547,0.12792269885540009,0.3158426,0.9633153518747124,2.4434030055999756,0.13063804805278778,0.33743945,0.9700632974960446,2.2284512519836426,0.05539579689502716,0.4000056,0.9993975732938909,1.6543887853622437,0.08193021267652512,0.47917935,0.96037911491664,2.111398696899414,0.07471180707216263,0.5291674,0.9554868658804381,1.6977001428604126,0.11262613534927368,0.37112337,0.9722327652151936,2.1843817234039307,0.13338737189769745,0.5416687,0.9335186639401457,2.340773820877075,0.48322898149490356,0.4844706,0.4967650899440131,2.4070520401000977,0.20765914022922516,0.17441212,0.4068315026106063,2.397329092025757,0.12506502866744995,0.14238656,0.6994086736447116,3.5520412921905518
0,0.046188414096832275,0.22948384,0.7343178848456143,3.2562830448150635,0.03296011686325073,0.17889528,0.5475104928663824,2.4786458015441895,0.00043282710248604417,0.14878502,0.310370465346459,1.5868629217147827,0.10645204782485962,0.37129855,0.9632354537287137,1.6914453506469727,0.1840738207101822,0.30409986,0.9451823447007192,2.091226577758789,0.08848386257886887,0.40808702,0.9487510299998749,2.172617197036743,0.18456628918647766,0.36565626,0.9511483649064175,2.0978074073791504,0.11344058066606522,0.27431598,0.9538827977790816,2.1432039737701416,0.2637064456939697,0.21509166,0.9556765180998607,1.4611413478851318,0.05523776635527611,0.5155242,0.980417782328698,1.959415316581726,0.1623631715774536,0.32950202,0.9672759685927834,1.7007358074188232,0.06556253135204315,0.5590817,0.991819057426669,2.21742844581604,0.15485429763793945,0.306896,0.9651260040464611,2.0127766132354736,0.06858392059803009,0.43321925,0.9824879500328604,2.3463594913482666,0.13378027081489563,0.30976114,0.9655218871226043,2.511759042739868,0.1369408667087555,0.37610638,0.9740911994710152,2.3169350624084473,0.04761512950062752,0.38412988,1.008908112130408,2.105395555496216,0.08256739377975464,0.47839376,0.9653025305488907,2.302302360534668,0.07791802287101746,0.48951772,0.9560175243590597,1.8550059795379639,0.11096958816051483,0.365061,0.9759877261370334,2.0348875522613525,0.15046150982379913,0.53793466,0.9280676356595376,2.440314292907715,0.5014743804931641,0.49792704,0.49475854884636145,2.3449654579162598,0.19555434584617615,0.16980971,0.4018680272591883,2.419302463531494,0.12052533030509949,0.13631979,0.6898561376733908,3.5027642250061035
0,0.0462530143558979,0.2195992,0.7290959473421591,3.1906986236572266,0.021650228649377823,0.1736406,0.5434017431428048,2.4090964794158936,0.0006566335796378553,0.14439861,0.3140097677383514,1.6153223514556885,0.10366228967905045,0.3820973,0.963201277440455,2.0127978324890137,0.19109611213207245,0.28108904,0.9457695847286902,1.959317684173584,0.1173618733882904,0.4170797,0.9479847765923001,1.7256656885147095,0.17318977415561676,0.36420834,0.9539684125131858,1.9321997165679932,0.1063951924443245,0.26984236,0.9527027143723613,2.0451035499572754,0.24899780750274658,0.2219473,0.9578347547500992,1.3790831565856934,0.050307683646678925,0.5158065,0.9779888454692943,1.910468578338623,0.16246362030506134,0.32099497,0.9690938013361421,1.504413366317749,0.0619138740003109,0.55172837,0.993715963033307,2.3714749813079834,0.15758825838565826,0.28505307,0.9665596501591708,2.115272283554077,0.08404897898435593,0.41303307,0.9818837272440781,2.1482620239257812,0.1329042911529541,0.2942696,0.9666004639423195,2.343153238296509,0.15284375846385956,0.3440829,0.9728337100803095,2.116863250732422,0.04329913482069969,0.39429584,1.0037277770779254,2.104325294494629,0.07958514243364334,0.484157,0.9585320158205091,2.059055805206299,0.07759209722280502,0.49803606,0.953486336691304,2.0241141319274902,0.12335886061191559,0.3765388,0.9703443497775828,1.8217682838439941,0.11524534225463867,0.53358495,0.9310211705452679,2.5348286628723145,0.5178560614585876,0.4579361,0.4832025769083844,2.2772481441497803,0.23156945407390594,0.18003386,0.39138130284208594,2.431501626968384,0.15017341077327728,0.14073512,0.6901226568977664,3.498265266418457
0,0.06482618302106857,0.2835613,0.7261242453620059,2.9890384674072266,0.01187900174409151,0.17772575,0.5337829655364703,2.1085479259490967,0.0002178764552809298,0.14622484,0.3177246991432464,1.3621141910552979,0.11534794420003891,0.36047715,0.9672574805790232,1.6073437929153442,0.19083049893379211,0.28757054,0.9514680831586855,2.0386710166931152,0.12249642610549927,0.40065786,0.9482518735825082,1.4816789627075195,0.22221267223358154,0.31285015,0.9607594355320483,1.8665046691894531,0.13971848785877228,0.26788354,0.9537606224618874,2.033453941345215,0.276743620634079,0.19552179,0.9617575740189414,1.5491455793380737,0.07131417840719223,0.45574778,0.983393310847817,2.1733291149139404,0.15507706999778748,0.30935365,0.9763124365559058,1.8488068580627441,0.08839593827724457,0.45895842,1.0058285404344804,2.0828752517700195,0.2127402126789093,0.2479127,0.9742908645548456,2.220155954360962,0.10700957477092743,0.29352507,0.990620495787026,2.126613140106201,0.15401042997837067,0.27765685,0.9750030017584946,2.1652770042419434,0.1835390031337738,0.2839661,0.983844138349398,2.0275537967681885,0.10975349694490433,0.38034484,1.0194956787715048,1.9607030153274536,0.11015109717845917,0.46182632,0.9703743919901585,2.030224323272705,0.12152548134326935,0.46058905,0.9659992224008063,1.9905385971069336,0.15135490894317627,0.34732687,0.9912861501083238,1.6540961265563965,0.19810287654399872,0.50226337,0.9335938924055804,2.5630381107330322,0.5528955459594727,0.46035734,0.48956768500586834,2.1361351013183594,0.249884232878685,0.17602743,0.41620598037753787,2.3312737941741943,0.14238543808460236,0.1595997,0.6915186528677646,3.4868102073669434
0,0.032072022557258606,0.2546325,0.7522445457670356,3.021595001220703,0.02157936990261078,0.13868468,0.5726397566466986,2.2965757846832275,0.0008510216139256954,0.15031734,0.3232009540081344,0.9347798228263855,0.10611464083194733,0.3586937,0.9673750332841132,1.8166407346725464,0.1693362444639206,0.2514669,0.943958470111337,1.9406726360321045,0.10202530771493912,0.3574097,0.939393844516599,1.6545592546463013,0.20706883072853088,0.26507947,0.9564396017174271,1.7315211296081543,0.10156568139791489,0.2588563,0.9417890181689416,1.7881810665130615,0.2978615462779999,0.17770602,0.9637529955388602,1.3526591062545776,0.05652705952525139,0.425744,0.9893499739714152,1.799793004989624,0.186895489692688,0.2584136,0.9786268758978687,1.815366268157959,0.07919172942638397,0.4824362,1.0105353930176395,1.9800945520401,0.20811106264591217,0.21384384,0.9738756599380569,2.250572681427002,0.08840976655483246,0.29885918,0.9925613218987352,2.4629337787628174,0.18939247727394104,0.20029418,0.9722106044239528,2.0815534591674805,0.15214456617832184,0.2734353,0.9733322724024588,1.9575920104980469,0.056246086955070496,0.4139457,0.9990110236841586,2.3062219619750977,0.18491218984127045,0.44991815,0.9342682346286877,1.9724329710006714,0.14076018333435059,0.40171453,0.9170636855901435,1.9620633125305176,0.17908836901187897,0.27558032,0.9355449951726669,1.8793156147003174,0.220194473862648,0.4259735,0.8726244284250991,2.4490749835968018,0.5016138553619385,0.4713764,0.5189699845676291,2.294694423675537,0.23005717992782593,0.18039906,0.4132338735254955,2.3852922916412354,0.11587226390838623,0.15434314,0.6203635542131946,3.1144888401031494
0,0.05058034136891365,0.26035985,0.7399561887668433,3.0458412170410156,0.019881803542375565,0.15653926,0.5575842989808143,2.2384512424468994,0.00038063552347011864,0.14518832,0.31654388012990425,1.3031232357025146,0.11311936378479004,0.35050753,0.9667725866503959,1.7872260808944702,0.20540156960487366,0.27223244,0.9522807020943245,1.7677947282791138,0.1207990050315857,0.3887971,0.9507954954504608,1.8135912418365479,0.21714939177036285,0.3133671,0.9597704081892584,1.805371880531311,0.10279420763254166,0.27779502,0.9566459328218417,1.7569458484649658,0.28248274326324463,0.19871588,0.9643403978618004,1.5882039070129395,0.05920146778225899,0.47434244,0.9850979769451486,2.2225072383880615,0.18134692311286926,0.3095225,0.9747306684349197,1.8168219327926636,0.0792519673705101,0.5346879,0.9997902944330157,2.2448976039886475,0.1631290316581726,0.26055765,0.9718824491717329,2.304680585861206,0.08369836956262589,0.42002824,0.9844494189017144,2.2164883613586426,0.19176335632801056,0.28617108,0.9709274868442188,2.233119010925293,0.17060071229934692,0.31579736,0.9769359793089445,2.285629987716675,0.058853890746831894,0.3956812,1.0071723680440234,2.314582586288452,0.11069133877754211,0.46934992,0.9493443175167968,1.9175844192504883,0.11391440033912659,0.45002946,0.9389206850253817,1.9743372201919556,0.14408662915229797,0.3470976,0.9615735587972045,1.971410870552063,0.19260679185390472,0.51805913,0.907900142528776,2.4879636764526367,0.5404873490333557,0.47803047,0.4869429261100186,2.160151720046997,0.23103012144565582,0.17589071,0.3911972892100088,2.341747760772705,0.1390116959810257,0.16640113,0.6723875109858329,3.410878896713257
0,0.07377312332391739,0.22018439,0.7251401033936661,3.285999059677124,0.01574382372200489,0.1910933,0.5329275709037177,2.4787776470184326,0.0013882382772862911,0.15322325,0.3129521126786855,1.820102572441101,0.10567173361778259,0.40353844,0.9608585157750528,1.8109322786331177,0.18189637362957,0.3077963,0.9429256345059313,2.102175712585449,0.09889154136180878,0.4295637,0.9484456540257927,1.9596583843231201,0.1316007375717163,0.38574433,0.9501347157595805,2.3019955158233643,0.10411451011896133,0.26267755,0.9539510537060314,1.9453880786895752,0.255330890417099,0.22774269,0.9539902513649456,1.6640992164611816,0.048227738589048386,0.526829,0.9778223138597483,2.1324422359466553,0.16062882542610168,0.3433621,0.9642318570680506,1.7656686305999756,0.05505223199725151,0.59962404,0.9899440492076946,2.236800193786621,0.1519838124513626,0.31223264,0.9602296908278285,2.314378023147583,0.07083246111869812,0.4307314,0.9774714884546668,2.459878444671631,0.14627404510974884,0.31326205,0.9631840458015088,2.505547285079956,0.13213807344436646,0.40404207,0.9711772128126761,2.111539125442505,0.040457554161548615,0.39410383,1.0003614614508705,2.013986587524414,0.06980486214160919,0.47527397,0.9603807564070388,1.7738033533096313,0.07234646379947662,0.5427215,0.9581928558763092,2.0495452880859375,0.10349760204553604,0.36229202,0.9728328564265522,2.1952028274536133,0.10327215492725372,0.5509586,0.9373493089714973,2.325551748275757,0.4663865566253662,0.48670205,0.5078674372148163,2.471308708190918,0.21476642787456512,0.169616,0.4132309051249619,2.566140651702881,0.14141038060188293,0.14513731,0.6925295159215541,3.569606304168701
0,0.0349973626434803,0.2630457,0.7352038978988698,2.8033764362335205,0.016621673479676247,0.16136618,0.5439841082544208,2.0074970722198486,0.0003846018516924232,0.12951568,0.31403359367600336,0.9653229117393494,0.11927887797355652,0.34098148,0.9688129471249399,1.5997285842895508,0.21528412401676178,0.25989783,0.9534143189813066,1.8603932857513428,0.13045598566532135,0.35724524,0.9485460872748861,1.60089111328125,0.23498943448066711,0.2809761,0.9620624640299115,1.8275343179702759,0.1316705048084259,0.25971124,0.9527443570903735,2.0529298782348633,0.3045673966407776,0.17403796,0.9645892961335228,1.619993805885315,0.08660821616649628,0.41109106,0.9943104769788917,2.045764684677124,0.16603215038776398,0.2803376,0.9831818175093149,1.7457126379013062,0.10100030153989792,0.46062273,1.0129530692697433,1.8909387588500977,0.21730393171310425,0.21460238,0.9746083130240414,2.4490456581115723,0.12033569067716599,0.25515223,0.9896000388179922,2.1722307205200195,0.18367329239845276,0.23768654,0.9742534545180123,2.191788673400879,0.21058589220046997,0.2517759,0.9786790759051271,1.9630415439605713,0.154513880610466,0.3874271,1.006981576173859,2.0248026847839355,0.13460485637187958,0.45515555,0.9544256989702563,1.9881582260131836,0.1315588355064392,0.4391983,0.9448794886071518,1.9917447566986084,0.16628259420394897,0.31384864,0.9706834349312654,1.788004755973816,0.22275204956531525,0.44250938,0.9048771732890467,2.527672290802002,0.5381958484649658,0.4940654,0.4715026676188417,2.1304068565368652,0.21513795852661133,0.21168442,0.3956383495151181,2.2539877891540527,0.12442284822463989,0.19528186,0.6556011907797105,3.2671492099761963
0,0.03038281388580799,0.23544434,0.7405969977272053,2.7385764122009277,0.013238634914159775,0.16257241,0.5614803622514332,2.032147169113159,0.00030288126436062157,0.122873686,0.32230856554945564,1.0059996843338013,0.1103086993098259,0.34710073,0.9686647860666202,1.5257502794265747,0.1918254941701889,0.24735045,0.952666558364442,1.4894964694976807,0.12417764216661453,0.36508974,0.9459684672768637,1.6486108303070068,0.2595321834087372,0.26496962,0.9631467044095604,1.779567003250122,0.1196371391415596,0.240558,0.9531716861977273,1.663391351699829,0.2795785665512085,0.18510555,0.9686280218794164,1.4777963161468506,0.0854295939207077,0.43699816,0.9930995879925889,1.9860116243362427,0.1883690357208252,0.27815425,0.9819035561990427,1.7742661237716675,0.10742006450891495,0.47420156,1.0037891329568123,1.9552383422851562,0.1808280646800995,0.22602896,0.9757377107137117,2.247048854827881,0.1072421595454216,0.31830662,0.9831616999729248,2.3730223178863525,0.17789113521575928,0.24294579,0.9750726568437781,2.309321880340576,0.1837933212518692,0.26672095,0.9775354942274094,2.1067068576812744,0.11027558892965317,0.412847,0.9995919011520129,1.757606029510498,0.14717556536197662,0.42840108,0.935290187518164,1.9635132551193237,0.1309320628643036,0.43114334,0.9223045875133755,2.2160804271698,0.18761754035949707,0.31057027,0.9514542864877165,1.7911708354949951,0.23128047585487366,0.46380785,0.8897585490773621,2.5576059818267822,0.5357937812805176,0.49294177,0.4710624414312283,1.9609484672546387,0.21879714727401733,0.20386319,0.3842954079825157,2.184321165084839,0.1403360366821289,0.18909787,0.6470354275767758,3.1905276775360107
0,0.04547181352972984,0.24971664,0.7324530980949379,3.147930145263672,0.016029510647058487,0.18407486,0.5412204405799174,2.2974908351898193,0.0006540987524203956,0.14917997,0.3132117322367065,1.5042520761489868,0.09992862492799759,0.36900428,0.9646780465260737,1.918614387512207,0.16601409018039703,0.29045564,0.9477503549854882,2.2947869300842285,0.11415791511535645,0.40601146,0.9480217686052561,1.7645848989486694,0.18431170284748077,0.34927583,0.9547294478378748,2.262436628341675,0.11938290297985077,0.27669466,0.9525276197378184,1.8829364776611328,0.26847103238105774,0.21139553,0.9584064249575243,1.654240369796753,0.049981992691755295,0.48849264,0.9818144335484722,2.0506598949432373,0.17320194840431213,0.3279686,0.9710497762035996,1.7221869230270386,0.07831752300262451,0.5725503,0.9993310076506563,2.414445400238037,0.1884765625,0.28995788,0.9697795189532855,2.2055983543395996,0.08075796812772751,0.4044662,0.9851054108178867,1.7690422534942627,0.1490769237279892,0.30937752,0.9700537041952465,2.3115322589874268,0.1488216519355774,0.38190457,0.9765725942525264,1.9898334741592407,0.05344562232494354,0.4060195,1.0005394220341601,1.9874117374420166,0.09330983459949493,0.4858436,0.9559468337666459,2.1971864700317383,0.09487774223089218,0.49981484,0.948271094354058,1.8596463203430176,0.12413346022367477,0.3802875,0.9688448070107297,1.9597338438034058,0.1593584418296814,0.5239121,0.9241631046471296,2.4925589561462402,0.5071344971656799,0.4815879,0.49157832544430935,2.2630538940429688,0.23798461258411407,0.174712,0.4054096676617168,2.407975196838379,0.1557454913854599,0.14763466,0.6803396373043508,3.43837833404541
0,0.04741106927394867,0.21794423,0.7369898253002454,3.2499356269836426,0.028060749173164368,0.1795573,0.5564971995090403,2.525709390640259,0.00048480683472007513,0.1425195,0.31274863639079203,1.5147966146469116,0.0960022583603859,0.35665327,0.9639612219318104,1.8866114616394043,0.1969890594482422,0.2875323,0.946724227298339,2.016948938369751,0.1005128026008606,0.40466738,0.9507026738424705,1.9320881366729736,0.1814715713262558,0.35637903,0.953424797470677,1.9606515169143677,0.11846533417701721,0.28136313,0.9545591516717988,1.7528718709945679,0.2763168215751648,0.20000441,0.9564259421004415,1.6664456129074097,0.05035741627216339,0.54085684,0.9796056457851418,2.059314727783203,0.16410717368125916,0.30837148,0.968463965220553,1.714512825012207,0.07333479076623917,0.55767006,0.9936665951855468,2.2525177001953125,0.1526794135570526,0.25913388,0.9659470995945175,2.224466323852539,0.07652322947978973,0.41397053,0.9833411262493862,2.4330787658691406,0.1342390477657318,0.29165417,0.9660342694549421,2.3680202960968018,0.14985810220241547,0.36999917,0.9751962918830752,2.2180607318878174,0.04112451523542404,0.40289414,1.006666543418432,2.0144307613372803,0.08645720034837723,0.47718444,0.9595137285449725,1.9331401586532593,0.08663583546876907,0.50867707,0.9526338837527458,2.0399811267852783,0.12717142701148987,0.3545547,0.9673732091976065,1.8885127305984497,0.1564701497554779,0.5304455,0.9238889831756614,2.5362510681152344,0.4844591021537781,0.47966766,0.4909214515080953,2.3049111366271973,0.23878154158592224,0.19427142,0.40812250235915487,2.4771456718444824,0.14955687522888184,0.15042725,0.6928657573558038,3.4807136058807373
0,0.055755775421857834,0.2630409,0.7393819915259404,3.035207986831665,0.017952416092157364,0.14928557,0.547135840839694,2.2176859378814697,0.0004106208507437259,0.14766967,0.31600858639316654,1.3972723484039307,0.11200810968875885,0.34363553,0.9662206371732099,1.7837241888046265,0.19058138132095337,0.25768664,0.9503161622429251,1.8114216327667236,0.11020258814096451,0.38860384,0.9495490417578932,1.484624981880188,0.22590744495391846,0.30228862,0.9587080801676879,1.7785602807998657,0.12371202558279037,0.2689114,0.9544727494483691,1.9283030033111572,0.2655891478061676,0.19058415,0.9635254525009022,1.5796879529953003,0.07279985398054123,0.46059793,0.98573524634098,2.031926393508911,0.1774030476808548,0.2978426,0.9733215730509929,1.5641876459121704,0.08263981342315674,0.5622794,1.0000181112934297,2.05769681930542,0.19759118556976318,0.2501082,0.9709335343038504,2.132415294647217,0.09623350203037262,0.3769878,0.982797328615049,1.9292460680007935,0.1467076539993286,0.2775506,0.9688106519247519,2.2472925186157227,0.17579488456249237,0.32635117,0.9760339264289851,2.176109790802002,0.06150403991341591,0.40236712,1.0045404081900793,1.767851710319519,0.10987964272499084,0.46957234,0.9543492942089568,1.9307427406311035,0.11424487084150314,0.48561478,0.9420871138572471,1.9569408893585205,0.13412310183048248,0.36032072,0.968913100356659,1.8839490413665771,0.18588705360889435,0.5089666,0.9160826421160662,2.4468026161193848,0.521928608417511,0.46943247,0.4918168345578431,2.215135097503662,0.2285764068365097,0.17949528,0.4026083891675849,2.385974645614624,0.13176950812339783,0.15371326,0.686780075952229,3.4790308475494385
0,0.03900909051299095,0.24111089,0.746644167787468,2.697007656097412,0.014734671451151371,0.12343449,0.5546611843692899,1.8110105991363525,0.00027602515183389187,0.119484946,0.32100950187555416,1.0033771991729736,0.11871200799942017,0.319646,0.9690015003814291,1.8688138723373413,0.1963273137807846,0.2341624,0.9533649348900161,1.8729091882705688,0.11317548155784607,0.3703629,0.9374977242604402,1.608699083328247,0.23049411177635193,0.25740778,0.9637110614516275,1.8197077512741089,0.14880193769931793,0.24500747,0.9460359841339556,1.4264744520187378,0.3098083734512329,0.17632341,0.9732458233076284,1.4672417640686035,0.09463031589984894,0.4290532,1.0044742822841015,2.1237215995788574,0.19264356791973114,0.24966073,0.9874348645409567,1.983860969543457,0.13061536848545074,0.47420883,1.030061619371726,2.1367008686065674,0.2259189635515213,0.2300284,0.9882553643824284,2.0125370025634766,0.11237136274576187,0.28327954,0.9983919032590397,2.4774718284606934,0.21959422528743744,0.19898766,0.9795144351655184,2.1738288402557373,0.2297571748495102,0.24809173,0.9898355598431291,1.9164968729019165,0.1437872052192688,0.3933979,1.0238684623777747,2.314344882965088,0.17038559913635254,0.4495283,0.9312041081835856,2.2960500717163086,0.1935274749994278,0.41417843,0.9177876937244182,2.1283504962921143,0.22279132902622223,0.30484375,0.9483027194988213,1.8243300914764404,0.3159366548061371,0.41845864,0.8750096526334774,2.4094760417938232,0.606533408164978,0.45564923,0.46870168564762915,1.8802542686462402,0.2587168216705322,0.22437079,0.38936401579439833,2.0904767513275146,0.14960357546806335,0.21937668,0.6546572954486428,3.245645046234131
0,0.052396442741155624,0.25267544,0.7497659912052893,3.206458330154419,0.02684239111840725,0.13454585,0.5668956217669294,2.456183910369873,0.0007921734941191971,0.14774418,0.321772537030265,1.2002699375152588,0.08935602754354477,0.36375776,0.9664949032695339,2.1218597888946533,0.17105384171009064,0.25339746,0.9451123087078073,2.1238210201263428,0.11118155717849731,0.36878237,0.9438068874042128,1.7576035261154175,0.18678134679794312,0.28986463,0.9565980541824268,1.9079700708389282,0.09361289441585541,0.2684438,0.9498101942901348,1.819398045539856,0.29364749789237976,0.19197085,0.9623832294504161,1.3170913457870483,0.05176254361867905,0.47620404,0.9848263107284302,2.1329662799835205,0.16316962242126465,0.2696734,0.9744693562415608,1.4707741737365723,0.0702407956123352,0.51012105,1.0040066284962594,1.9908174276351929,0.175220787525177,0.23461902,0.970151385396375,2.227663040161133,0.07383376359939575,0.3672841,0.9870440364009373,1.9719319343566895,0.18994879722595215,0.21774822,0.9699691757533532,2.184257745742798,0.14237287640571594,0.30436087,0.9748105765913389,2.205817699432373,0.03989260271191597,0.4180399,1.0054033361398205,2.160419225692749,0.1096302941441536,0.46309146,0.9460833198708875,2.34694766998291,0.10398376733064651,0.48394597,0.9313900380259759,1.9564915895462036,0.15433849394321442,0.34790635,0.9529951878934374,1.8722885847091675,0.16595739126205444,0.4469394,0.9025540160872321,2.453564405441284,0.49061286449432373,0.48382133,0.5272914284869871,2.3999433517456055,0.24532294273376465,0.18591058,0.43007768164021,2.5401477813720703,0.1359826773405075,0.15627874,0.6687607470075891,3.3706157207489014
0,0.053200654685497284,0.24502908,0.7300527381310646,2.982161045074463,0.013758801855146885,0.16339916,0.5368582892868956,2.143312454223633,0.000316706980811432,0.15198918,0.3149079460361779,1.408919095993042,0.10960306972265244,0.35997894,0.9668533151697916,1.6589735746383667,0.1901395320892334,0.28182265,0.9503181707551648,2.0625813007354736,0.09998011589050293,0.39508122,0.9483168989872446,1.790783405303955,0.22099046409130096,0.33273515,0.958471921821897,1.813796877861023,0.1306055188179016,0.26888397,0.9548779836348606,1.8814733028411865,0.28920814394950867,0.1986764,0.9621096439286865,1.4376130104064941,0.06640230864286423,0.4543869,0.9864175659703311,1.683351755142212,0.16638581454753876,0.3188702,0.9757783302071704,1.8123779296875,0.08681900054216385,0.54315084,1.007096970796005,1.6905313730239868,0.17778967320919037,0.28000957,0.9725392039099455,2.185030937194824,0.11671814322471619,0.39259344,0.987323310263125,2.26314640045166,0.1476917862892151,0.2770336,0.9716505801048397,2.014224052429199,0.15111364424228668,0.3142717,0.9814801461901114,2.0744469165802,0.05992630496621132,0.3834406,1.0081406570112497,2.3774218559265137,0.10882534086704254,0.47884363,0.9577429198553862,2.057774782180786,0.11823726445436478,0.48108074,0.9506307177298398,1.9304416179656982,0.13188286125659943,0.3563472,0.9720366339878814,1.9136649370193481,0.17181740701198578,0.49618718,0.9190733597340082,2.4212729930877686,0.5565033555030823,0.48332703,0.48493945003432226,2.1104073524475098,0.22668170928955078,0.182043,0.3911650915242331,2.2949483394622803,0.1421133279800415,0.16484737,0.6754454749267217,3.4081180095672607
0,0.039063695818185806,0.2710552,0.735898528424781,3.0423998832702637,0.019925091415643692,0.15833981,0.5521420876418087,2.294708728790283,0.000684842118062079,0.14921568,0.3143535268900158,1.382655382156372,0.09771458804607391,0.3489038,0.9671167098954286,1.740535855293274,0.18552842736244202,0.27598232,0.9506867843472925,2.0475943088531494,0.10929156094789505,0.38190594,0.950076631654564,1.9568051099777222,0.2397342175245285,0.30387527,0.9581308151863329,1.651999592781067,0.12049973756074905,0.27886277,0.9562610208562363,1.5622116327285767,0.3180995583534241,0.19456735,0.9632908401569124,1.6743617057800293,0.06987623870372772,0.4742764,0.9865488073167408,2.0757954120635986,0.17372019588947296,0.2977829,0.9747719884889848,1.6780074834823608,0.07181426882743835,0.5275105,1.0004558343439132,2.0644593238830566,0.16855844855308533,0.26642913,0.9719499042951149,2.151013135910034,0.08267752081155777,0.38541886,0.9815369975792432,2.27836275100708,0.15526597201824188,0.25870317,0.970543225944308,2.1945271492004395,0.1616474837064743,0.29528648,0.9756343985908482,2.191514015197754,0.0509825125336647,0.40145698,1.0048526912522349,2.30989408493042,0.11700966209173203,0.46595,0.954374671836848,1.9282888174057007,0.10643434524536133,0.4857448,0.947949641824036,2.068406343460083,0.14348337054252625,0.3498388,0.9692374800710609,2.0255699157714844,0.17355749011039734,0.48599058,0.9116773481998013,2.5656630992889404,0.5284414291381836,0.47353038,0.4891353002477593,2.145294189453125,0.22153858840465546,0.17214617,0.3924726350535667,2.343433141708374,0.14354346692562103,0.15763804,0.6715312430595821,3.3896589279174805
0,0.04599873349070549,0.2594963,0.7438920674817225,3.0901429653167725,0.025101104751229286,0.14092681,0.5577081859251047,2.263134002685547,0.0004431602719705552,0.15026058,0.32338879452298375,1.3724745512008667,0.11822769790887833,0.34265137,0.9666487474030541,1.7178622484207153,0.19257208704948425,0.24957573,0.9491725566999873,1.8803502321243286,0.1012391522526741,0.39393672,0.9481252467080153,1.6157183647155762,0.22720110416412354,0.29520303,0.9559710225597888,1.9328044652938843,0.12772426009178162,0.2502252,0.9524684794999311,1.6272733211517334,0.30101633071899414,0.18640165,0.9614287671910031,1.5954334735870361,0.06965653598308563,0.4745445,0.9849384373467538,1.5167646408081055,0.171282559633255,0.31180164,0.973571910041211,1.7942980527877808,0.07987570017576218,0.55504453,0.9997370754594213,1.9211194515228271,0.16716133058071136,0.24718527,0.9704146566946001,2.179380416870117,0.08395299315452576,0.39297357,0.9837959845577178,2.3327112197875977,0.15274830162525177,0.26480833,0.9692210947806809,2.2393174171447754,0.16450409591197968,0.33164918,0.9755657606882607,2.205434799194336,0.05090080574154854,0.39024657,1.0039998392486902,1.9961326122283936,0.10882707685232162,0.4658909,0.9483394873046953,2.1322336196899414,0.11678483337163925,0.45937905,0.9397432062115828,1.7836483716964722,0.14748603105545044,0.3432684,0.9608387353125817,2.018094778060913,0.1811014711856842,0.5031198,0.9131519822814335,2.6398110389709473,0.5292662382125854,0.47122437,0.48491279708811674,2.22497296333313,0.24753451347351074,0.18149778,0.4072796566293961,2.388833999633789,0.12181282788515091,0.15622266,0.6733603251514586,3.315917730331421
0,0.03885219246149063,0.2578354,0.7451580320060509,2.965104341506958,0.027482131496071815,0.16909648,0.5639759844651515,2.1955642700195312,0.0005214573466219008,0.14301361,0.31975307197567193,0.9382295608520508,0.10916377604007721,0.35655493,0.9667552266782962,1.6986284255981445,0.18135854601860046,0.24442573,0.9520557951846315,1.8342044353485107,0.1035422831773758,0.3651281,0.9502286785372238,1.945377230644226,0.213520810008049,0.28136003,0.9651216857007198,1.966761589050293,0.1081799566745758,0.2533159,0.9565837297744846,1.7112996578216553,0.29366108775138855,0.1839696,0.9678680485249331,1.4694278240203857,0.0738973543047905,0.4393144,0.9897291951615552,1.5878536701202393,0.18468080461025238,0.26803952,0.983712187730681,1.4383745193481445,0.09741251170635223,0.45955983,1.0088159083663684,1.9512287378311157,0.19885945320129395,0.20854658,0.9736627763853918,2.174657106399536,0.09092078357934952,0.30208284,0.987062668889605,2.290283679962158,0.16766849160194397,0.19919331,0.9727372642925719,2.1125738620758057,0.15970894694328308,0.28057328,0.9758002552357057,1.8849157094955444,0.07758121192455292,0.38389254,1.0076167045345257,2.148939609527588,0.14335402846336365,0.4438603,0.9474349705312741,1.9427530765533447,0.13901610672473907,0.47841358,0.9321480447307864,1.7328472137451172,0.1564842313528061,0.32932162,0.9581466052398808,1.8835973739624023,0.22155559062957764,0.41543102,0.8953881152998857,2.434654474258423,0.45876166224479675,0.5020878,0.4963505218538466,2.4663658142089844,0.21632464230060577,0.18770167,0.43803628264799394,2.5093374252319336,0.13347359001636505,0.17750694,0.6530318328228344,3.2837564945220947
0,0.03186037763953209,0.25698832,0.7342961664988588,2.510693311691284,0.011576849967241287,0.12955332,0.5391649804203507,1.8003133535385132,0.000320624589221552,0.11013409,0.3186605418622791,0.9501845836639404,0.14870285987854004,0.3183329,0.9702778197543942,1.8535152673721313,0.20846328139305115,0.23919278,0.9542298896588239,2.045255661010742,0.11626983433961868,0.37657517,0.9352139448559089,1.6244488954544067,0.269777774810791,0.2576205,0.9649942651645003,1.6645610332489014,0.15843091905117035,0.23348825,0.9483780253536883,1.5787769556045532,0.3078831434249878,0.17983177,0.9708736975666922,1.5947299003601074,0.09703394025564194,0.40225986,1.0011081087781055,1.8690288066864014,0.2119181901216507,0.29049405,0.9877892044757149,1.775434136390686,0.12140709161758423,0.5156504,1.025951449915249,1.9283281564712524,0.22562530636787415,0.23629627,0.9845077699430594,2.3673512935638428,0.11552746593952179,0.3370854,0.9952706104850875,2.4220075607299805,0.20959627628326416,0.24322507,0.9816512812481275,2.202759027481079,0.22034113109111786,0.28845373,0.9913577290272604,2.003000259399414,0.1503378003835678,0.38350067,1.0186293609293253,2.4904611110687256,0.16668377816677094,0.43837646,0.9385439610807599,1.9254196882247925,0.18556921184062958,0.4495378,0.9288971548043256,2.080110549926758,0.22231607139110565,0.31331074,0.9597504248633344,1.8412164449691772,0.3086698055267334,0.45169434,0.8851959809689767,2.389786720275879,0.6095789074897766,0.46162528,0.46179308737035163,1.8421883583068848,0.2596675157546997,0.22451894,0.38728219392385416,2.1839985847473145,0.15568765997886658,0.2195639,0.6557922317078069,3.2702441215515137
0,0.05607597902417183,0.21966805,0.7260533754356078,3.2573602199554443,0.031049557030200958,0.1918957,0.5456167471693122,2.5899875164031982,0.000766930403187871,0.15646996,0.31283053777545283,1.6623543500900269,0.12009653449058533,0.38732684,0.962314385350044,1.8886247873306274,0.18748913705348969,0.31022087,0.9438375918113975,2.1105499267578125,0.10989895462989807,0.41617557,0.9492533867067765,1.7861425876617432,0.18827728927135468,0.3640914,0.9507240643708895,2.2232635021209717,0.11777614057064056,0.28534675,0.9527819256784895,2.289584159851074,0.27692586183547974,0.21462293,0.9537567188526646,1.7248873710632324,0.05404211953282356,0.51228166,0.9792157457133108,2.00482177734375,0.15766683220863342,0.33477533,0.9665674637880209,1.7716256380081177,0.06048525124788284,0.5434422,0.9916208900986697,2.2609896659851074,0.15779557824134827,0.2855816,0.9624031643202702,2.287083148956299,0.0690036490559578,0.39049348,0.9785591403980759,2.6040377616882324,0.12482823431491852,0.30312708,0.9634887579667413,2.3290390968322754,0.14066992700099945,0.3252698,0.9695336343567693,2.311279773712158,0.06307850778102875,0.40030146,0.997222903567576,2.1718106269836426,0.08373919129371643,0.47694236,0.9608208681096055,1.7785547971725464,0.07349208742380142,0.4985106,0.9570605881717869,2.028435230255127,0.12147736549377441,0.35363597,0.9688053777079016,1.977860689163208,0.13814744353294373,0.519988,0.9296525387023252,2.550596237182617,0.47826164960861206,0.5001378,0.48331445922716704,2.360673427581787,0.19698269665241241,0.19289778,0.3949525235984821,2.5106313228607178,0.1377137154340744,0.15453577,0.6858283011997683,3.526822805404663
0,0.017457030713558197,0.2183277,0.7302507028481059,2.074399948120117,0.010659396648406982,0.11105525,0.539348002758159,1.4971976280212402,9.49716049944982e-05,0.09026673,0.31822252266119105,1.3558341264724731,0.1338307112455368,0.2978628,0.9655626964837439,1.6479661464691162,0.22203628718852997,0.21047762,0.952701639816847,1.8211097717285156,0.15020683407783508,0.31905594,0.9210313589843372,1.4762109518051147,0.28069549798965454,0.22353584,0.9680534344721486,1.5116134881973267,0.1644730567932129,0.21359344,0.9377510471006293,1.664654016494751,0.3063160479068756,0.15737946,0.9755386896424119,1.617857813835144,0.15177534520626068,0.3831158,1.0135000138618777,1.9625381231307983,0.22267687320709229,0.23563269,0.992511882729136,1.9249762296676636,0.1669372320175171,0.41513902,1.0417050343568894,2.0379669666290283,0.2618221938610077,0.18615527,0.9919743595553219,2.0371413230895996,0.15256701409816742,0.24135907,0.9996434404833204,2.552778482437134,0.26596125960350037,0.18520838,0.9852449768837495,2.039994716644287,0.26809585094451904,0.20844807,0.9932450454671568,1.8354123830795288,0.24165502190589905,0.37211463,1.0241145633067514,2.438364267349243,0.2539961636066437,0.38661173,0.9204862453896876,2.2393929958343506,0.28593045473098755,0.36165997,0.9070864770421885,2.089672803878784,0.28689834475517273,0.26141587,0.9405584694791442,1.8111472129821777,0.3880651891231537,0.37329426,0.8485871563636661,2.2163796424865723,0.6168321371078491,0.46756157,0.45342337470589295,1.7850600481033325,0.256149560213089,0.2650698,0.3793513543990785,2.1078691482543945,0.16829347610473633,0.23990066,0.641178951157095,3.05239200592041
0,0.041244570165872574,0.2282636,0.7432837597865694,3.1780147552490234,0.028001440688967705,0.15823963,0.5597054086774622,2.3778650760650635,0.00050820765318349,0.1503593,0.32258635127677393,1.28645658493042,0.1083638072013855,0.35185224,0.9658574155433838,2.03680157661438,0.21527895331382751,0.26866415,0.948229015299849,1.7085459232330322,0.09119368344545364,0.4064382,0.9491221068493241,1.8879127502441406,0.20487834513187408,0.31161454,0.953875155047378,2.0215489864349365,0.13286148011684418,0.2773021,0.9525605662601425,1.8963757753372192,0.28492471575737,0.19316001,0.9587078416341782,1.549734115600586,0.050637081265449524,0.49122396,0.9832433878041673,2.3944849967956543,0.16404464840888977,0.28918445,0.9716796494789233,1.7822645902633667,0.08562615513801575,0.57780164,0.9969979033397572,2.1872353553771973,0.16810142993927002,0.2582385,0.9686059283064192,2.189277410507202,0.08400818705558777,0.39223593,0.9838783767450364,2.137117624282837,0.14508526027202606,0.24625891,0.967856921709079,2.361330509185791,0.17910967767238617,0.29621673,0.9732396083474864,1.8427587747573853,0.04079839959740639,0.3846207,1.0053751838804799,1.8784613609313965,0.11276807636022568,0.44702345,0.9482742687394563,1.727992296218872,0.11073796451091766,0.43630338,0.9412837689561423,1.6500463485717773,0.14292962849140167,0.320877,0.9568075593001975,1.8622647523880005,0.16155509650707245,0.4776634,0.9103409540644245,2.486595869064331,0.5191278457641602,0.5134393,0.48005674788145325,2.237511157989502,0.23919500410556793,0.18793821,0.39423460635922414,2.4057464599609375,0.13767561316490173,0.1412565,0.6498996394582499,3.317089319229126
0,0.03954141587018967,0.26485536,0.7349383625132787,2.4843223094940186,0.006145477294921875,0.11386775,0.5400977059607047,1.7921243906021118,0.00014648957585450262,0.11322245,0.31977283021561104,1.2227572202682495,0.13192510604858398,0.31663302,0.9698607120059123,1.7483618259429932,0.2084452509880066,0.2528986,0.9534720394775191,1.776951789855957,0.10574109852313995,0.34466898,0.9403648143546752,2.067279577255249,0.2459835708141327,0.2618705,0.9651147213011156,1.7028541564941406,0.1523377001285553,0.23139705,0.9495270700685251,1.6258461475372314,0.30118709802627563,0.16674052,0.9709262611680016,1.6598495244979858,0.10498151183128357,0.3978393,0.9989237387364535,2.0308010578155518,0.19953297078609467,0.25084475,0.9881742647177822,1.8329576253890991,0.10991723835468292,0.44086847,1.0331694250987338,2.1933035850524902,0.24645978212356567,0.2084007,0.9866528974531488,2.264510154724121,0.10826639831066132,0.24416997,1.0031888390479102,2.1456475257873535,0.18505389988422394,0.19581333,0.9835786792011451,1.896329641342163,0.19487661123275757,0.21834126,0.9937843969764028,1.8836668729782104,0.16193322837352753,0.3874255,1.0298672340169603,2.411648988723755,0.1730877012014389,0.41036382,0.9582171826604653,1.8699828386306763,0.1803167760372162,0.38031048,0.9475784299075672,1.8962839841842651,0.21115556359291077,0.26369274,0.9677067808279517,1.714747428894043,0.2919238209724426,0.39144388,0.88686245988154,2.290842056274414,0.5825243592262268,0.45754665,0.46675993584813547,1.9352915287017822,0.22643530368804932,0.20726797,0.3886335116952073,2.197794198989868,0.11432632058858871,0.18723242,0.6318012732600916,3.0465738773345947
0,0.024410896003246307,0.23786117,0.7352701174981521,2.4890003204345703,0.008201787248253822,0.11666619,0.5371321098748308,1.7043970823287964,0.0003039689327124506,0.10765488,0.31225864163028766,1.2755988836288452,0.12860773503780365,0.3158238,0.9690590314031001,1.5395783185958862,0.2145654410123825,0.25092018,0.9542843873091803,1.9601353406906128,0.1227622702717781,0.3798835,0.9346885111143027,1.6751127243041992,0.25989365577697754,0.27350065,0.9683462547345992,1.671083688735962,0.1526518017053604,0.22897209,0.9473157663236901,1.5418981313705444,0.29207396507263184,0.17983122,0.9737774989337306,1.6067910194396973,0.10818096250295639,0.43157056,1.0030486270992298,2.2208282947540283,0.2072313129901886,0.28047156,0.9890651701999907,1.7589969635009766,0.13146065175533295,0.48252612,1.035075827319004,2.1563162803649902,0.21630142629146576,0.23970133,0.9862979828901529,2.1349592208862305,0.12539568543434143,0.33190322,0.9978872240873145,2.234851837158203,0.2373896837234497,0.22504719,0.9827900792099462,1.8535590171813965,0.2209855020046234,0.2658541,0.9915136249764643,1.81123948097229,0.17421698570251465,0.3777771,1.0192776506018466,2.5724740028381348,0.23477008938789368,0.46855795,0.9300524227394456,2.1630265712738037,0.2224075049161911,0.4371001,0.9221342602321929,2.0801568031311035,0.2384513020515442,0.30557832,0.9638552043493711,1.9416102170944214,0.3516366481781006,0.45938867,0.8792196438460113,2.269723653793335,0.6292325258255005,0.4472424,0.4712645673756622,1.826947569847107,0.24153414368629456,0.26271427,0.4043624597073142,2.174701690673828,0.17501075565814972,0.24510108,0.6727498048418883,3.3323707580566406
0,0.06338448077440262,0.24924202,0.7320543763937056,3.2058334350585938,0.026155874133110046,0.16691509,0.5510829155916107,2.4778802394866943,0.0006863614544272423,0.15401745,0.31300966189103535,1.6976712942123413,0.11152306199073792,0.36262545,0.963939815783058,1.6639150381088257,0.18718858063220978,0.28826854,0.94686133101188,1.8404369354248047,0.10547545552253723,0.41125038,0.9507568747758035,1.7436764240264893,0.1737269163131714,0.32184598,0.9520965809515907,2.2978920936584473,0.10792644321918488,0.2799398,0.953502781267287,2.1252055168151855,0.27045807242393494,0.19797416,0.9563369513925364,1.757725715637207,0.059081416577100754,0.50449866,0.9829518925184944,1.8340407609939575,0.165036141872406,0.29451427,0.9687835546482318,1.7677085399627686,0.07200152426958084,0.5747719,0.9951431043592023,2.297272205352783,0.15895463526248932,0.27584288,0.9667054714055623,1.940025806427002,0.08980067819356918,0.41321203,0.9834704710744785,2.3692538738250732,0.1310354769229889,0.2781342,0.9650981564549076,2.535426378250122,0.13990500569343567,0.3375492,0.9724966838697254,2.002915620803833,0.04405565932393074,0.37746888,1.0018661915311275,2.132441520690918,0.09194015711545944,0.45295802,0.9557585874236133,1.8262068033218384,0.08452273160219193,0.46657684,0.9475636691989798,1.9258718490600586,0.13612346351146698,0.34943342,0.9640181452904006,1.9509750604629517,0.15128423273563385,0.5140471,0.92343481618594,2.2545151710510254,0.5000498294830322,0.46744436,0.48102197368529986,2.2631289958953857,0.2282443642616272,0.18600103,0.3946642790472718,2.475745916366577,0.14694736897945404,0.14168319,0.6701459734930209,3.4263124465942383
0,0.05300797149538994,0.2607576,0.728512779952082,3.056248426437378,0.02379899099469185,0.19246054,0.5390581060836067,2.267082452774048,0.0007157860090956092,0.14765708,0.31036963795763167,1.4511547088623047,0.11888547241687775,0.36685443,0.9652406570713296,1.6774084568023682,0.1840246319770813,0.29073754,0.9480825399990837,2.167320489883423,0.11454775929450989,0.40544873,0.9487459932698878,1.7063173055648804,0.19070740044116974,0.3244511,0.9564836820676181,2.0401129722595215,0.12692631781101227,0.27019832,0.9543099139136728,2.0524308681488037,0.2995275557041168,0.19965434,0.9593041630828709,1.498643159866333,0.061544131487607956,0.49416536,0.9830714877014574,1.9595134258270264,0.17482799291610718,0.31814888,0.9707698411215019,1.6600549221038818,0.08285760134458542,0.5842353,0.9996378013981867,2.3090360164642334,0.21934892237186432,0.28608197,0.9689407502244511,2.277708053588867,0.09235510230064392,0.39814407,0.9841370900185107,2.3058230876922607,0.14482499659061432,0.29862064,0.9682728910589513,2.3389699459075928,0.15149691700935364,0.36554354,0.9756475866028578,2.0611188411712646,0.0492168664932251,0.39309162,0.999331992591807,1.943894386291504,0.09066691994667053,0.48058408,0.954151022534032,2.2177934646606445,0.09832005947828293,0.5076685,0.9442280528687877,1.853478193283081,0.14253908395767212,0.35690007,0.9699968127694906,1.8697707653045654,0.16951338946819305,0.5242472,0.9220329377996681,2.490767002105713,0.5179893970489502,0.4549497,0.49201156708037774,2.223153829574585,0.23258361220359802,0.1807453,0.40454254280142316,2.366093158721924,0.13565732538700104,0.14798439,0.6887491707909722,3.474348783493042
0,0.032819267362356186,0.23286721,0.7372853671575887,2.6363062858581543,0.008740614168345928,0.13102114,0.5394773611503131,1.7044070959091187,7.924676174297929e-05,0.103339545,0.3181512729017012,1.0566080808639526,0.13497678935527802,0.30138558,0.9696925953931013,1.6880407333374023,0.20564360916614532,0.24392897,0.9551687142998625,1.743085265159607,0.15217415988445282,0.3371529,0.9440385515116203,1.8764030933380127,0.27605757117271423,0.26487964,0.9689292367908141,1.7510885000228882,0.13754507899284363,0.24708006,0.9496945965551437,1.52487051486969,0.32363423705101013,0.16070566,0.9710014736710371,1.7948647737503052,0.10969813913106918,0.36779392,1.0021338701263534,1.9664289951324463,0.2118147909641266,0.25842518,0.9824872849403588,1.7779927253723145,0.12909987568855286,0.41589713,1.0242219836431103,1.762535572052002,0.19868077337741852,0.20501761,0.9847340396006782,2.109726667404175,0.11700070649385452,0.20801958,0.9957869434075649,2.2694807052612305,0.24821795523166656,0.18458275,0.9777242930553804,2.196228504180908,0.22015754878520966,0.22101165,0.9849280847404042,1.9340695142745972,0.14673396944999695,0.33736387,1.0151608685770521,2.281127452850342,0.2122417837381363,0.40498433,0.9444356049160688,2.2241265773773193,0.18486709892749786,0.42713758,0.9323636514627381,2.200484037399292,0.19725869596004486,0.29235694,0.9580048238192447,1.8338183164596558,0.28377264738082886,0.42821258,0.8895903098571302,2.4757606983184814,0.5529881715774536,0.48810267,0.46117085421868875,2.0064945220947266,0.22878983616828918,0.23340158,0.39875936218859986,2.1933817863464355,0.13690754771232605,0.23980495,0.6484500607524273,3.123084545135498
0,0.01796637289226055,0.22924575,0.7339341565590384,2.5172624588012695,0.009766440838575363,0.12445807,0.5442657517936101,1.7118072509765625,0.0003934704582206905,0.103136525,0.3197857719260077,1.0657142400741577,0.14734627306461334,0.30782363,0.9671802996652581,1.849494218826294,0.1895759105682373,0.22491688,0.9505814363702488,1.7755610942840576,0.11688852310180664,0.3438636,0.926314385532754,1.3467472791671753,0.24110259115695953,0.2556418,0.9644559465937822,1.5620427131652832,0.1350787729024887,0.25516132,0.9419491320663073,1.2060657739639282,0.3076358735561371,0.15677916,0.973115105037399,1.617083191871643,0.1022825688123703,0.3890818,1.001824950275318,1.8813838958740234,0.18500325083732605,0.26324797,0.9868569121057875,1.798633337020874,0.13277567923069,0.44292748,1.0230461691727673,1.9281917810440063,0.22737741470336914,0.21571502,0.9848053510277753,2.152780055999756,0.12499479204416275,0.24612965,0.9910223761569777,2.5012195110321045,0.2129678577184677,0.23764877,0.9809102120758116,2.1769661903381348,0.19293205440044403,0.25995165,0.9874270356210016,2.0881476402282715,0.17075490951538086,0.37624878,1.019561425302852,2.2202084064483643,0.1909964382648468,0.44457814,0.9302075121789534,2.2103681564331055,0.1829918920993805,0.44013453,0.9191710589014139,2.1162099838256836,0.20509223639965057,0.30901942,0.9630155330522582,1.9368873834609985,0.2533525824546814,0.44458947,0.8991403977449451,2.5600221157073975,0.5244504809379578,0.4723381,0.492710044572395,2.1295876502990723,0.25494685769081116,0.255039,0.424000725584944,2.245891571044922,0.1483081579208374,0.24909921,0.6745077387847965,3.3087263107299805
0,0.04324668273329735,0.25563192,0.7278537524686844,3.0772106647491455,0.019072813913226128,0.15649432,0.5331798564869451,2.285606622695923,0.00040664116386324167,0.14410676,0.31347293357925626,1.2112194299697876,0.11098791658878326,0.35837704,0.9654219969708221,1.6800823211669922,0.17126865684986115,0.2918636,0.9495308361373779,2.0853099822998047,0.10180461406707764,0.40435544,0.9486373233166328,1.6825823783874512,0.1938875913619995,0.3412872,0.9566096925877178,1.9309074878692627,0.11605813354253769,0.26233393,0.9534897432948146,1.900694727897644,0.2952939569950104,0.20206636,0.9593892125024973,1.578561782836914,0.06932458281517029,0.47039714,0.9834348911341512,1.7095013856887817,0.15988729894161224,0.3393102,0.9717641175110543,1.6035208702087402,0.07354386895895004,0.5690942,0.9975580525609947,2.2453575134277344,0.18101108074188232,0.26712084,0.9701354574701977,2.4201254844665527,0.07337558269500732,0.38542855,0.9832956390642205,2.0615649223327637,0.14873333275318146,0.29095104,0.9671140802586148,2.138491153717041,0.14590634405612946,0.32188866,0.9742181066090939,2.016049861907959,0.0885150134563446,0.4187466,1.0013065663543996,2.389625310897827,0.09340568631887436,0.49149582,0.9568390016802011,1.878471851348877,0.10026197135448456,0.49148622,0.9490626267511154,2.0563910007476807,0.12586745619773865,0.36279514,0.96864614045085,1.9015069007873535,0.17973463237285614,0.51944506,0.9245568924071889,2.4169838428497314,0.5417424440383911,0.4728185,0.4822432907282334,2.0945491790771484,0.24959513545036316,0.1840962,0.3991747974936041,2.312727689743042,0.13168135285377502,0.16280878,0.681768713450028,3.443068504333496
0,0.05813167244195938,0.22450344,0.7283928062750571,3.251631736755371,0.01651361770927906,0.17891775,0.5358236752017767,2.4645941257476807,0.0007555846241302788,0.1469728,0.3136244749369663,1.7225803136825562,0.1101941242814064,0.3789411,0.9620176475262769,1.7470524311065674,0.1683209091424942,0.29482573,0.9439959755551881,2.1625332832336426,0.12007743120193481,0.40648434,0.9481179754412739,1.782651424407959,0.18267211318016052,0.346108,0.9510770170142797,2.2117741107940674,0.10711164772510529,0.27944845,0.9543704320600881,2.130810022354126,0.24530869722366333,0.2108742,0.955513720211423,1.534152865409851,0.050112076103687286,0.52195644,0.980780909510289,2.20489239692688,0.15313230454921722,0.34124777,0.9679638586717858,1.7773146629333496,0.06058386713266373,0.54214185,0.9930110878236236,2.4194889068603516,0.1418861746788025,0.28937867,0.9630363447413273,2.2580811977386475,0.08620079606771469,0.36856484,0.9797827759033111,2.6274983882904053,0.13564012944698334,0.2665795,0.9645353702245313,2.353788137435913,0.13725395500659943,0.37423605,0.9729501291046533,2.018993616104126,0.04889477416872978,0.3967965,0.9998047402521921,2.1775596141815186,0.07550975680351257,0.473434,0.9585908788053197,1.9999234676361084,0.07765913754701614,0.49731663,0.9559260099836202,1.989261507987976,0.12306228280067444,0.3091773,0.9725688273312176,2.0274627208709717,0.10538967698812485,0.5317356,0.9342967949045466,2.7378077507019043,0.47512683272361755,0.4757698,0.5078625450253718,2.428316354751587,0.21826088428497314,0.17600805,0.4152119304615506,2.541985511779785,0.161598339676857,0.15418445,0.6851455613133376,3.5078506469726562
1,0.04475902020931244,0.2747013,0.7526560179915415,3.035578727722168,0.01843017153441906,0.21820256,0.582136090707553,2.209864854812622,0.0003218082129023969,0.15268758,0.3211788544973555,1.2016831636428833,0.13124878704547882,0.3863849,0.9668105383157167,1.4384435415267944,0.19794702529907227,0.310092,0.953266819273937,1.4015034437179565,0.1013951376080513,0.4147083,0.9484685021367277,1.7434762716293335,0.25866925716400146,0.33681527,0.9565804253695768,1.7228463888168335,0.11737269163131714,0.29229265,0.9489795136990251,1.5058228969573975,0.2981718182563782,0.19484805,0.9639773586019117,1.344618797302246,0.09296420961618423,0.43832818,0.9876204440050673,1.337375283241272,0.1992727667093277,0.30756873,0.9745938404091716,1.493272066116333,0.07780035585165024,0.5113685,0.9913558409669604,1.9739261865615845,0.19280388951301575,0.2659055,0.9774600481234937,1.8908531665802002,0.1067788153886795,0.3343773,0.9896308829267729,2.0101983547210693,0.20574530959129333,0.26156804,0.9758793437696144,2.116494655609131,0.19739998877048492,0.27221242,0.9698711108345414,2.359645128250122,0.11437614262104034,0.40924814,1.01049513503838,1.9515691995620728,0.16832388937473297,0.4384214,0.9402306208870065,1.8034412860870361,0.1771048903465271,0.39539453,0.9117708461962261,1.839733362197876,0.21068249642848969,0.27908036,0.9105260168304937,1.9748271703720093,0.23602518439292908,0.46254322,0.8580468884587031,2.3262341022491455,0.6169760227203369,0.4847461,0.40819802937259025,1.7483597993850708,0.250114768743515,0.17240849,0.2910551446127353,2.0478951930999756,0.21070116758346558,0.13099213,0.48968430263485363,2.689614772796631
0,0.04070639610290527,0.28110904,0.7193858666536794,2.7979722023010254,0.0122145414352417,0.19589135,0.5235412378361666,1.914575457572937,0.0002622562169563025,0.13109958,0.3160854014360189,1.371727466583252,0.12576623260974884,0.39057222,0.968016844384964,1.6970160007476807,0.20557335019111633,0.304428,0.9551811242206357,2.021756649017334,0.1198919266462326,0.42830887,0.9493200941517269,1.5561168193817139,0.236141636967659,0.3285367,0.963697224843944,1.9852374792099,0.13708852231502533,0.24471126,0.9553985250572885,1.9416632652282715,0.26588743925094604,0.19181292,0.9670513749990144,1.6484607458114624,0.08349097520112991,0.4648185,0.9925908369845271,1.695557713508606,0.18035154044628143,0.31207892,0.9795247578699424,1.9406288862228394,0.09324705600738525,0.5487568,1.0150843716791424,2.038748264312744,0.22938640415668488,0.28816155,0.9799436071205324,2.400163412094116,0.0932600200176239,0.38059044,0.9906767994692031,2.385798931121826,0.16468431055545807,0.24993621,0.9753707555318003,2.33736252784729,0.17752867937088013,0.310228,0.9909922597006211,1.9495351314544678,0.133065328001976,0.40128353,1.025102967479156,2.677521228790283,0.15423770248889923,0.46690336,0.9683707874861288,1.8984172344207764,0.12625671923160553,0.48201966,0.9673827721819652,1.9359681606292725,0.15581250190734863,0.32146075,0.9924534934023576,1.78610098361969,0.22704975306987762,0.5176834,0.9271241000204,2.3074398040771484,0.6217820644378662,0.44374597,0.49170052418066873,1.9836124181747437,0.2564934492111206,0.19363955,0.4078273374572198,2.2964723110198975,0.15336298942565918,0.17102346,0.6867437734693171,3.447779655456543
1,0.029148191213607788,0.25086856,0.7261500923096855,2.5628719329833984,0.006476412061601877,0.12484582,0.5257412795741444,1.7116948366165161,0.00028160298825241625,0.10026068,0.31713226410480094,1.28402578830719,0.1274685561656952,0.33706433,0.9676907250188806,1.7697196006774902,0.20973025262355804,0.26174885,0.9550154038491606,1.7498258352279663,0.1159195601940155,0.38947308,0.9401753414258461,1.8012909889221191,0.2647826671600342,0.2869898,0.9649780677124281,1.721733570098877,0.14838315546512604,0.24817237,0.9467321896297177,1.8159663677215576,0.27999019622802734,0.17733206,0.9705815104134902,1.5841975212097168,0.10053420066833496,0.41598365,1.0034925803528287,2.0204381942749023,0.20242108404636383,0.26396394,0.9874483743235963,1.7888844013214111,0.13044720888137817,0.46599185,1.023662141748987,2.3292624950408936,0.20079070329666138,0.23993525,0.9865126462524617,2.200061798095703,0.109205462038517,0.26914158,0.996513797236922,2.1490113735198975,0.22604651749134064,0.21357174,0.9837984510702383,2.0731911659240723,0.20767109096050262,0.24317323,0.9948385896271565,2.0420949459075928,0.18265525996685028,0.36110392,1.036979343611499,2.323888063430786,0.21103601157665253,0.43759125,0.9650222996422311,2.3447625637054443,0.173598513007164,0.43726528,0.9570622501878755,2.1238465309143066,0.2112920582294464,0.3274535,0.9822769615473641,1.7590454816818237,0.2834211587905884,0.4318997,0.89885840379152,2.4639220237731934,0.5845219492912292,0.46290255,0.45364966528475403,1.910286784172058,0.22855253517627716,0.23290697,0.38605775692637206,2.0993669033050537,0.14472399652004242,0.2164431,0.6722190953212647,3.3867363929748535
0,0.05414300784468651,0.23935577,0.7368951555745967,3.2401678562164307,0.024223171174526215,0.17648922,0.5448893866973917,2.5348079204559326,0.0006952222320251167,0.1445171,0.31422445498223706,1.5920888185501099,0.10698851943016052,0.36147356,0.9631147351778233,1.6057442426681519,0.18286393582820892,0.29295674,0.9457109580004185,2.035977602005005,0.11407002806663513,0.41055536,0.9495806485065447,1.6580092906951904,0.17329953610897064,0.33221585,0.95109550631576,2.065690517425537,0.11853804439306259,0.2783672,0.9549967095934025,1.8799235820770264,0.27141624689102173,0.2031094,0.9555557735808775,1.645573377609253,0.05372369661927223,0.5188522,0.9807811621778619,2.1178395748138428,0.17352329194545746,0.3094801,0.9669913481424294,1.572308897972107,0.07542354613542557,0.5686356,0.9914789247333236,2.16907000541687,0.1632225513458252,0.27755648,0.9638892867723767,2.293671131134033,0.07400347292423248,0.4284976,0.9795947507797771,2.0913517475128174,0.14242948591709137,0.28932235,0.9636518033961373,2.208653211593628,0.1284692883491516,0.32806528,0.9718916240765046,1.9218077659606934,0.040992893278598785,0.4116182,1.0033973605628348,2.1406469345092773,0.07185991108417511,0.4891105,0.9622621415215955,2.284754514694214,0.07539836317300797,0.47399092,0.9558907013059575,2.0950851440429688,0.1206393837928772,0.3618479,0.9714506284947895,2.1810238361358643,0.1329367309808731,0.51588917,0.9308528573962469,2.54314923286438,0.4882485568523407,0.5029383,0.4778348233322798,2.367797613143921,0.20252422988414764,0.16490194,0.40140441560626566,2.5242629051208496,0.14427801966667175,0.1403155,0.6814877225641336,3.4674644470214844
0,0.046194594353437424,0.26387575,0.7385526710020902,3.047023296356201,0.019282905384898186,0.15520836,0.5534559003587892,2.2440648078918457,0.0005442508263513446,0.1488511,0.3155435704123064,1.2656160593032837,0.11017483472824097,0.3530675,0.9664670647063504,1.5540763139724731,0.17841178178787231,0.2699247,0.9514282971055659,1.974184274673462,0.11136772483587265,0.39987788,0.9514245824394194,1.7995145320892334,0.21677254140377045,0.32409215,0.9603139126650043,1.7925093173980713,0.11436664313077927,0.27946216,0.9563746991670398,1.8316353559494019,0.28891992568969727,0.20231776,0.9642515866193259,1.572829246520996,0.06707002222537994,0.47816783,0.985986241483402,2.156804084777832,0.17449378967285156,0.32019833,0.975242216753738,1.883265495300293,0.0722222626209259,0.52725786,0.9981919910088202,2.1202290058135986,0.18745581805706024,0.26691237,0.9718765227845604,2.138129949569702,0.08454679697751999,0.39730176,0.9836302140576854,2.0950043201446533,0.16551364958286285,0.2915339,0.9692305337742323,2.226673126220703,0.16247086226940155,0.3251253,0.9764489716236461,2.316092014312744,0.06402404606342316,0.40195382,1.0072093810039684,2.2798662185668945,0.12668992578983307,0.4658008,0.9497857159071132,1.9912999868392944,0.09383626282215118,0.45224488,0.9415204334885068,2.0749382972717285,0.14127540588378906,0.34459883,0.9654535612243871,1.8932546377182007,0.18854117393493652,0.52071077,0.9115652116958096,2.257873773574829,0.5428328514099121,0.48460725,0.486151868170706,2.1357169151306152,0.22322829067707062,0.17987421,0.38878977153074884,2.2568652629852295,0.13209369778633118,0.16226794,0.6733028236061732,3.372298002243042
0,0.06328707188367844,0.25934696,0.7326394615089611,2.6799368858337402,0.007150127086788416,0.12694247,0.5320352844419702,1.7848610877990723,0.00012652156874537468,0.122582644,0.31659054512951945,1.0170279741287231,0.12902936339378357,0.3351708,0.9683682690362163,1.894290566444397,0.212265282869339,0.2599294,0.9542850405177711,1.7445752620697021,0.10630692541599274,0.39968452,0.9458895145068895,1.7448962926864624,0.248931422829628,0.2898651,0.966561218760892,1.6955275535583496,0.1425543576478958,0.24474569,0.9527948431690949,1.8143298625946045,0.3123255968093872,0.19035214,0.9705173928951495,1.5443841218948364,0.10219329595565796,0.44292605,0.9965361357958552,2.1836109161376953,0.19459140300750732,0.27909696,0.9835957578535289,1.833311676979065,0.10943972319364548,0.49993452,1.0213108554299477,2.075078248977661,0.18492016196250916,0.24251589,0.9853646652042484,2.2127490043640137,0.1067122146487236,0.31655744,0.9929889896348018,2.034397840499878,0.1925177276134491,0.25767714,0.9788892719076112,2.2029099464416504,0.19273526966571808,0.28924912,0.9893499554845939,2.076293706893921,0.12830546498298645,0.3885656,1.0138103117992852,2.3882293701171875,0.15942314267158508,0.46697482,0.9509712977112386,1.907598853111267,0.1619393527507782,0.46676934,0.9397598279048671,1.9717676639556885,0.2046264111995697,0.34085718,0.9697655256087025,1.7397661209106445,0.2887329161167145,0.45608875,0.904300350241975,2.36846923828125,0.6113756895065308,0.46231836,0.4720544108821764,1.9394670724868774,0.2490246295928955,0.20894809,0.4016765664896234,2.2254011631011963,0.16797153651714325,0.19877766,0.6696035881219774,3.313131809234619
1,0.02964765578508377,0.23652136,0.7316524223250136,2.2664129734039307,0.005077123176306486,0.119035155,0.5295106552625533,1.4634453058242798,0.0001290050713578239,0.097857825,0.3162936389998152,1.3610635995864868,0.13547159731388092,0.31747845,0.9678691398278325,1.960921049118042,0.22171391546726227,0.22794497,0.9565346817492386,1.643749475479126,0.13158516585826874,0.37421307,0.9354826921424687,1.2551286220550537,0.2667134702205658,0.26325318,0.972372213664271,1.541581630706787,0.16059242188930511,0.21611331,0.9510753023528212,1.781717300415039,0.3179114758968353,0.1680989,0.979172410376711,1.4699779748916626,0.14498025178909302,0.4200051,1.0161793379377906,1.9669736623764038,0.21113315224647522,0.28217864,0.9982963469343238,1.6538166999816895,0.1577300876379013,0.5002354,1.0484788101897764,2.1662235260009766,0.23317402601242065,0.23099798,0.9981156999165938,2.231794595718384,0.13960890471935272,0.3241428,1.003070393164066,2.177894353866577,0.2668271064758301,0.20965059,0.9881730101352616,1.8790898323059082,0.2539868652820587,0.26167843,1.0010371303661127,1.7951980829238892,0.23100005090236664,0.3917425,1.0438448497021189,2.4093899726867676,0.2717856764793396,0.4536826,0.9564807314618297,2.214252471923828,0.2527713179588318,0.41929454,0.9473747385050498,2.093231678009033,0.2853375971317291,0.30556342,0.9714823474340939,1.7734968662261963,0.36642661690711975,0.44431955,0.8867920375023852,2.295532464981079,0.6596031188964844,0.45669305,0.46458823856173526,1.7091560363769531,0.2748947739601135,0.22980845,0.385996981205405,2.068030834197998,0.18437935411930084,0.2255463,0.6646117918623077,3.2599339485168457
0,0.04074181616306305,0.24664389,0.7256424264265837,3.0172066688537598,0.015868159011006355,0.16830587,0.5288406890824668,2.2320053577423096,0.0005885922582820058,0.1377572,0.31190409589847895,1.5879769325256348,0.1185830757021904,0.36066097,0.966147649729433,1.819345474243164,0.19012205302715302,0.28131205,0.9517763092063329,1.9519808292388916,0.09827431291341782,0.40696043,0.9524297965056772,1.9986522197723389,0.18932262063026428,0.34447223,0.9582686051258696,1.9738696813583374,0.10136991739273071,0.2754725,0.9567518324577774,1.873742699623108,0.2989443242549896,0.20367776,0.9610202814529002,1.638178825378418,0.07008956372737885,0.47974622,0.9847889520441087,1.6506562232971191,0.14519856870174408,0.31867123,0.9731003364941015,1.6998130083084106,0.0831952765583992,0.54492205,0.999247997645144,2.3640153408050537,0.2192656248807907,0.2767355,0.9710322142159683,2.1251323223114014,0.0854925662279129,0.3786529,0.9823973797644239,2.1747260093688965,0.14311589300632477,0.2808824,0.969982106595713,2.4343037605285645,0.14990584552288055,0.32073218,0.9754590379851574,2.1816725730895996,0.07730341702699661,0.41032913,1.0067177956965865,2.533867835998535,0.11505360901355743,0.47103646,0.9605540099815775,2.0018556118011475,0.09087371081113815,0.45548874,0.9524986393889118,2.0372393131256104,0.1440417468547821,0.35339063,0.9698965847554222,1.9689996242523193,0.17293299734592438,0.5047746,0.9219168343427022,2.5816490650177,0.5387507081031799,0.48625726,0.47884380517802233,2.151442289352417,0.2109236717224121,0.19863042,0.3857365251412732,2.323674201965332,0.14271658658981323,0.16604763,0.6730202026470891,3.4345240592956543
0,0.04341818764805794,0.2657362,0.7422988112403899,3.055159091949463,0.02606525458395481,0.14124943,0.553115062507541,2.243518829345703,0.0003355162625666708,0.1420195,0.31420301922506944,1.4529261589050293,0.11381478607654572,0.3341096,0.9677779019495808,1.8813505172729492,0.1935213804244995,0.25700623,0.9510886031174087,1.8316328525543213,0.12113678455352783,0.38616315,0.9483942309592887,1.648972988128662,0.2215247005224228,0.29801565,0.9573563953893641,2.124868869781494,0.11012609302997589,0.26475224,0.9518277752173554,1.9202160835266113,0.28467032313346863,0.18725859,0.963817993971776,1.6154649257659912,0.056505851447582245,0.4716636,0.989491894047021,1.8659005165100098,0.1683705449104309,0.27113783,0.9755395696924096,1.8266526460647583,0.08700574934482574,0.5420851,1.0057643279479525,2.0820271968841553,0.1771768480539322,0.24780458,0.973256601772501,2.177614688873291,0.08621258288621902,0.37025028,0.9861721309759441,2.025501012802124,0.17783451080322266,0.25529215,0.9729973333528004,2.2947423458099365,0.16308371722698212,0.30896303,0.9779885076367547,1.7995655536651611,0.05894925445318222,0.41296262,1.0101898440751107,2.009018898010254,0.11114510893821716,0.47363696,0.9471384635504583,2.2533910274505615,0.11791685223579407,0.48286906,0.9375558782779976,1.899731993675232,0.1582273542881012,0.3382801,0.9609055775506365,1.8880860805511475,0.1768125742673874,0.5074474,0.912274470612999,2.505470037460327,0.545661449432373,0.5049133,0.4899886179909272,2.177354097366333,0.27248889207839966,0.1889197,0.4067940986949474,2.3356435298919678,0.13823193311691284,0.16961423,0.6708539277239047,3.404447555541992
0,0.03911168500781059,0.27352098,0.7303907607550195,2.852858066558838,0.018013276159763336,0.17451227,0.5389227469874067,2.0773820877075195,0.00022425883798860013,0.13860357,0.3131940312520608,1.3092446327209473,0.11925755441188812,0.34944648,0.9683811244292053,1.9290249347686768,0.22905674576759338,0.27429885,0.9527837316454684,1.725785493850708,0.12109560519456863,0.38520503,0.9486777865266368,1.641649842262268,0.25063836574554443,0.29067388,0.9612991839449543,1.8798662424087524,0.13957779109477997,0.26562822,0.9534715629795758,1.8030445575714111,0.29398584365844727,0.18529236,0.9628163808106434,1.5925920009613037,0.07641533017158508,0.44264272,0.9897760857187806,1.998116135597229,0.17179159820079803,0.2957005,0.9804650525465137,1.7336019277572632,0.08714303374290466,0.492975,1.0102486063266707,1.8422051668167114,0.24446992576122284,0.2313629,0.9731307082089572,2.2871506214141846,0.0973668172955513,0.2986501,0.9888612016039795,2.317586898803711,0.17494811117649078,0.25575712,0.9727303542996223,2.134321928024292,0.1996600478887558,0.2663982,0.9791607153236108,2.134969711303711,0.10687359422445297,0.3741442,1.008943168723005,2.25268816947937,0.15247955918312073,0.4643299,0.9573355445897995,2.199892520904541,0.12210719287395477,0.45971936,0.9486042025566824,1.916189193725586,0.15809179842472076,0.31938145,0.9734341136641925,1.8175346851348877,0.21540339291095734,0.46558896,0.9120830865699595,2.38907527923584,0.5499073266983032,0.55141646,0.48248267033923337,2.0957870483398438,0.2154327630996704,0.210407,0.4025682720548646,2.305190086364746,0.1347918063402176,0.18723208,0.6609159631883013,3.3383843898773193
0,0.04379035532474518,0.27487963,0.7390212446921285,2.8792030811309814,0.012863976880908012,0.15893042,0.5396773837743444,2.025717258453369,0.0005444994894787669,0.13202079,0.3155859419543545,1.2453163862228394,0.11595860868692398,0.36643425,0.9683979022626454,1.753021240234375,0.17738787829875946,0.28711012,0.9524109530585393,1.948836088180542,0.11007194221019745,0.4048607,0.9464177907768574,1.7066746950149536,0.24476313591003418,0.33445176,0.9634150712096572,1.6820600032806396,0.13285581767559052,0.2520765,0.9550640926650578,1.6858184337615967,0.27035707235336304,0.20879214,0.9699269354183534,1.4479386806488037,0.08899039030075073,0.46425867,0.9934185283228709,1.9858994483947754,0.188945472240448,0.30411276,0.9820758680600848,1.7302979230880737,0.0977463647723198,0.5233693,1.0114233612742092,2.041527032852173,0.1923770308494568,0.27574125,0.9818722309947906,2.115722894668579,0.08645866811275482,0.36673504,0.9883246367172706,2.358750581741333,0.16809631884098053,0.2941754,0.9758262462100307,2.320819854736328,0.18756939470767975,0.33585313,0.9844819111482931,2.1046793460845947,0.12274228036403656,0.38914356,1.0153174339752777,2.4734017848968506,0.15300442278385162,0.48025614,0.9544735296599114,1.8288121223449707,0.13112293183803558,0.47291663,0.9458326974885107,1.9458390474319458,0.17244328558444977,0.36042696,0.9684620530670669,1.7257120609283447,0.20774853229522705,0.5153865,0.9160873221023919,2.368640184402466,0.5990276336669922,0.4423618,0.47163870763892396,1.947011947631836,0.2771133482456207,0.1857883,0.3928413258956506,2.241244316101074,0.15869280695915222,0.17406979,0.6806022464791731,3.4076058864593506
1,0.04284939169883728,0.24641807,0.7415082011301349,3.134730339050293,0.018510060384869576,0.15577747,0.5467120746434896,2.2296411991119385,0.0007529245922341943,0.14024325,0.30951639116800733,1.3343549966812134,0.12970133125782013,0.35658726,0.9662837521796701,1.6512348651885986,0.19373451173305511,0.2814325,0.9515536847548143,1.7728686332702637,0.1087360754609108,0.40629035,0.9504904157159259,1.4860522747039795,0.20181693136692047,0.2900376,0.9559718342469053,1.8780407905578613,0.11823967099189758,0.272407,0.9566442657286333,2.0967462062835693,0.2827288806438446,0.20940432,0.9648730363447999,1.4466097354888916,0.055975817143917084,0.47765863,0.9863959892304744,2.189754009246826,0.17605336010456085,0.29497698,0.9747770304971118,1.696247935295105,0.07009484618902206,0.54832125,1.000739732924225,2.043670892715454,0.1976802498102188,0.26418346,0.9732118826484957,2.0534603595733643,0.08472712337970734,0.38830665,0.9831571822204661,2.3403737545013428,0.1679273396730423,0.24980696,0.9698194355199508,2.11698579788208,0.16945211589336395,0.2940191,0.9779470899536553,2.262608766555786,0.0651010125875473,0.39569002,1.013700938341317,2.057391881942749,0.11008752137422562,0.47268444,0.9567335872190892,1.724509596824646,0.10363183170557022,0.45746833,0.9476012271229484,1.7243307828903198,0.1464601308107376,0.3277816,0.9672300072744123,1.7902404069900513,0.1745689958333969,0.47860953,0.9194703283776431,2.360643148422241,0.5429794192314148,0.4666545,0.48000014607607416,2.161158323287964,0.20698708295822144,0.1812771,0.3900263489346105,2.359485387802124,0.12077893316745758,0.14737557,0.6739070105198082,3.4425954818725586
0,0.0784459039568901,0.26407486,0.7357823584703885,3.066622018814087,0.012490257620811462,0.19374482,0.5451620097779504,2.187530755996704,0.00040606895345263183,0.15069515,0.32230920185968825,1.3816838264465332,0.10842609405517578,0.3615123,0.9684543502046964,1.8942815065383911,0.20835700631141663,0.29880098,0.951421055108225,2.034132242202759,0.10911793261766434,0.38353208,0.9475093669373831,1.4571599960327148,0.22065626084804535,0.34906003,0.9600351619661389,1.978568434715271,0.14427055418491364,0.26416096,0.9541165327374979,1.698430061340332,0.2940587103366852,0.21331814,0.9620349675770119,1.5983855724334717,0.0626586526632309,0.47458157,0.9844998713751965,2.0056467056274414,0.1640738844871521,0.34517506,0.9757535075684276,1.742444634437561,0.0752282366156578,0.5471053,1.0036537439094841,1.9482736587524414,0.1765223890542984,0.2929296,0.9709684538343797,2.344348669052124,0.08908336609601974,0.39671996,0.9863836168954114,2.3374857902526855,0.16467450559139252,0.32507297,0.9711116669852027,2.2427539825439453,0.17247016727924347,0.36471456,0.9789782118219033,2.023069381713867,0.09220203012228012,0.39135695,1.0044913909130588,1.9983211755752563,0.15215706825256348,0.47151324,0.9535240632683057,1.9153239727020264,0.11146782338619232,0.4828336,0.9463818069604949,1.8577089309692383,0.15771709382534027,0.33932376,0.9689353642890218,1.714677333831787,0.19691571593284607,0.54165405,0.91476672485329,2.6017823219299316,0.5443599224090576,0.4876235,0.4780362736036419,2.108616828918457,0.24726340174674988,0.20053004,0.40132962626189594,2.29939603805542,0.16207368671894073,0.17174664,0.6744623834107544,3.3638699054718018
0,0.04745940491557121,0.2575264,0.7479979429963662,3.1778295040130615,0.01636754907667637,0.16106056,0.5622192170627979,2.3639888763427734,0.0005492029595188797,0.15387627,0.31977945722181605,1.4700040817260742,0.1077185571193695,0.3532875,0.9660100743709258,1.836927056312561,0.21785596013069153,0.2599039,0.94871873737852,1.9338502883911133,0.10052285343408585,0.39788613,0.9468946519561863,1.7519983053207397,0.22664186358451843,0.30298597,0.9564086797586956,1.7488278150558472,0.1250283122062683,0.25769433,0.9535426207580903,1.7836183309555054,0.27812260389328003,0.19260392,0.9621885752040745,1.5076366662979126,0.04950700327754021,0.49717012,0.982272430748054,1.4942076206207275,0.1688523292541504,0.28573516,0.972647157017597,1.6286388635635376,0.06370263546705246,0.57778394,0.9982565071915467,2.2108733654022217,0.1857304871082306,0.26310718,0.9711583513950914,2.156998634338379,0.09049322456121445,0.4099027,0.9849193440546261,2.3323006629943848,0.16387826204299927,0.2512654,0.9717834478166771,2.1933019161224365,0.1640380620956421,0.29854354,0.9772294738721666,1.9531102180480957,0.060724858194589615,0.3874979,1.0109213057422137,1.7414969205856323,0.13668270409107208,0.4675216,0.9495892686467656,1.992935299873352,0.10232337564229965,0.45073503,0.9394801287532708,1.968798041343689,0.14767128229141235,0.3360403,0.9597506190161559,1.892307996749878,0.15508103370666504,0.47983178,0.9141712914119909,2.493809700012207,0.528368353843689,0.4829249,0.48625850979585034,2.2043614387512207,0.2629423141479492,0.17984413,0.3968809250634956,2.327322006225586,0.14147089421749115,0.15055467,0.6587173440762693,3.3369009494781494
0,0.028337614610791206,0.2621011,0.7352637382990184,2.7578516006469727,0.011065151542425156,0.14152476,0.5336926905792572,1.8394694328308105,0.0002287067472934723,0.12713431,0.3125136775429724,1.0836334228515625,0.13007165491580963,0.34326723,0.968911049498894,1.6320209503173828,0.1925288885831833,0.28770253,0.9547558769353282,2.027304172515869,0.11138620227575302,0.41048124,0.9446129908653049,1.7878081798553467,0.235329270362854,0.30598417,0.9654732582103899,1.6855233907699585,0.1261499524116516,0.24655771,0.9541287823781301,1.8182731866836548,0.2760975956916809,0.19435562,0.9706128941387049,1.6753748655319214,0.08224920928478241,0.44418907,0.994422996559993,2.179183006286621,0.19112466275691986,0.3038467,0.982020969928331,1.991582989692688,0.1232585534453392,0.5339364,1.0183930092601474,2.1987342834472656,0.18096975982189178,0.25563046,0.9831772879385633,2.2398252487182617,0.0964694693684578,0.38572574,0.9927922371695796,2.3101305961608887,0.17681173980236053,0.23321114,0.9791396289542666,2.365983247756958,0.18259398639202118,0.27590752,0.9896857042633426,2.085045337677002,0.23211634159088135,0.3950908,1.020514161230622,2.173999786376953,0.1710592806339264,0.45337835,0.9581525648480919,2.1435980796813965,0.15973268449306488,0.42813927,0.9525193047944607,1.8882114887237549,0.19068652391433716,0.30750704,0.9747390597617153,1.6588342189788818,0.2749996483325958,0.46816954,0.9095230524865208,2.34431791305542,0.6097903847694397,0.434044,0.46527263029983684,1.9437669515609741,0.2507842183113098,0.21318239,0.3876021309816155,2.191983222961426,0.1435745507478714,0.19004706,0.6752002857996817,3.396933078765869
0,0.04147125408053398,0.2481295,0.7430390849786879,3.0655343532562256,0.019579552114009857,0.15483028,0.5523630374632615,2.2894625663757324,0.0004741518059745431,0.14028576,0.31974012390602286,1.1117494106292725,0.10877959430217743,0.34661105,0.9658281595649638,1.7056891918182373,0.19953182339668274,0.24569853,0.9513880017814687,1.7773139476776123,0.0957951694726944,0.36767933,0.9514299138498038,1.8585180044174194,0.21688814461231232,0.29086038,0.9591777184070458,1.6848835945129395,0.10906309634447098,0.25634277,0.9510326110630627,2.163184404373169,0.28604263067245483,0.18579519,0.9631658822195184,1.4220938682556152,0.0693284198641777,0.42346787,0.9830382988972466,2.0619239807128906,0.19461628794670105,0.26102293,0.9745971849806877,1.6399178504943848,0.08587489277124405,0.4885755,1.003232507130347,2.296624183654785,0.18324370682239532,0.19792531,0.9699345612354351,2.15887451171875,0.09007782489061356,0.30904186,0.9861831010055423,2.322772741317749,0.17617730796337128,0.19252989,0.9707240278582739,2.2181193828582764,0.16547472774982452,0.25461477,0.9763918691868098,2.010955810546875,0.05471176654100418,0.39736965,1.0133196186642537,2.333082437515259,0.11967740952968597,0.4450957,0.9580319468537009,1.8438810110092163,0.12582242488861084,0.39666703,0.9420276892256533,1.9190502166748047,0.13266468048095703,0.2929199,0.9590344383892936,1.8549789190292358,0.19506169855594635,0.40538,0.9056589001086004,2.3613169193267822,0.4907951056957245,0.5229167,0.481079669839974,2.3165907859802246,0.20707452297210693,0.18228118,0.41127422560100807,2.453564167022705,0.12086030840873718,0.16967387,0.6550225758805125,3.3362302780151367
0,0.04293486848473549,0.2565906,0.7296317139967626,2.729691982269287,0.009227542206645012,0.14552844,0.5326706496067265,1.8618823289871216,0.00021570167155005038,0.122716844,0.31293629418664876,0.8911193013191223,0.12659570574760437,0.3483688,0.968792046616605,1.6032230854034424,0.21109817922115326,0.2839247,0.9534044996453499,1.7699735164642334,0.10884049534797668,0.40933752,0.9464684617453721,1.8910012245178223,0.24036389589309692,0.32823014,0.964759237879171,1.7803473472595215,0.1389714777469635,0.24265644,0.9541301463932328,2.08129620552063,0.2917217016220093,0.19163579,0.9699401637586523,1.56782865524292,0.08892051875591278,0.48014724,0.9958567031161415,2.0691561698913574,0.20482899248600006,0.3006336,0.9818764602933192,1.807224988937378,0.10256636142730713,0.5461891,1.0170985397504437,2.4211976528167725,0.2016533762216568,0.26984546,0.984003212676349,2.2005136013031006,0.10176354646682739,0.38375533,0.9944862694197318,2.40122127532959,0.19283469021320343,0.27220008,0.9769778894764367,2.0657777786254883,0.20132359862327576,0.31525236,0.9883544768978944,1.9046785831451416,0.13160817325115204,0.39631522,1.0203651343245284,2.4471378326416016,0.15498200058937073,0.46472722,0.9595252544870808,1.9993702173233032,0.14630617201328278,0.44362256,0.9526073882763076,2.0090579986572266,0.18939030170440674,0.34092566,0.9814194841109963,1.664480209350586,0.25678351521492004,0.5103554,0.914075532385601,2.4012625217437744,0.6125505566596985,0.44467625,0.46694098262650613,1.9680285453796387,0.2523542046546936,0.20703873,0.39773929087538257,2.2291460037231445,0.1713346689939499,0.18686575,0.6784599726105118,3.404540538787842
0,0.031278401613235474,0.24763341,0.7506618684789107,2.957235097885132,0.015739690512418747,0.14230716,0.5680143158574152,2.150221824645996,0.000404373713536188,0.14300013,0.3179642132931335,1.1451451778411865,0.11782625317573547,0.35017005,0.9693247639719698,1.8810161352157593,0.18476682901382446,0.2534396,0.9502317633734242,1.7920684814453125,0.10648540407419205,0.3706114,0.942910602923618,1.8535499572753906,0.24942053854465485,0.28049436,0.9569962483722535,1.7781906127929688,0.11680099368095398,0.2654494,0.9459787162342117,1.8905634880065918,0.3133260905742645,0.1854231,0.9655996879073689,1.4497196674346924,0.07506516575813293,0.42211062,0.9909467404256048,2.0083205699920654,0.1844661682844162,0.26961565,0.9792450577567285,1.8949546813964844,0.078264519572258,0.48242247,1.0081091991383266,1.5803147554397583,0.1802663803100586,0.22712713,0.9749252615323017,1.9898183345794678,0.08945024013519287,0.30330226,0.9879757071790167,2.2948641777038574,0.1924535036087036,0.21824594,0.9783785677207263,2.236546754837036,0.16099537909030914,0.3023466,0.9806442656116696,2.0785436630249023,0.08672070503234863,0.39678296,1.0140950187971915,1.6803820133209229,0.17437505722045898,0.43899137,0.9495610658031725,2.0851049423217773,0.13882377743721008,0.43238482,0.9327656255418776,2.0854151248931885,0.16965344548225403,0.33818412,0.9475152048658397,1.8760257959365845,0.2297152280807495,0.43642458,0.880765360756037,2.5080275535583496,0.5577101111412048,0.47931126,0.4987854776472102,2.024860143661499,0.25458478927612305,0.19077782,0.3830753077275098,2.234949827194214,0.17214831709861755,0.1644685,0.6338476204746296,3.1442787647247314
0,0.05245038494467735,0.23991486,0.7284325710660212,3.0350050926208496,0.019687144085764885,0.17240325,0.5394599827588566,2.297034740447998,0.00032221642322838306,0.15297878,0.31969415300943416,1.2526237964630127,0.11227525770664215,0.35730413,0.9657109732360215,2.0599148273468018,0.1912560760974884,0.2852348,0.9487533097524329,1.8888468742370605,0.1184927299618721,0.39296803,0.9478529094182107,1.6862326860427856,0.19442355632781982,0.32990453,0.9569825153626026,2.1028854846954346,0.12880223989486694,0.2674712,0.954378509860924,1.7754498720169067,0.31930240988731384,0.19463019,0.9593747322777042,1.5808966159820557,0.07452516257762909,0.4577906,0.982853337538114,2.1029129028320312,0.18268419802188873,0.315205,0.9728896853173095,1.8478100299835205,0.07687219977378845,0.56444913,1.0014726054353054,2.1904070377349854,0.18794110417366028,0.26805228,0.968665302407523,2.403343915939331,0.08709094673395157,0.37293816,0.9834952372338208,2.233010768890381,0.148191437125206,0.2826385,0.9679864842832197,2.385291576385498,0.15730738639831543,0.33375487,0.9779077975120714,2.1438469886779785,0.07962927967309952,0.3924911,1.00343319339432,2.501589298248291,0.11475586891174316,0.49002555,0.9571478495714785,2.0444889068603516,0.10259050130844116,0.50697917,0.9523048944318809,2.1144373416900635,0.14052605628967285,0.35439232,0.9753362703199018,1.8666563034057617,0.18056879937648773,0.50945204,0.9275708877198952,2.376950263977051,0.5470634698867798,0.4777775,0.48560200117544733,2.135632038116455,0.23497644066810608,0.18316217,0.40214984989914887,2.4287497997283936,0.14080604910850525,0.15739036,0.6893369925304571,3.4618730545043945
0,0.03973991423845291,0.26721415,0.7557615239143843,3.239722490310669,0.029066121205687523,0.21218245,0.5818865096590776,2.391390800476074,0.0004779839946422726,0.14824545,0.30799983133986425,1.8544760942459106,0.12146548926830292,0.41270074,0.965482267584482,1.5066616535186768,0.18865346908569336,0.3421724,0.9503527962104455,1.6539931297302246,0.09698089957237244,0.4158826,0.9502175813111948,2.134450912475586,0.21606236696243286,0.2749821,0.9495443225180253,1.7874244451522827,0.09871837496757507,0.38566783,0.950244971390357,1.222324013710022,0.2872021496295929,0.238193,0.9583873984294711,1.3735661506652832,0.053580012172460556,0.51535136,0.9810315238221264,1.647002100944519,0.142742320895195,0.3342053,0.9723821840848438,1.898289680480957,0.0901918113231659,0.5295624,0.9900006073502512,2.1654343605041504,0.16628862917423248,0.30459234,0.9712783064198725,2.092240571975708,0.10538318753242493,0.38328663,0.9838446866937518,2.065080165863037,0.186754509806633,0.26020867,0.9692082966430382,1.8590595722198486,0.19303752481937408,0.30108136,0.970173174926208,1.9501731395721436,0.040408942848443985,0.40488264,1.0147072896412148,1.7860310077667236,0.13740818202495575,0.48267433,0.955766727255927,1.7339680194854736,0.15214605629444122,0.45411965,0.934387004230502,1.7713470458984375,0.20261222124099731,0.2846246,0.9294684971905327,1.840811848640442,0.20192159712314606,0.4390511,0.8896264902545781,2.501056432723999,0.6335965991020203,0.49829713,0.4373676807792007,1.7335143089294434,0.22260868549346924,0.18594952,0.29069662747031877,2.005483627319336,0.20772820711135864,0.1320659,0.48090044286296785,2.683851957321167
0,0.027911175042390823,0.22773013,0.7244382010997001,2.318904399871826,0.00674205319955945,0.1308384,0.5316966665279657,1.5818898677825928,0.00010269224003423005,0.106629446,0.31644340333899224,1.3540831804275513,0.1483379751443863,0.3220102,0.9681224693152277,1.8694034814834595,0.20505550503730774,0.23671225,0.9543537131840681,1.8215218782424927,0.1285519152879715,0.38220048,0.9289263586205041,1.5951874256134033,0.25326842069625854,0.2981374,0.9692517027274975,1.6353375911712646,0.15962368249893188,0.25338325,0.9461343334057445,1.6271718740463257,0.3071482479572296,0.18072537,0.974745805446539,1.6918213367462158,0.12313380837440491,0.42931595,1.0083986082491223,1.9990496635437012,0.19514231383800507,0.30110222,0.9898908000849891,1.7774302959442139,0.14603406190872192,0.5206086,1.0435424772435729,1.9272050857543945,0.247486874461174,0.23922488,0.991990159509569,2.1703357696533203,0.15466107428073883,0.3473155,1.0027035232645753,2.3742692470550537,0.2350296676158905,0.26804733,0.989376618322736,2.1265957355499268,0.22263002395629883,0.29761484,0.9972821348012303,1.8828338384628296,0.16682519018650055,0.37479413,1.0309331979222192,2.481682300567627,0.21968357264995575,0.46116793,0.9428421673101977,2.2587552070617676,0.22894445061683655,0.46369842,0.9332861638237706,2.0964407920837402,0.2578149437904358,0.32058147,0.9618809788704885,1.781944990158081,0.36062467098236084,0.49864188,0.8785392310934261,2.3625402450561523,0.6280241012573242,0.47285882,0.4746100084072506,1.8261905908584595,0.3059321343898773,0.25711963,0.3963006515553966,2.1529481410980225,0.2042502760887146,0.27825284,0.6683853058647728,3.246206283569336
0,0.027424052357673645,0.27226105,0.7356975730200973,2.5196287631988525,0.015681305900216103,0.14919949,0.5364544203554513,1.7776424884796143,0.00011211253877263516,0.11511939,0.3133025087723139,1.2930676937103271,0.12671557068824768,0.32192948,0.9706723101139162,1.6026179790496826,0.20622707903385162,0.27362537,0.9534835578676768,1.9387954473495483,0.11959733814001083,0.39260453,0.9376632768326323,1.6263387203216553,0.24177153408527374,0.30116886,0.967185852841708,1.8272221088409424,0.15697026252746582,0.25090477,0.9518988434933962,1.7207577228546143,0.29714521765708923,0.19818282,0.9741225616501904,1.6007344722747803,0.11417199671268463,0.40540683,1.0039826083346912,2.0090436935424805,0.19832615554332733,0.3001956,0.9902236851745315,1.8095579147338867,0.1261662095785141,0.4844128,1.030246565322768,2.096705913543701,0.23312880098819733,0.25794542,0.9870948050247516,2.2500855922698975,0.12340131402015686,0.3073585,0.9973112718478876,2.278412342071533,0.21535354852676392,0.22039667,0.981316108128622,2.014194965362549,0.23243536055088043,0.26863348,0.9929062093561519,1.6897767782211304,0.11674028635025024,0.37265602,1.0269618129902132,2.818998336791992,0.254967600107193,0.47073597,0.9469633455976583,2.117605209350586,0.19595791399478912,0.42304352,0.937132985386932,2.0254404544830322,0.2291432023048401,0.3123549,0.9655171515790812,1.8631250858306885,0.33087459206581116,0.45112643,0.8873858819109772,2.2804348468780518,0.6270554065704346,0.44237012,0.46085162346697833,1.7699878215789795,0.24751605093479156,0.22802098,0.3814753314197249,2.09057354927063,0.1459139883518219,0.21817026,0.6663179611686276,3.2809510231018066
0,0.044167011976242065,0.21986347,0.7369382678707834,3.195695638656616,0.019473351538181305,0.16827436,0.5476260676506531,2.427464485168457,0.0009725608397275209,0.14838095,0.31963955990595305,1.4174820184707642,0.11404721438884735,0.3714046,0.9644826033136276,1.9572272300720215,0.1830555498600006,0.2853071,0.9469585260458527,1.7895874977111816,0.10840163379907608,0.40753353,0.9480417415173935,1.6383169889450073,0.20234520733356476,0.3464839,0.9548660097916419,1.787874460220337,0.11440752446651459,0.2589596,0.9538643177428846,1.727542519569397,0.27075695991516113,0.21367896,0.9597874270665112,1.4696879386901855,0.055070653557777405,0.5069566,0.9788680042314758,2.1353325843811035,0.16396914422512054,0.31488603,0.9707739640220525,1.788995623588562,0.06828408688306808,0.55143136,0.9945538540838933,2.1481435298919678,0.1743844449520111,0.26900882,0.968251331398554,2.2148940563201904,0.07942488044500351,0.41576794,0.9823823729824146,2.5155863761901855,0.15807048976421356,0.29086882,0.9680192958957226,2.121706008911133,0.15867817401885986,0.34263337,0.9747289992713579,2.1321094036102295,0.051655858755111694,0.39223284,1.0073395753836119,1.784684419631958,0.09281951189041138,0.48569915,0.9590968606863661,2.046276569366455,0.08345088362693787,0.5108362,0.9522250992551254,1.9984986782073975,0.12781454622745514,0.38036633,0.9694355570705695,1.9040253162384033,0.14133571088314056,0.53028655,0.9262144708811965,2.1976234912872314,0.5147225260734558,0.46808556,0.4804747991470829,2.2912511825561523,0.22676528990268707,0.17138633,0.3931495593104537,2.3479151725769043,0.14317403733730316,0.14938506,0.6833890247725042,3.48260760307312
0,0.02922810986638069,0.24962766,0.7450339684384003,2.8051042556762695,0.010140945203602314,0.13701,0.551726734571292,2.0158753395080566,0.0004273315134923905,0.119473785,0.3205077854430338,0.965038001537323,0.11379516869783401,0.3397967,0.9678980687296612,1.7455978393554688,0.16600626707077026,0.2405662,0.952339887854392,1.7672679424285889,0.09933622926473618,0.3577362,0.940880091390526,1.74970281124115,0.22809509932994843,0.26090717,0.9651344090660594,1.6632018089294434,0.1084832102060318,0.2610239,0.9495302275119696,1.6140106916427612,0.28539443016052246,0.18806817,0.9691394221666384,1.2979156970977783,0.08434566110372543,0.43812105,0.9930873945004084,2.0549745559692383,0.16767705976963043,0.27036572,0.9799727172430285,1.8309056758880615,0.10599476099014282,0.46444294,0.9996950729846302,1.7332910299301147,0.21668028831481934,0.21401088,0.9728694155786413,2.0931878089904785,0.10079401731491089,0.30448213,0.9803314258010792,2.073103427886963,0.1808447241783142,0.22615573,0.9720582061174591,2.1881496906280518,0.1875024139881134,0.27572137,0.977017206813344,2.1666383743286133,0.14238692820072174,0.3952653,1.006753637759347,2.040046453475952,0.18608471751213074,0.40490586,0.9507883127059448,2.216111421585083,0.1599314659833908,0.45493397,0.9333107259500705,1.9114176034927368,0.19952374696731567,0.32481885,0.9580727844574598,1.7002649307250977,0.22158972918987274,0.43920657,0.8954305334679613,2.593193292617798,0.5342831611633301,0.49010733,0.48516414721607476,2.0998551845550537,0.1919023096561432,0.20961545,0.4061958295507333,2.282395601272583,0.1344931721687317,0.19667733,0.643317302780132,3.134934425354004
0,0.038418907672166824,0.24178626,0.7294824423756043,3.2151589393615723,0.030049623921513557,0.19256964,0.5446327201747212,2.4930148124694824,0.0005468815215863287,0.15195908,0.3131218040439052,1.5337016582489014,0.10505063831806183,0.3804594,0.9627620400512557,1.8885573148727417,0.18830570578575134,0.305897,0.94494622580671,2.0862321853637695,0.11061946302652359,0.41510972,0.9486460074512127,1.6615387201309204,0.16689468920230865,0.37337333,0.9519950182515805,2.056100368499756,0.11277008056640625,0.29512945,0.9535826480488879,1.8867244720458984,0.24482443928718567,0.21297699,0.9558677757558643,1.571854591369629,0.048187557607889175,0.5164681,0.9795640246813297,2.2030603885650635,0.164566770195961,0.31776437,0.9669942933937791,1.54531729221344,0.06379490345716476,0.5248202,0.9918574354013567,1.70658540725708,0.15179231762886047,0.29399616,0.9633805280782095,2.3175084590911865,0.0611918643116951,0.41898072,0.9798031311154599,2.425609827041626,0.12387145310640335,0.28491256,0.9650943481762542,2.3415260314941406,0.12287893891334534,0.34543023,0.972804649209777,2.335263252258301,0.04136703908443451,0.40148032,1.0003542777704986,2.3224055767059326,0.08179866522550583,0.47472456,0.9579693895474718,1.9962693452835083,0.07954441756010056,0.53413016,0.9509735524139139,1.923743724822998,0.11728125810623169,0.35692272,0.969290640497196,2.0935680866241455,0.13976429402828217,0.54050696,0.9263039830482458,2.4970703125,0.48600631952285767,0.49347788,0.4929484198453543,2.289261817932129,0.21498867869377136,0.1802967,0.3947481250732585,2.4289803504943848,0.14090615510940552,0.15396896,0.6795990263447469,3.499896287918091
0,0.042130447924137115,0.27211362,0.7281283153666775,3.018110752105713,0.018077116459608078,0.18484378,0.5389649979991068,2.1562862396240234,0.00019493720901664346,0.14877984,0.3124565199122659,1.3546853065490723,0.10824214667081833,0.3719016,0.9663432328820304,1.8116167783737183,0.20630675554275513,0.29003036,0.9515552788152174,2.003309965133667,0.10206925868988037,0.40606597,0.9508392013281409,1.7780735492706299,0.21354052424430847,0.3231299,0.9587076778325755,2.193808078765869,0.12985734641551971,0.26318303,0.9560509043175005,1.859266996383667,0.2959165573120117,0.20883095,0.9614617952681062,1.853559970855713,0.08128702640533447,0.45111695,0.98559791073625,2.291504383087158,0.1590937227010727,0.33024403,0.9736336428202483,1.9646711349487305,0.07584318518638611,0.5542877,1.0035398914510367,2.0544967651367188,0.2258700728416443,0.29052594,0.9688823396242847,2.277940034866333,0.11152461171150208,0.41151047,0.9840257043292631,2.246267795562744,0.14415234327316284,0.3083185,0.9724210998130067,2.143099784851074,0.15599985420703888,0.37545088,0.9836968362951748,2.1663262844085693,0.09093024581670761,0.38964713,1.01095458781212,2.2347986698150635,0.10123234242200851,0.4794219,0.9648557130027846,1.8516916036605835,0.10434801131486893,0.4490568,0.9629207206838937,1.873824119567871,0.14998608827590942,0.33442485,0.9827530435016533,1.8209514617919922,0.1662711650133133,0.53956825,0.9339396183193678,2.614924192428589,0.5441924333572388,0.5017572,0.5000111162216857,2.1528053283691406,0.24460050463676453,0.18949947,0.41280212417779916,2.4556820392608643,0.13159196078777313,0.1729284,0.692269675107151,3.43998122215271
0,0.022630976513028145,0.2726148,0.7216755130736167,2.445410966873169,0.012600690126419067,0.15825275,0.5220544745733381,1.678321123123169,0.00018266926053911448,0.12572075,0.3168650431652792,1.2617765665054321,0.13496501743793488,0.34820724,0.9688662648483692,2.1273324489593506,0.19581054151058197,0.2885872,0.9547667762676965,1.9432555437088013,0.11278904974460602,0.40922722,0.9395052050350069,1.7817180156707764,0.2505566477775574,0.2997469,0.96699475825211,1.7747403383255005,0.16912882030010223,0.22059493,0.9529044147889246,1.5949575901031494,0.3039809465408325,0.176869,0.9719071661397267,1.6034345626831055,0.10263705253601074,0.43861514,1.0012116730193847,2.016732931137085,0.2034744918346405,0.30184254,0.9871172473414145,1.9894742965698242,0.12275389581918716,0.52404326,1.0276428273395828,2.005908489227295,0.18526142835617065,0.24554896,0.9866566971190935,2.3111796379089355,0.11660527437925339,0.35296783,0.9952375988250908,2.036760091781616,0.20977464318275452,0.2324648,0.9803559128286667,2.19887638092041,0.20782572031021118,0.30243638,0.9934412054354385,1.8445789813995361,0.16447827219963074,0.38778368,1.0193907225050565,2.323512554168701,0.19791972637176514,0.46264526,0.9534415111889099,2.2353875637054443,0.178690567612648,0.49376354,0.9480171727767889,2.198542356491089,0.2154921144247055,0.34136412,0.9736276952449816,1.8152709007263184,0.3079104423522949,0.48888585,0.8981378936489444,2.3749780654907227,0.6334002614021301,0.45956817,0.46385444730502673,1.7791534662246704,0.2589762806892395,0.23354155,0.38743845378376124,2.1292545795440674,0.18762031197547913,0.22501235,0.6693077350214895,3.3351659774780273
0,0.04965292662382126,0.22874326,0.7242989656519219,3.268021821975708,0.025420695543289185,0.21681823,0.5379195800134731,2.5211739540100098,0.001051550731062889,0.15474781,0.31590507472586393,1.6293662786483765,0.11104898899793625,0.3893214,0.9615063925753687,1.6201399564743042,0.19574029743671417,0.3148592,0.9436084605076612,1.9983068704605103,0.09503715485334396,0.42088005,0.9498989239576083,1.706662893295288,0.16431304812431335,0.37545508,0.9500338786969558,2.2928686141967773,0.11445990204811096,0.2941428,0.9531236672944295,2.004546880722046,0.2673019766807556,0.22946332,0.9527257641756708,1.6977267265319824,0.048440590500831604,0.5107575,0.9774430380363168,2.1651196479797363,0.1561688482761383,0.33689746,0.9645150670569083,1.9480314254760742,0.08602387458086014,0.5679831,0.9912573123185947,2.3856630325317383,0.14063695073127747,0.31495732,0.9620977712703471,2.366307020187378,0.07171853631734848,0.4118389,0.9790619837045912,2.3004651069641113,0.1268930584192276,0.30343723,0.9632855399824999,1.9545469284057617,0.13166697323322296,0.37600428,0.9709341581666943,2.133234977722168,0.03991135209798813,0.4022583,0.9990564728132344,2.2723562717437744,0.07357177138328552,0.47028807,0.9623064682395823,2.1235485076904297,0.07598337531089783,0.508231,0.9594125462378166,1.9053094387054443,0.11453480273485184,0.37670958,0.9723258581423192,2.089021921157837,0.12422513216733932,0.5339185,0.9336565650737659,2.5376412868499756,0.4770854711532593,0.5009239,0.49069995924464505,2.4130897521972656,0.21242450177669525,0.18050879,0.40122415647794857,2.535335063934326,0.1468300074338913,0.14762013,0.6932474601435344,3.556098699569702
1,0.028395500034093857,0.23923846,0.732089681541471,2.711367607116699,0.014606139622628689,0.14307112,0.537898500585072,1.967130422592163,0.00025678021484054625,0.11433538,0.3163456059162595,1.1769949197769165,0.12449778616428375,0.35013163,0.9664355908089226,1.7040984630584717,0.18969085812568665,0.2561159,0.9527639634319123,1.7580653429031372,0.09287231415510178,0.38671082,0.9466910045241779,1.8300610780715942,0.24923978745937347,0.30307958,0.9614736923596039,1.7171516418457031,0.11592244356870651,0.24974206,0.9483009985136757,1.5453368425369263,0.27043214440345764,0.19564636,0.9665956067072201,1.49971604347229,0.0833679661154747,0.44933924,0.9941998238351288,1.8745312690734863,0.1793934851884842,0.28118247,0.9815943154304352,1.7761516571044922,0.08583841472864151,0.51317,1.006054139415783,1.9978638887405396,0.1988276243209839,0.24518701,0.978317827773381,1.9126161336898804,0.09288390725851059,0.30018705,0.9890158501959256,2.1829097270965576,0.17298680543899536,0.24144092,0.9793346173982423,2.2450203895568848,0.17253629863262177,0.29226512,0.987882289934107,2.2489476203918457,0.09016279876232147,0.35813758,1.0369866819283802,2.2010252475738525,0.18744432926177979,0.44638047,0.9764461959480116,2.101710319519043,0.13995179533958435,0.4741459,0.9618931451571713,2.0242629051208496,0.17198523879051208,0.33531675,0.9757959529001556,1.8988873958587646,0.24048763513565063,0.4665899,0.9013633576953796,2.4654242992401123,0.509526252746582,0.51302326,0.4480210979837732,2.167494297027588,0.22196710109710693,0.20614696,0.38314280413068863,2.1874542236328125,0.13373899459838867,0.19276038,0.6676259811333712,3.330578327178955
0,0.025320997461676598,0.2451345,0.7380921287567804,2.342822551727295,0.015813864767551422,0.12446256,0.5348222197796886,1.6495195627212524,0.0003018537536263466,0.09704873,0.31648289622780496,1.295528769493103,0.14178332686424255,0.30419406,0.9686529287947041,1.5580284595489502,0.18875886499881744,0.23171864,0.9535359459746592,1.8766882419586182,0.12263363599777222,0.35700414,0.9280016465169645,1.5887223482131958,0.2822788953781128,0.24171858,0.9700308044238952,1.4775874614715576,0.15703029930591583,0.23023704,0.9456268661503369,1.6514828205108643,0.311625599861145,0.17462485,0.9759624939360012,1.4468404054641724,0.12252587080001831,0.40659598,1.0106649605236144,1.9772682189941406,0.2051050364971161,0.25979027,0.9917164719525052,1.7350564002990723,0.14617764949798584,0.44287243,1.0365999362562663,1.9678789377212524,0.2368272989988327,0.20611875,0.9877947214925014,1.9791407585144043,0.14383889734745026,0.288942,0.9953906010631165,1.9208425283432007,0.2744622826576233,0.20059751,0.9830835127526928,2.0964534282684326,0.22797535359859467,0.24621569,0.9919063707959398,2.0061116218566895,0.19348089396953583,0.38741004,1.0217697426553614,2.2364771366119385,0.22406314313411713,0.41359806,0.9343991667859878,2.234895944595337,0.25211891531944275,0.39197102,0.9260663175595902,1.9490580558776855,0.2642981708049774,0.28263378,0.9600477089245277,1.7922321557998657,0.3497697412967682,0.4108101,0.8734238911168227,2.3750245571136475,0.6085841059684753,0.4541857,0.47410319897820424,1.8382365703582764,0.23662151396274567,0.23952512,0.39732546574753486,2.2092185020446777,0.13417750597000122,0.23836009,0.6586401474696235,3.238816022872925
1,0.027062052860856056,0.2503713,0.7477782240906792,3.056086778640747,0.027207184582948685,0.14706261,0.5778979771156236,2.300175905227661,0.0004650756309274584,0.13185565,0.3166977761623893,1.3194845914840698,0.10660167783498764,0.39672795,0.9646734266675124,1.6118485927581787,0.16735728085041046,0.3193846,0.951909764487618,1.5155649185180664,0.09176136553287506,0.44075155,0.949415473797937,1.6933283805847168,0.20748649537563324,0.3535455,0.9536789542584762,1.84437096118927,0.08053435385227203,0.31125602,0.9487598428261441,1.4909210205078125,0.2683251202106476,0.23209482,0.9610446470705902,1.3999418020248413,0.07830440998077393,0.50707626,0.9806701204091116,1.4653147459030151,0.144832044839859,0.3942776,0.9763444907561944,1.6013273000717163,0.06422489881515503,0.5826585,0.9903931984793808,1.698438048362732,0.16010969877243042,0.3425024,0.9754338206937534,1.8771504163742065,0.0860426127910614,0.36882353,0.9876444472648498,2.2387654781341553,0.19630475342273712,0.3433169,0.9740679236881754,2.0712318420410156,0.16604743897914886,0.35929805,0.9730073955221966,2.0625810623168945,0.05045067146420479,0.39806318,1.0065783691025045,2.479261636734009,0.13496248424053192,0.5050041,0.9473677791655447,2.0338211059570312,0.15305791795253754,0.4827617,0.9286452375073173,1.8644568920135498,0.20369569957256317,0.32374826,0.9266787863349255,1.7267322540283203,0.2052573561668396,0.5054626,0.8761463112913255,2.5214309692382812,0.5805668234825134,0.49224702,0.420891926404354,1.9242357015609741,0.22135691344738007,0.16891477,0.30218997944303266,2.0766592025756836,0.16675134003162384,0.13539094,0.5307450559767687,2.8592257499694824
0,0.035743750631809235,0.25079384,0.7386385609918186,2.807123899459839,0.008313193917274475,0.14742146,0.5604276699360213,1.989788293838501,0.0004476229951251298,0.11280202,0.3207249234261568,1.1005194187164307,0.11203601211309433,0.3380566,0.9664069722549326,1.4659007787704468,0.17979174852371216,0.24763651,0.9514199714228497,1.8401871919631958,0.10531695187091827,0.36587575,0.9408420861472568,1.9674289226531982,0.23504245281219482,0.2731995,0.9631732425499977,1.763368010520935,0.1203579530119896,0.26282474,0.951127236956109,1.5196304321289062,0.29841306805610657,0.18359372,0.9701434559036521,1.3594309091567993,0.08292853087186813,0.43318346,0.994234641622908,2.204284429550171,0.1788063794374466,0.29493558,0.9805469431769749,1.8570880889892578,0.09764111787080765,0.47979602,1.0034785117106457,2.0817439556121826,0.24157992005348206,0.22987999,0.9746630209816826,2.1009185314178467,0.11067237704992294,0.34986162,0.9864132153202595,2.530177116394043,0.19113689661026,0.264079,0.9739472065520955,2.253572463989258,0.1989143043756485,0.31757876,0.9803016851444127,1.825404167175293,0.15517817437648773,0.39035496,0.9881392569779354,2.274502754211426,0.20516471564769745,0.4376853,0.9249564905557432,2.3002333641052246,0.1385442614555359,0.44811895,0.9083196685567906,2.247358798980713,0.18837608397006989,0.30204415,0.9472498422292144,1.8111894130706787,0.24909716844558716,0.5000546,0.8932716126446373,2.3717517852783203,0.562099814414978,0.4679458,0.48926195891821456,2.0595529079437256,0.2304300218820572,0.21524645,0.4012664869523321,2.2730000019073486,0.14295707643032074,0.20865227,0.6482198234561897,3.2608437538146973
0,0.032981425523757935,0.26999792,0.7307659374472922,2.535358428955078,0.013943013735115528,0.1431837,0.532039089419581,1.7711565494537354,0.00028614632901735604,0.11742321,0.31679479715897163,1.2125468254089355,0.12244878709316254,0.33574906,0.9699897210180419,2.0080814361572266,0.20677262544631958,0.26082245,0.955229598285489,1.8482023477554321,0.11814144998788834,0.3840143,0.9420855052596301,1.561034917831421,0.25447195768356323,0.28965625,0.9676496709072534,1.627797245979309,0.14165085554122925,0.23454928,0.9503632682275934,1.3993515968322754,0.29351508617401123,0.17792667,0.9709912141187031,1.6067339181900024,0.10271395742893219,0.4492617,1.0011588312071553,2.2371160984039307,0.1998225450515747,0.29168934,0.9882599526210647,1.7403427362442017,0.1188792735338211,0.51356983,1.031913064027804,2.14675235748291,0.1765974909067154,0.22257541,0.9861406352254537,2.3513474464416504,0.11531189829111099,0.3400186,0.9998535479078614,2.328228712081909,0.23104649782180786,0.24100424,0.9821397870341338,2.0210721492767334,0.21360278129577637,0.2902401,0.9936131865303542,1.9311672449111938,0.13400782644748688,0.38116714,1.0247895162714755,2.447721242904663,0.1834849864244461,0.44020492,0.9530231700021365,2.0529191493988037,0.18493133783340454,0.4685535,0.9473572090987744,1.9907947778701782,0.22000651061534882,0.31198525,0.9780877277275147,1.7308162450790405,0.3019563555717468,0.46130967,0.8958705083780076,2.4464454650878906,0.6286827325820923,0.45056188,0.48061414526215096,1.8792164325714111,0.2735483646392822,0.24277642,0.39786993633942924,2.181464433670044,0.15812286734580994,0.22809535,0.6701744713364159,3.2783584594726562
0,0.054778896272182465,0.24069445,0.7330871985521387,3.0331482887268066,0.019390640780329704,0.16354717,0.5403439301585093,2.2275073528289795,0.000477196357678622,0.14183904,0.313259519662338,1.2762500047683716,0.11436623334884644,0.35141262,0.9663674059904059,1.6225967407226562,0.20153523981571198,0.29488108,0.9499117922173594,1.8969875574111938,0.10869031399488449,0.40604797,0.9484174791588175,1.6201344728469849,0.22259195148944855,0.33259472,0.9579822438614721,1.9298524856567383,0.13989205658435822,0.25673747,0.9546993922214881,1.7464649677276611,0.2958749234676361,0.19555403,0.9611174194893768,1.6011147499084473,0.07148069143295288,0.455816,0.9856495000963286,2.0478923320770264,0.17257724702358246,0.3340106,0.9747234658673718,1.7017877101898193,0.08601438999176025,0.5496355,1.0033231394973308,2.085667133331299,0.19705218076705933,0.2659971,0.9702821158359887,2.308047294616699,0.10500415414571762,0.40583324,0.9839025881648239,2.0668721199035645,0.14743760228157043,0.2780328,0.9691315130218208,2.4380393028259277,0.18405763804912567,0.2937878,0.9787496750210509,2.239884853363037,0.06411848962306976,0.3905801,1.0079822410730794,2.104579210281372,0.1253056824207306,0.47700116,0.9607961824332723,2.0871055126190186,0.10890518873929977,0.4266469,0.9540867367219187,1.7788646221160889,0.17246323823928833,0.33701137,0.9752282978722466,2.0344793796539307,0.20191840827465057,0.52624065,0.9241089236867772,2.538580894470215,0.5602561831474304,0.4877515,0.4757535807202208,2.119969129562378,0.21088409423828125,0.17870985,0.39111499292518853,2.3687846660614014,0.139206662774086,0.15211746,0.6777181623686566,3.4072837829589844
0,0.038263265043497086,0.23430468,0.7299545008274462,3.2085154056549072,0.020820440724492073,0.18715434,0.5439871547936327,2.511151075363159,0.0004930243012495339,0.14934246,0.309756038011685,1.6875354051589966,0.10229630768299103,0.37779948,0.9630816846168894,1.9259063005447388,0.19861087203025818,0.31143665,0.9446727560365971,2.047637462615967,0.10644212365150452,0.41813636,0.9494847677123932,1.9192086458206177,0.1866946965456009,0.3696893,0.9522189003617152,2.3102095127105713,0.09979888796806335,0.28828108,0.9539616583432198,1.9937119483947754,0.2521626055240631,0.21674784,0.9558591307106803,1.6126487255096436,0.050364844501018524,0.5079725,0.978699981342133,1.9639933109283447,0.1654801070690155,0.3263626,0.9669524573585595,1.4879000186920166,0.06094838306307793,0.5324185,0.9918213656318947,2.382051944732666,0.16495446860790253,0.3000066,0.9634082004051988,1.86061429977417,0.07073327153921127,0.4179309,0.9792779627722014,2.1031527519226074,0.13089415431022644,0.30212966,0.9647534386131313,2.3033151626586914,0.14554236829280853,0.3250948,0.9726736642487941,2.257115125656128,0.043431371450424194,0.39992476,1.0000305142101347,2.3679871559143066,0.08220982551574707,0.48230144,0.9591205876155998,2.058009624481201,0.07231216132640839,0.50663894,0.9523360126361485,2.022282361984253,0.11619625240564346,0.3345352,0.9695011814218717,1.8452142477035522,0.13288773596286774,0.53507006,0.9278689267139638,2.41658353805542,0.5030429363250732,0.49840847,0.49598498635832466,2.323880195617676,0.2316032201051712,0.17971191,0.39455341291774954,2.4597058296203613,0.14084917306900024,0.14844227,0.6832554171883116,3.507542610168457
0,0.04058220610022545,0.2718338,0.7348994769878561,2.866976737976074,0.009643037803471088,0.16804925,0.544207260904192,2.0398333072662354,0.0002938490069936961,0.12946172,0.3150715107657267,1.0684834718704224,0.12435916066169739,0.3487458,0.9681731265140141,1.588401198387146,0.20573651790618896,0.2647972,0.9522997795051193,1.752333164215088,0.11949571967124939,0.37617472,0.9458002531678902,1.8037298917770386,0.2206285297870636,0.28467628,0.9615943555090471,1.7744336128234863,0.13601946830749512,0.25163287,0.9539792047708219,1.833573818206787,0.28209224343299866,0.17791983,0.9656508584534383,1.6585603952407837,0.10365612804889679,0.43185547,0.994182124933855,1.8579552173614502,0.16422288119792938,0.2919788,0.9822192280109932,2.002944231033325,0.10325327515602112,0.45738566,1.0097805468070138,1.8218474388122559,0.19054412841796875,0.22618805,0.974284048689299,2.2702231407165527,0.10986977070569992,0.31159952,0.9870502332430199,2.5662546157836914,0.17876003682613373,0.25261465,0.9751994405645517,2.3817787170410156,0.17183993756771088,0.24859132,0.9818953933960242,1.9963552951812744,0.10775922983884811,0.38663474,1.0071728603960988,2.1298482418060303,0.1718800812959671,0.4570119,0.9510393815595648,2.0047974586486816,0.12781913578510284,0.4110628,0.944833778529727,1.9896420240402222,0.17516911029815674,0.32081875,0.9639313666232775,1.7194676399230957,0.2420550137758255,0.45812172,0.9065632622189694,2.4847018718719482,0.5496925711631775,0.481028,0.46783028751766675,2.0421671867370605,0.2175273448228836,0.19715573,0.3888891537988795,2.2787351608276367,0.133864164352417,0.1848486,0.6451487050781464,3.229865550994873
1,0.027225231751799583,0.24222286,0.7565523959919224,2.616689443588257,0.012586086988449097,0.15886419,0.5758190857738216,1.8292222023010254,0.000553334946744144,0.104132846,0.32039850164456374,1.3890782594680786,0.14230650663375854,0.35698402,0.9634046657725746,1.3019323348999023,0.18027444183826447,0.28777677,0.9493899090149991,1.4287099838256836,0.10715850442647934,0.38037077,0.9373994162394391,1.701411247253418,0.29254019260406494,0.27079058,0.9566200880883645,1.5689513683319092,0.12310025095939636,0.27569062,0.9272282322613692,1.609662652015686,0.30814242362976074,0.18392162,0.9684691847922433,1.5215429067611694,0.1092737466096878,0.43994224,0.9871372428427884,1.6552258729934692,0.19894573092460632,0.3022301,0.9817036890505216,1.7431392669677734,0.11578717827796936,0.519694,0.9946795332916915,1.9659115076065063,0.24393662810325623,0.23953061,0.9832462433444399,1.9495952129364014,0.13243182003498077,0.33193788,0.9984687324199145,2.096430540084839,0.2412635087966919,0.24064052,0.9847781338586281,2.0634818077087402,0.25215211510658264,0.27269945,0.9812796905194427,2.1130361557006836,0.14600960910320282,0.4121765,1.0440638702775178,2.2189481258392334,0.2622682452201843,0.41507256,0.9380806999297275,1.9470155239105225,0.2383827120065689,0.4475954,0.9058197075648804,1.9982959032058716,0.2916933000087738,0.29706565,0.9047166506776736,1.7121293544769287,0.35108309984207153,0.45429298,0.8188537907552884,2.1171319484710693,0.58970046043396,0.4755132,0.39752310131233803,1.687530755996704,0.22296682000160217,0.22407839,0.30689065408169647,1.8659613132476807,0.17835703492164612,0.17985918,0.5026692661741934,2.7217347621917725
0,0.03219889476895332,0.27112404,0.7357207093601665,2.586709976196289,0.014128261245787144,0.13497183,0.5418306983281943,1.7788381576538086,0.00015491370868403465,0.11502461,0.3197413307026437,1.2134685516357422,0.13305975496768951,0.3340709,0.9688514306195642,1.7707433700561523,0.18902409076690674,0.27890977,0.9553337355300616,2.059500217437744,0.12207441031932831,0.39291084,0.9419498000010931,1.6494368314743042,0.23921209573745728,0.2996128,0.9670813255744146,1.7215628623962402,0.1529466211795807,0.23906016,0.9521228675532423,1.6964205503463745,0.3058987259864807,0.18883638,0.9739769889276799,1.539470911026001,0.10558493435382843,0.44051203,1.0025823169757642,1.9009759426116943,0.20356549322605133,0.29118142,0.9871347450014275,1.8283169269561768,0.11983514577150345,0.47682014,1.0280665882589601,2.0838582515716553,0.21257011592388153,0.23945,0.9861606671112202,2.266066312789917,0.11634515225887299,0.36035603,0.9959606557316443,2.3926868438720703,0.22199617326259613,0.20805465,0.9804122914349533,2.142082452774048,0.21579831838607788,0.2702381,0.9928328487394945,2.0467329025268555,0.15664634108543396,0.40758494,1.0190365740694196,2.4021356105804443,0.19680343568325043,0.45428935,0.9425311455141258,2.0250637531280518,0.18448074162006378,0.42799124,0.9322651973528532,2.073047399520874,0.21678641438484192,0.30900696,0.9621273403528575,1.7713066339492798,0.30342575907707214,0.4496386,0.887082276402057,2.32083797454834,0.6275400519371033,0.4705813,0.45756721396944916,1.8633393049240112,0.24349208176136017,0.22474931,0.3752135682659026,2.273995876312256,0.15092255175113678,0.20176442,0.651223702002831,3.2655110359191895
0,0.06470611691474915,0.23904869,0.7284835800079994,3.290944814682007,0.025555163621902466,0.19918972,0.5372336357564352,2.461416482925415,0.00048812341992743313,0.14288288,0.312264530624826,1.7332924604415894,0.11227654665708542,0.39867678,0.9614182994387919,1.8345187902450562,0.16069115698337555,0.31014705,0.9435925841652337,2.184298515319824,0.10437462478876114,0.41618434,0.948724950039596,2.043403387069702,0.17166785895824432,0.38134465,0.9508363526546303,2.309495449066162,0.10191379487514496,0.29220143,0.9542816318184383,1.7708271741867065,0.26359879970550537,0.22601597,0.9546654946170753,1.6774230003356934,0.05221565067768097,0.52676934,0.9774601098332326,2.2447099685668945,0.15273675322532654,0.33642283,0.9651683154335564,1.77890944480896,0.07867008447647095,0.59420943,0.9898290541837004,2.2087738513946533,0.1516866236925125,0.31570745,0.9608822461364168,2.2334682941436768,0.06735790520906448,0.39431015,0.9768906427374453,2.4003045558929443,0.14777308702468872,0.31620273,0.9631174346071272,2.4393935203552246,0.11901683360338211,0.40689322,0.971400573998632,2.3034048080444336,0.0417700856924057,0.4012706,1.0001180108097902,2.0987038612365723,0.07835081219673157,0.4837748,0.9595086863293567,2.1450626850128174,0.07584135979413986,0.53397256,0.9570221154056419,2.1308791637420654,0.10078497976064682,0.36237177,0.9734576467130489,2.1383445262908936,0.11126457899808884,0.5500665,0.9354119160290941,2.354588508605957,0.478740394115448,0.5047915,0.5083038784371164,2.4283149242401123,0.21218350529670715,0.17111449,0.4136587874803939,2.555572986602783,0.1395646631717682,0.13509147,0.6970271937250091,3.5768487453460693
0,0.037976283580064774,0.23237957,0.7278820306217458,3.0625643730163574,0.015703735873103142,0.15903543,0.5373466674288438,2.3173887729644775,0.0003748741000890732,0.13476828,0.31549995096816563,1.4465457201004028,0.10376202315092087,0.35842445,0.9651285977165944,1.7497740983963013,0.16681882739067078,0.28764793,0.9489603375983041,1.849291205406189,0.10043057799339294,0.40263677,0.9461384659531823,1.8020203113555908,0.20920056104660034,0.33334967,0.9567579684640409,1.8448500633239746,0.11281388998031616,0.25663435,0.9520011903200577,1.7194218635559082,0.27926477789878845,0.19862492,0.9589940642408599,1.4766299724578857,0.06489312648773193,0.47909755,0.982011093258325,2.024259328842163,0.15836477279663086,0.3156709,0.9717228435129428,1.622154951095581,0.07748144865036011,0.5132226,0.9946052790432767,2.004201889038086,0.1740061491727829,0.26929134,0.9682142889498201,2.088602304458618,0.07238803803920746,0.37645897,0.9806752430471793,2.354541063308716,0.13550420105457306,0.25896752,0.9675141790913384,2.2119710445404053,0.13085533678531647,0.31753108,0.974967216003874,2.1183743476867676,0.08518421649932861,0.40478772,0.9997510192768685,2.2412850856781006,0.11404053121805191,0.48138136,0.9563029038236358,2.3036601543426514,0.09344577044248581,0.51419866,0.949029587668731,1.798693299293518,0.11760629713535309,0.37210256,0.9726050390407982,1.5509231090545654,0.14974893629550934,0.50974476,0.9290738891943321,2.3103713989257812,0.4957082271575928,0.48183292,0.5018394420965715,2.2570645809173584,0.2283465415239334,0.18579447,0.4126837661135713,2.383528232574463,0.1362207531929016,0.16099644,0.6954059065554494,3.547363758087158
0,0.0431114137172699,0.2620929,0.7366354177571587,3.039949893951416,0.01463026087731123,0.13582069,0.5435942518396879,2.2350189685821533,0.0004764942277688533,0.1324826,0.31750376265498276,1.2466720342636108,0.10820454359054565,0.34637156,0.9664999603080099,1.7215718030929565,0.17800676822662354,0.26102704,0.950183704125945,2.1350510120391846,0.0948122888803482,0.38734233,0.9450767116384903,1.6783791780471802,0.20930495858192444,0.31169298,0.9576802799007019,1.872690200805664,0.11179517954587936,0.25684568,0.9509316069048788,1.7293752431869507,0.29488739371299744,0.18583173,0.9610752141066169,1.673506259918213,0.06824741512537003,0.46964264,0.9826432673725597,1.8327653408050537,0.17387552559375763,0.29382494,0.9725315976619919,1.8321607112884521,0.06806042790412903,0.5417286,0.9980528819438808,2.0880892276763916,0.20561137795448303,0.24456789,0.9708591907092072,2.0076029300689697,0.08302119374275208,0.3644953,0.9853351000886622,2.2073769569396973,0.15872494876384735,0.23397514,0.9681469912938078,2.5084919929504395,0.11287561058998108,0.30021444,0.9756345914827973,2.0291647911071777,0.07970583438873291,0.40265873,1.0038614255900409,2.050290584564209,0.09545082598924637,0.47057438,0.9511265706968038,2.300957441329956,0.10814663022756577,0.4621532,0.9422854094371242,1.9742339849472046,0.13660934567451477,0.3345,0.9632022751620638,1.8245887756347656,0.1659492403268814,0.4790072,0.9165623318452034,2.550492286682129,0.532182514667511,0.48917022,0.49562162072842514,2.155492067337036,0.23709209263324738,0.19388399,0.40156242332221975,2.2981629371643066,0.12701265513896942,0.1696732,0.6693059906272975,3.400301456451416
0,0.04758189246058464,0.25673002,0.7303898656709121,3.041217803955078,0.019904259592294693,0.17099965,0.5358974615136095,2.251591444015503,0.00028466081130318344,0.14978532,0.3122937457020364,1.2693456411361694,0.12350159883499146,0.3532047,0.9665279742851611,1.7222708463668823,0.2017502784729004,0.27663448,0.9499530800027756,1.760562539100647,0.12324849516153336,0.39783746,0.9487510259864197,1.8846114873886108,0.20128487050533295,0.34633997,0.9579044235179855,1.8635482788085938,0.11745568364858627,0.26068527,0.9540725215325695,2.0257205963134766,0.29918280243873596,0.1910746,0.9611841291754515,1.748164415359497,0.0684930831193924,0.4936003,0.9856700133313299,1.9005430936813354,0.1667981594800949,0.3102105,0.9729321784596136,1.3917810916900635,0.0719379261136055,0.5807334,0.9994219930398589,2.290769577026367,0.176053985953331,0.26631427,0.9706771586478596,2.021554708480835,0.08613463491201401,0.4106741,0.9848554429618614,2.597429037094116,0.1657639592885971,0.31968588,0.9697199118103276,2.211738348007202,0.17219200730323792,0.3377363,0.9765679042509552,2.3564088344573975,0.0678824931383133,0.4001995,1.0050869732355665,2.262296438217163,0.10225264728069305,0.48032662,0.9509380928009094,2.115232229232788,0.10657921433448792,0.49272054,0.940846994209087,1.8971011638641357,0.14484825730323792,0.35375753,0.9606462032555687,1.782341718673706,0.18668867647647858,0.50923276,0.9150090557395838,2.4573988914489746,0.5388709902763367,0.49139863,0.4725217998327134,2.1688685417175293,0.22776512801647186,0.17799287,0.385040571090708,2.374340534210205,0.1332911252975464,0.16094407,0.6641159454019666,3.3717174530029297
0,0.05736532434821129,0.23951226,0.7329975651352434,3.186067581176758,0.022448142990469933,0.15659763,0.5436519341175182,2.411377191543579,0.0005359651986509562,0.14638063,0.3158841304803151,1.660452127456665,0.11732645332813263,0.36232403,0.9633268723277121,1.7529616355895996,0.2082255333662033,0.26171905,0.9455956787605495,1.93403959274292,0.09842845797538757,0.40668407,0.9478362528042605,2.000081777572632,0.2097778618335724,0.33681172,0.9528372926340081,2.0405001640319824,0.12350913137197495,0.2762854,0.9518735112879626,1.8937987089157104,0.2980264723300934,0.18468782,0.9562706062299329,1.415844202041626,0.06389311701059341,0.48914075,0.980819766842245,2.0509252548217773,0.1693042814731598,0.2946252,0.9685380721223296,1.5511243343353271,0.06838955730199814,0.5193767,0.9953585923570772,2.3554368019104004,0.1611325591802597,0.26036593,0.9673673955631851,2.0024538040161133,0.0696561262011528,0.3683396,0.9822862354176826,2.155369281768799,0.1440916508436203,0.24753046,0.9649141055378936,2.3326218128204346,0.14019210636615753,0.29289895,0.9731991839778489,1.9836370944976807,0.04301115870475769,0.4098546,1.000463269910102,2.5582807064056396,0.0886925458908081,0.48168027,0.9563052348097679,1.810439109802246,0.09199196100234985,0.47718364,0.9501537914792386,1.9398889541625977,0.11908607929944992,0.3146677,0.9702262654121243,1.9909954071044922,0.15233850479125977,0.4990622,0.9263493859779932,2.282393217086792,0.520566999912262,0.49864337,0.49201935870653085,2.2456798553466797,0.21458685398101807,0.18194711,0.3973832480157392,2.4357333183288574,0.1324993222951889,0.14147754,0.6837310336941134,3.487844467163086
0,0.06383759528398514,0.26489714,0.7311826973014299,2.6766855716705322,0.01568269543349743,0.13495022,0.534089054595212,1.809619665145874,0.00029834776069037616,0.12521951,0.31471011890580947,1.2086974382400513,0.12486156076192856,0.33304003,0.9696575425132136,1.938354730606079,0.18888767063617706,0.27926823,0.9542398304966059,1.8209983110427856,0.12281297147274017,0.39666823,0.9441516299643956,1.6332613229751587,0.24213933944702148,0.30678836,0.9647877042554397,1.9399830102920532,0.14812877774238586,0.24656868,0.9546615765703673,1.7481215000152588,0.2956821620464325,0.19313473,0.9719965293560193,1.7027630805969238,0.0939563661813736,0.4257129,0.9982243924955738,2.1114253997802734,0.18936222791671753,0.2891079,0.983983053590134,1.9374163150787354,0.10899694263935089,0.5067719,1.0228147292339924,1.747327208518982,0.2154248207807541,0.24705212,0.9847973959415215,2.128206253051758,0.10103639960289001,0.3645344,0.9935548298583602,2.2463693618774414,0.20960208773612976,0.22375825,0.9798894600498815,2.0696685314178467,0.2027675211429596,0.25614277,0.9911657301271658,2.0870351791381836,0.11446353793144226,0.39526692,1.0219768962288436,2.0675435066223145,0.18200910091400146,0.4610658,0.9486660984886004,2.014488697052002,0.15571589767932892,0.4108014,0.9411383537779782,1.9462484121322632,0.20382580161094666,0.32746786,0.9661161597616729,1.7060331106185913,0.27731233835220337,0.4303319,0.9030523339133507,2.4709062576293945,0.6068080067634583,0.42630658,0.4664016256282199,1.9048370122909546,0.2431391179561615,0.21686652,0.3843347531507344,2.279491662979126,0.14166384935379028,0.21125312,0.6698153334119853,3.3454294204711914
0,0.027348820120096207,0.24402978,0.7329259749897699,2.1629343032836914,0.004360468126833439,0.11903086,0.5356991493278941,1.528668999671936,0.00011210778029635549,0.097219795,0.3187581734437817,1.3536019325256348,0.13151098787784576,0.3156655,0.9670552799182968,1.7890267372131348,0.1921468824148178,0.22239025,0.9543744426122095,1.8852999210357666,0.12667043507099152,0.3664135,0.9302676391277989,1.5753121376037598,0.2930607199668884,0.24947949,0.9707851406277594,1.5878705978393555,0.17168770730495453,0.21400055,0.9504695160439598,1.7256824970245361,0.30877068638801575,0.1684017,0.980893894026363,1.4961823225021362,0.15292535722255707,0.41468057,1.0213424901264856,2.1352338790893555,0.21671605110168457,0.27970526,1.0012762088894656,1.828021764755249,0.1403871476650238,0.47572055,1.0508362925601369,2.1485776901245117,0.23051129281520844,0.22837605,0.9966589774550049,2.140491008758545,0.14985862374305725,0.33894816,1.0039959085947732,2.4326508045196533,0.2742236256599426,0.2036919,0.9897848488613875,2.0455899238586426,0.2420824021100998,0.26860029,1.0046462879994826,2.035297393798828,0.23955056071281433,0.3885657,1.0332453181647898,2.4994077682495117,0.2450786978006363,0.45512936,0.94593482378645,2.2351503372192383,0.2762351334095001,0.43295187,0.9351324232012774,1.9563504457473755,0.2800646424293518,0.32595512,0.9639798705959401,1.8112540245056152,0.3802202045917511,0.4643216,0.8797115436042755,2.284512996673584,0.6475587487220764,0.47562066,0.4716461914150356,1.7625281810760498,0.2710874676704407,0.2317124,0.38680782695699806,2.1163442134857178,0.17484687268733978,0.22615881,0.657351637511156,3.2500853538513184
1,0.043613333255052567,0.23351179,0.7492089316288192,3.1628024578094482,0.034715596586465836,0.14709555,0.5967836267903965,2.457275629043579,0.0012443329906091094,0.13334054,0.3166830415056562,1.2464405298233032,0.12820839881896973,0.39360708,0.9641847125096058,1.5723676681518555,0.1808801293373108,0.3167212,0.9493163881963921,1.4226367473602295,0.0807882770895958,0.43209347,0.9478405334372203,1.9885501861572266,0.21377277374267578,0.31582525,0.9546692557199783,1.697210669517517,0.09290000796318054,0.30189547,0.9498756274746816,1.8494032621383667,0.26335981488227844,0.21595675,0.9627704025931637,1.4229052066802979,0.05087430402636528,0.4861359,0.9790152150469481,1.8605066537857056,0.1480361521244049,0.31546366,0.9717071040529385,1.8001959323883057,0.06231435388326645,0.5308899,0.9840870422211419,1.9921618700027466,0.16850729286670685,0.28245586,0.9736062992322172,1.9408113956451416,0.08283257484436035,0.35834292,0.9852561542855165,1.984183430671692,0.1835162192583084,0.28742304,0.9709315507215316,1.9696662425994873,0.18660062551498413,0.28849694,0.97142713910832,1.8903841972351074,0.049330953508615494,0.40862814,0.9993801287218489,2.4188437461853027,0.14536455273628235,0.47676992,0.934530256756776,1.9821348190307617,0.12810774147510529,0.48269907,0.912131798037825,1.8082929849624634,0.16738727688789368,0.3118541,0.9118380454921216,1.8126827478408813,0.22397977113723755,0.47999728,0.8701341154757211,2.1847846508026123,0.5556345582008362,0.50141954,0.4382457162488713,2.004315137863159,0.2285369485616684,0.1706551,0.3222283901735443,2.17417049407959,0.1411506086587906,0.12823819,0.5844644527015285,3.1676394939422607
0,0.049575213342905045,0.26450673,0.735507798942375,3.02372670173645,0.018603939563035965,0.15376092,0.5500591671752968,2.2417478561401367,0.0006903964094817638,0.13876624,0.3168078698585936,1.177024006843567,0.11191107332706451,0.34522843,0.9672523327682302,1.8772186040878296,0.20281769335269928,0.25134164,0.9512192326131617,2.0262348651885986,0.11159203201532364,0.39026067,0.94850680291996,1.9080272912979126,0.229355126619339,0.29673168,0.9579266590172153,1.9642925262451172,0.12704962491989136,0.2579489,0.954634678759806,1.7753844261169434,0.2894669473171234,0.18959238,0.9635405724979903,1.5152708292007446,0.06707412004470825,0.4712872,0.98586457699428,1.926090955734253,0.1686950922012329,0.3130443,0.9758775436964002,1.765791416168213,0.07404663413763046,0.58722734,1.0044164374633018,2.2121150493621826,0.16847512125968933,0.26163754,0.9711926785697584,1.9596679210662842,0.08252521604299545,0.38225356,0.9849300193858113,2.427481174468994,0.1447298526763916,0.27484915,0.9711529840837781,2.4550113677978516,0.14607639610767365,0.32502183,0.9775983442301545,2.014176845550537,0.060263074934482574,0.40072367,1.0117710250888632,2.154754400253296,0.10753194242715836,0.47973776,0.9539116371050805,1.9107773303985596,0.10519713163375854,0.4426213,0.9444634254722887,1.886077880859375,0.149601012468338,0.336657,0.9625099098143313,1.8676387071609497,0.1844359189271927,0.4958796,0.9117546769001694,2.54420804977417,0.5466528534889221,0.5053801,0.4791275807986918,2.126671552658081,0.23751986026763916,0.19400367,0.39698123163232746,2.276561737060547,0.14392401278018951,0.17142561,0.660475008372281,3.339909791946411
0,0.03640646114945412,0.24195094,0.7371000602555937,2.6123383045196533,0.013376173563301563,0.1297028,0.5601928280057673,1.8626924753189087,0.0004978661891072989,0.1041148,0.31958260678822725,0.9375103712081909,0.11271020025014877,0.33050054,0.966147765308076,1.5291744470596313,0.20319029688835144,0.24297246,0.9522850619612319,1.7439967393875122,0.10389324277639389,0.3412742,0.9397266465763561,1.8701893091201782,0.2315344214439392,0.25048193,0.9644821727566287,1.8081471920013428,0.14388996362686157,0.24911621,0.9503137712951227,1.7500226497650146,0.2925049066543579,0.17457014,0.9710577112308901,1.6479878425598145,0.08702032268047333,0.4242577,0.9976532361175728,1.8546123504638672,0.19321653246879578,0.29338124,0.9851010457754464,1.8199362754821777,0.1036229357123375,0.48039645,1.0063433329030513,2.0851869583129883,0.2287779152393341,0.23225662,0.9753967705214577,1.8357019424438477,0.10158246755599976,0.33630675,0.9845037915491689,2.392634868621826,0.19926249980926514,0.2514572,0.9751362428161692,2.218822479248047,0.20697154104709625,0.2832902,0.9803623698826673,1.987349510192871,0.13324609398841858,0.38907862,0.9903931745471748,2.3027331829071045,0.2064111977815628,0.41153118,0.9252632469514999,2.2574148178100586,0.17081129550933838,0.45129082,0.9059273343759807,2.085810422897339,0.19816505908966064,0.28441456,0.9478997221195464,1.9718725681304932,0.2703554332256317,0.48051047,0.8908602564340747,2.4378602504730225,0.5691072344779968,0.51002306,0.48648583517488053,1.9562125205993652,0.22791311144828796,0.22253995,0.3950607191644527,2.1366851329803467,0.1526651680469513,0.20364083,0.6348824939370584,3.0800483226776123
0,0.04918693006038666,0.25244868,0.7317249976458654,2.841616153717041,0.017018623650074005,0.14908099,0.5364213042242965,1.9969528913497925,0.0002438664378132671,0.1314995,0.3155035889810667,1.2351534366607666,0.11975045502185822,0.36154157,0.9684885858422274,1.590711236000061,0.20267941057682037,0.27281383,0.9531520525212376,1.8563305139541626,0.10615814477205276,0.408766,0.9459604492433732,1.5968234539031982,0.24055300652980804,0.2951169,0.9638097802470839,1.763023853302002,0.12296300381422043,0.27361134,0.9542987465676708,1.9643714427947998,0.2846248149871826,0.1999308,0.9689583353798977,1.6186732053756714,0.08821124583482742,0.4495034,0.9942559644925499,1.9634970426559448,0.18252700567245483,0.29106352,0.9812679627774968,1.9865169525146484,0.09859341382980347,0.53988516,1.0173943570330153,2.2252414226531982,0.1948484182357788,0.24779873,0.9797846702350506,2.405524969100952,0.10167410224676132,0.34757754,0.9887458804014957,2.4391164779663086,0.18897183239459991,0.22832492,0.9756742982018148,2.2194695472717285,0.17988066375255585,0.29888135,0.988137330040002,2.0118227005004883,0.08629068732261658,0.39725894,1.0141661544467957,2.5005667209625244,0.14950211346149445,0.46113268,0.9456884903211862,1.9835129976272583,0.13145647943019867,0.46408257,0.9392304560706659,1.8324601650238037,0.17327411472797394,0.33484074,0.9647374862241359,1.7017052173614502,0.2450345903635025,0.47515473,0.9066304905039254,2.390342950820923,0.5971813201904297,0.445683,0.4785222440637816,1.9505417346954346,0.24720972776412964,0.20958099,0.39453729596492315,2.2392640113830566,0.15564079582691193,0.19297922,0.6789336134184119,3.3971874713897705
0,0.039343755692243576,0.26871505,0.7410750589702063,2.9973156452178955,0.017700793221592903,0.16491224,0.5515767705913148,2.1663577556610107,0.0005922600976191461,0.14600883,0.3238726696124662,1.1488430500030518,0.11834700405597687,0.35655764,0.9677019423416849,1.7109332084655762,0.18447338044643402,0.25837108,0.9506744532307961,1.9517678022384644,0.10391192883253098,0.37842834,0.9508107728647673,1.8920378684997559,0.25140634179115295,0.2934934,0.9577773410093214,1.7860323190689087,0.13256944715976715,0.25283745,0.9528323402130648,1.638635516166687,0.30337509512901306,0.1862903,0.9638180934304431,1.4658269882202148,0.06223347783088684,0.44349593,0.9891547451221029,2.101461172103882,0.1805732548236847,0.26921347,0.9757578636314606,1.851334810256958,0.08682762086391449,0.49509597,1.0067584436700876,1.9847753047943115,0.17028653621673584,0.22697341,0.9734174635893729,2.0010740756988525,0.1121743768453598,0.30324316,0.9887532822594185,2.3369290828704834,0.17511242628097534,0.22991237,0.9757566625923605,2.222512722015381,0.16122059524059296,0.2926474,0.9777960012001619,1.584816336631775,0.0662635788321495,0.41096738,1.00884479671484,2.3982181549072266,0.11881073564291,0.4539131,0.9482017286747894,1.791021466255188,0.13210567831993103,0.41691518,0.9373750743580795,1.865969181060791,0.1510792225599289,0.29454985,0.9519196179254292,1.7709779739379883,0.18561434745788574,0.43871814,0.8966935114109212,2.4980735778808594,0.5473562479019165,0.49452013,0.47688041717605145,2.0782010555267334,0.2330298125743866,0.18096535,0.3866253173785179,2.3145954608917236,0.13477785885334015,0.17204559,0.652340801047239,3.2301042079925537
0,0.05497290566563606,0.26162526,0.7369089509928374,3.0716824531555176,0.018628597259521484,0.14699757,0.5487444043723481,2.2174735069274902,0.00035233376547694206,0.15303485,0.32219655493356464,1.1820026636123657,0.09162532538175583,0.36308745,0.9666336617822993,2.4366371631622314,0.17469024658203125,0.26864046,0.9488635139597925,2.0633955001831055,0.10058370232582092,0.38036856,0.9438540478690697,1.8811646699905396,0.2192341685295105,0.3175217,0.9582029196116095,1.93974769115448,0.11045732349157333,0.2584971,0.9514306324576084,1.8292826414108276,0.29966574907302856,0.19037108,0.9629630584843051,1.5900349617004395,0.06390080600976944,0.46212384,0.985860104664417,2.1450726985931396,0.16267558932304382,0.29869813,0.9752585537214576,1.880866527557373,0.08051097393035889,0.523073,1.0056512820448833,2.2092161178588867,0.1894526332616806,0.25884897,0.9722365321282791,2.2385995388031006,0.09202004224061966,0.39098978,0.9880270954878807,1.975998044013977,0.14371073246002197,0.28793064,0.9756710394929032,2.6182518005371094,0.16224472224712372,0.32499257,0.9828377873273018,2.140315294265747,0.0928708016872406,0.3948402,1.0170772082133426,2.2339141368865967,0.1554396003484726,0.46958217,0.9573209153757762,2.4502947330474854,0.11684640496969223,0.48226053,0.9498632161481771,2.009509563446045,0.14181013405323029,0.32964998,0.9704911660155588,2.0628867149353027,0.18433444201946259,0.46210438,0.9171033219098816,2.7050390243530273,0.4899335503578186,0.49543488,0.49489729771849156,2.2865660190582275,0.22677040100097656,0.19160387,0.406437436932811,2.3394715785980225,0.1284569650888443,0.15339482,0.6812014811359054,3.3865737915039062
0,0.021328184753656387,0.2254432,0.7309224956819236,2.291370153427124,0.0071802749298512936,0.10791682,0.5370190374590386,1.5093165636062622,0.000268250034423545,0.08491185,0.3176679843927962,1.176448941230774,0.1405937522649765,0.30617967,0.9683369269445212,1.7601916790008545,0.20494087040424347,0.22044872,0.9549167067708588,1.6995441913604736,0.12575513124465942,0.33831128,0.9243189278438512,1.5887470245361328,0.2562725841999054,0.22355227,0.9673464964090425,1.4064503908157349,0.1459021121263504,0.22723316,0.936640554599613,1.5820863246917725,0.2967098355293274,0.16300863,0.9732515310602113,1.607664942741394,0.1410617083311081,0.39221734,1.0097106887549863,2.007131576538086,0.21500617265701294,0.26323912,0.9947127689689417,1.8014217615127563,0.18325018882751465,0.4172118,1.043454905927749,2.0777792930603027,0.23924009501934052,0.21052918,0.993329574227864,1.9643305540084839,0.1636594831943512,0.2633157,1.0020637250973519,2.418226718902588,0.2440430223941803,0.1941528,0.9864176647988355,2.079812526702881,0.24016284942626953,0.24346356,1.00120101336492,1.958287000656128,0.23790954053401947,0.38942844,1.0367819471406414,2.512637138366699,0.2612333595752716,0.41737798,0.9400060565364511,2.2830123901367188,0.255779504776001,0.40962455,0.9247774445947794,2.2409632205963135,0.27675488591194153,0.27848473,0.9586011811362998,1.9398844242095947,0.3520038425922394,0.41156232,0.8749839918494232,2.357339859008789,0.6137746572494507,0.45572332,0.4710779469311206,1.808058738708496,0.23986689746379852,0.28965878,0.3970441343635581,2.0918662548065186,0.16276143491268158,0.23911454,0.6530579793554497,3.251917600631714
0,0.04708842188119888,0.22515686,0.7245605634810779,3.1158878803253174,0.01431826688349247,0.17594716,0.5315025447577765,2.2843284606933594,0.0005953171057626605,0.14633347,0.31637098276783093,1.7067376375198364,0.1147930771112442,0.35240495,0.9655422753645712,1.993983507156372,0.2103600800037384,0.26573208,0.9484649527962948,2.165597915649414,0.12163982540369034,0.39923564,0.9500232242417685,1.8483237028121948,0.20391437411308289,0.3015682,0.9544608160431021,2.026240110397339,0.1351269781589508,0.27059686,0.9542146669024348,2.0790159702301025,0.30113568902015686,0.19317664,0.9574465466798203,1.5031332969665527,0.07450437545776367,0.47470477,0.9821987483043247,1.9196139574050903,0.16884632408618927,0.29572332,0.9710423507879371,1.4438356161117554,0.08914751559495926,0.5712345,0.9983251973329611,2.2410764694213867,0.1973971575498581,0.25577953,0.9664071454379417,2.245530843734741,0.08817676454782486,0.35838708,0.9805881002415648,2.3196914196014404,0.13443449139595032,0.24973808,0.9675213223220944,2.2190487384796143,0.13598227500915527,0.29974464,0.9767719092518057,2.2431771755218506,0.05480729416012764,0.39946708,1.009678894780173,2.0903372764587402,0.09109141677618027,0.4794828,0.9641188477939683,2.0590152740478516,0.09415652602910995,0.45451418,0.9589748027680374,2.017719268798828,0.12251020967960358,0.30574498,0.9725078922416115,1.9542819261550903,0.17261569201946259,0.5007768,0.9267256460095634,2.5515639781951904,0.533970057964325,0.48675779,0.4805417997931052,2.244502305984497,0.2278522551059723,0.19196047,0.39176048550974707,2.394869089126587,0.1365254819393158,0.15992676,0.6670442951372886,3.404691696166992
0,0.03164989501237869,0.24501611,0.7330012197826569,2.766988515853882,0.007769432850182056,0.12998223,0.5487459611876669,1.8906770944595337,0.00037714120117016137,0.11118614,0.31834952909157227,0.8815175890922546,0.11980823427438736,0.31697482,0.9681598199166768,1.525917887687683,0.21693970263004303,0.23674239,0.9521821496476616,1.5770235061645508,0.1039549931883812,0.37054205,0.940087929258985,1.6534785032272339,0.24581485986709595,0.24839456,0.9615831056581364,1.747653841972351,0.12907075881958008,0.24893792,0.9497644531569404,1.8763234615325928,0.27874502539634705,0.17447087,0.9658635551232929,1.3179950714111328,0.08745268732309341,0.39743343,0.988272210228149,2.003319501876831,0.18198548257350922,0.26540577,0.9800410114500911,1.7226077318191528,0.10879261046648026,0.43509367,1.0055740652287333,1.9286978244781494,0.2079058587551117,0.20709883,0.9759018724245127,2.1792736053466797,0.10832087695598602,0.29085168,0.9885738158537415,2.4092354774475098,0.17152506113052368,0.221419,0.9738566536689424,2.4462320804595947,0.19132710993289948,0.24764544,0.9795557282118247,1.9499517679214478,0.1198347806930542,0.39645076,1.0041239778405813,2.1527552604675293,0.13578251004219055,0.41354883,0.9457963162622939,2.21030330657959,0.1459181308746338,0.42209554,0.9323428848403602,2.0281269550323486,0.18671093881130219,0.29774156,0.968348059707029,1.8819626569747925,0.2514748275279999,0.4314761,0.905874884052684,2.65450119972229,0.5643401145935059,0.4929235,0.4822774766341994,2.038213014602661,0.2235933244228363,0.21999475,0.40619564403559466,2.238704204559326,0.1606903076171875,0.21234328,0.6693193506173674,3.2925219535827637
0,0.028663061559200287,0.23557752,0.7303152573159556,2.5031049251556396,0.007486877031624317,0.12807807,0.5331124894977654,1.593425989151001,7.173090853029862e-05,0.10391045,0.32104621588252724,1.1507455110549927,0.13583318889141083,0.31521147,0.9702317574634601,1.8565387725830078,0.21649780869483948,0.24078374,0.9585145356799476,1.7827075719833374,0.12571634352207184,0.35167298,0.9412130907465972,1.375805139541626,0.2538633644580841,0.25291976,0.9683770036079731,1.5110201835632324,0.12594729661941528,0.26469794,0.9470111695499108,1.6265895366668701,0.30575841665267944,0.16532898,0.9700838719603051,1.6086275577545166,0.11819186061620712,0.3959303,1.000557143091627,1.9116556644439697,0.18416786193847656,0.2823434,0.9853262813083097,1.8540716171264648,0.12685593962669373,0.45936093,1.0237181131183426,2.183037757873535,0.22065874934196472,0.2083159,0.9849653374608461,2.135491132736206,0.13053670525550842,0.29000017,0.9964899761938448,2.3018360137939453,0.23928606510162354,0.2192532,0.9811620167125437,1.960821270942688,0.2356436550617218,0.24070628,0.988403011774433,1.882633924484253,0.1699923276901245,0.38818407,1.0195074304699923,2.451517105102539,0.24228821694850922,0.39736205,0.9492772963664334,2.3263909816741943,0.1861923485994339,0.36269394,0.9318094253942004,2.1438517570495605,0.22187387943267822,0.28260458,0.960292893755359,1.86603844165802,0.31080910563468933,0.3844367,0.888384050344066,2.4147722721099854,0.5621557235717773,0.48380536,0.45013532755316676,1.9593682289123535,0.23309119045734406,0.2460033,0.3824150173277327,2.2237701416015625,0.15496762096881866,0.25557336,0.6408045866078002,3.2044143676757812
1,0.030206136405467987,0.22788097,0.7384386006900865,2.7944581508636475,0.017281411215662956,0.14444602,0.5574546282142798,2.0698869228363037,0.00025490159168839455,0.12413413,0.3192575703430316,0.8480222225189209,0.11541899293661118,0.34500623,0.967982816204017,1.5336112976074219,0.1861545443534851,0.25852817,0.9522959074375991,1.8809717893600464,0.11929433792829514,0.37496018,0.9479095857617291,1.80509352684021,0.2382269948720932,0.28334042,0.9630896508705579,1.7626831531524658,0.11633278429508209,0.26041898,0.9541092106583942,1.6264134645462036,0.2855859696865082,0.18627931,0.9698300570564536,1.4661755561828613,0.08166889101266861,0.45205006,0.9931244556354734,2.1372833251953125,0.17111071944236755,0.27146247,0.9809035757570199,1.880523920059204,0.1072424054145813,0.5121657,1.0050038533306083,2.16935396194458,0.18357029557228088,0.2305078,0.9760255502897454,2.240946054458618,0.10806415975093842,0.34467167,0.9857313022146502,2.280463218688965,0.2072874754667282,0.24340227,0.9761677109523896,2.397939682006836,0.191281259059906,0.25778627,0.9791364397294664,1.9572315216064453,0.08912574499845505,0.4106079,1.0087571998039873,2.2871651649475098,0.16840921342372894,0.45415613,0.9398542836643398,1.9735469818115234,0.15795356035232544,0.46425635,0.9244234350129861,2.14658522605896,0.18848426640033722,0.33032128,0.9526337552628472,1.8085318803787231,0.2678086459636688,0.4684432,0.8864691047727782,2.4494688510894775,0.5321710109710693,0.48940313,0.45911011506776317,2.030843496322632,0.20553316175937653,0.20056124,0.38486225170531607,2.208462715148926,0.13996799290180206,0.18760775,0.6631591995737922,3.307872772216797
0,0.03611009567975998,0.23199214,0.7453762957126939,2.369509696960449,0.015618564561009407,0.11660252,0.5468291871464651,1.542593002319336,0.0002328278060304001,0.091220185,0.31832319608110377,1.388929009437561,0.15387557446956635,0.2996367,0.9696405148954578,1.643473744392395,0.23143018782138824,0.2170643,0.954704534900036,1.8385298252105713,0.14391577243804932,0.32542542,0.9288272399861591,1.4937463998794556,0.29152625799179077,0.23330474,0.9672147815425716,1.3176004886627197,0.1783844232559204,0.23348004,0.9365493159674164,1.4835149049758911,0.3370699882507324,0.16483359,0.9735259546773519,1.6040483713150024,0.13727304339408875,0.37031952,1.0195226758375655,2.1170928478240967,0.2235226035118103,0.2503313,1.0015976444520598,1.7689812183380127,0.1569666713476181,0.3983105,1.0512009605147117,2.0679469108581543,0.24120639264583588,0.19688253,0.9940746843034824,2.1526758670806885,0.15119339525699615,0.22802597,1.0051186305023645,2.3917250633239746,0.2703130841255188,0.18922514,0.9856644323303739,1.8537676334381104,0.2606052756309509,0.2117551,0.9925153775419426,2.0326309204101562,0.23036392033100128,0.3781019,1.040438747829183,2.4305267333984375,0.2648731470108032,0.4312126,0.9392137446870384,2.2953834533691406,0.2730949819087982,0.41095084,0.9238831722327824,2.0674800872802734,0.2773360013961792,0.28941786,0.9578296224622368,1.964487910270691,0.369028776884079,0.39472416,0.8547342823974788,2.2881524562835693,0.6253411173820496,0.45720652,0.4628190623608513,1.7633616924285889,0.23881091177463531,0.23775221,0.3814318548257643,2.113426685333252,0.13184936344623566,0.20259616,0.6352477960755927,3.1220359802246094
0,0.0491001270711422,0.23948477,0.7338914609334587,3.249450206756592,0.021865082904696465,0.19568036,0.5447601331868464,2.451068639755249,0.000661062600556761,0.15006183,0.31576016242253013,1.8088555335998535,0.10943000018596649,0.37957603,0.9633588712394519,1.9185810089111328,0.21441535651683807,0.3088187,0.9451358899635559,1.9642596244812012,0.10004979372024536,0.42819583,0.9498312505987996,1.8731672763824463,0.17787480354309082,0.36481753,0.9523928098002019,2.1252779960632324,0.10662023723125458,0.29800427,0.954190339486912,2.073655128479004,0.26722991466522217,0.22027019,0.9565575609668427,1.4578919410705566,0.06009794771671295,0.5187115,0.979839987648874,1.9731014966964722,0.16859260201454163,0.33322373,0.9673120929344851,1.5486643314361572,0.0689072236418724,0.5328846,0.991941958717732,2.3881282806396484,0.17490367591381073,0.29571527,0.9642373870047097,2.1035428047180176,0.07844087481498718,0.43325925,0.9802095883508598,2.5294816493988037,0.1350100189447403,0.30401832,0.9650425915039236,2.0894017219543457,0.139644593000412,0.34999537,0.9728498694984122,2.2162888050079346,0.048411741852760315,0.39544052,1.003863874561182,1.9847846031188965,0.08106205612421036,0.48016232,0.9607699192168896,2.137279748916626,0.08051659911870956,0.5109893,0.9516528191940118,1.8967177867889404,0.12498421221971512,0.33777902,0.9689107542580822,1.787830114364624,0.14153175055980682,0.52496463,0.926788624230445,2.3731002807617188,0.5187463164329529,0.48726013,0.48759497395431384,2.2869069576263428,0.2405785769224167,0.18116787,0.3893220906784319,2.452651023864746,0.13983453810214996,0.14826398,0.6839158628898958,3.4953646659851074
0,0.03508547693490982,0.2103247,0.7339193957028104,2.428903341293335,0.011317076161503792,0.12316642,0.542570231984304,1.7173466682434082,0.00024003253201954067,0.09901956,0.31981104995165405,1.2959600687026978,0.12428836524486542,0.2936658,0.9687046279391618,1.642227053642273,0.241474911570549,0.2360343,0.9547176061064864,1.6076334714889526,0.12239402532577515,0.35297984,0.9326519837396576,1.6032814979553223,0.28298085927963257,0.24511264,0.9678259139842824,1.5333374738693237,0.16275136172771454,0.22593862,0.9451511202422316,1.6356980800628662,0.30955028533935547,0.16694364,0.9729375845079564,1.6175390481948853,0.11262156069278717,0.3874483,1.009752627116439,2.0269477367401123,0.21295492351055145,0.2531387,0.993218267781928,1.7660855054855347,0.14759241044521332,0.40543014,1.032227739730505,1.9254424571990967,0.21266628801822662,0.20762125,0.9887117631832376,2.081731081008911,0.1495557427406311,0.27289626,0.9998516411792643,2.161158323287964,0.23959721624851227,0.19085991,0.9835950244651629,2.0236473083496094,0.2467067986726761,0.22889957,0.9884115179567887,2.0474534034729004,0.19376282393932343,0.36521956,1.0234817359132289,2.384779691696167,0.21789585053920746,0.3971026,0.9325063070943027,2.3989248275756836,0.2214619666337967,0.404091,0.9115346911797958,2.126178503036499,0.23502592742443085,0.2653279,0.9515366706950782,1.7776315212249756,0.3241995573043823,0.40316844,0.8550693787775647,2.3658103942871094,0.593926191329956,0.43997365,0.45509516588930377,1.9124418497085571,0.2422061562538147,0.23822461,0.3750666689290178,2.0428268909454346,0.14355233311653137,0.2398294,0.6326212513121051,3.131951093673706
0,0.056950945407152176,0.25815126,0.7291828623144141,2.9563047885894775,0.012900725938379765,0.15688883,0.5335741578451788,2.1726841926574707,0.0002870151656679809,0.14056474,0.31465727238128455,1.3118507862091064,0.10693271458148956,0.35885876,0.9667779917220853,1.898010492324829,0.19646300375461578,0.29269898,0.9506178421672263,2.07989239692688,0.11602280288934708,0.41253185,0.9492342788190155,1.6638482809066772,0.21217761933803558,0.34585264,0.9604849158020354,1.9564180374145508,0.12991367280483246,0.2743985,0.955459900909461,1.9902249574661255,0.27204620838165283,0.2067336,0.9621545642686259,1.5921601057052612,0.06423716247081757,0.45042807,0.9863661063028003,1.532726764678955,0.16392141580581665,0.32166272,0.9764672502325066,1.8057610988616943,0.08917329460382462,0.532571,1.006211249444121,1.8383675813674927,0.2242584377527237,0.2617168,0.9731906024271061,2.47821307182312,0.08888864517211914,0.37398356,0.9860713824323865,2.182786703109741,0.15225471556186676,0.28373262,0.9721245215758976,2.2586026191711426,0.16698402166366577,0.30100986,0.9800823932173153,1.9740794897079468,0.08271554112434387,0.3959353,1.0106455379260235,2.4624431133270264,0.12011514604091644,0.47523457,0.961059582716618,1.9739582538604736,0.10879194736480713,0.46251774,0.9557366620510018,1.842213749885559,0.14451541006565094,0.34916392,0.9813198512331387,1.9426835775375366,0.1952950358390808,0.51026607,0.9296520188386845,2.5946409702301025,0.5511285066604614,0.46043763,0.49055370246949737,2.1275575160980225,0.23667627573013306,0.19555308,0.41193367071498443,2.3569445610046387,0.15762898325920105,0.17490159,0.692815515204389,3.5146615505218506
0,0.04181171953678131,0.24181032,0.7317650143034754,3.107745885848999,0.013778196647763252,0.18257138,0.5358044750175014,2.259997606277466,0.0006530503160320222,0.14962214,0.3141138793577906,1.6862437725067139,0.11023437976837158,0.36540166,0.964453099997014,1.7516233921051025,0.17606496810913086,0.27553925,0.9486552752992812,1.8109180927276611,0.09940589219331741,0.40425494,0.9482833420517607,1.8329083919525146,0.19147726893424988,0.33408847,0.9585083434808596,2.011354684829712,0.09509927779436111,0.26002368,0.9555576102090241,1.8900243043899536,0.2806483805179596,0.19803335,0.960096053215293,1.5184706449508667,0.05809200182557106,0.4869779,0.9817429473329913,1.931158185005188,0.14972148835659027,0.3210299,0.9702048267124922,1.845815658569336,0.07248891890048981,0.5444728,0.9950525400722903,2.0971477031707764,0.19854220747947693,0.28386468,0.9671631806198524,2.3558132648468018,0.0827857032418251,0.3942218,0.9785433128500977,2.1074001789093018,0.14937123656272888,0.29308283,0.9674195194531479,2.338563919067383,0.14558830857276917,0.35483417,0.9748529663190288,2.328784942626953,0.055472806096076965,0.39792204,1.0037805171466934,2.0401673316955566,0.11082131415605545,0.4575556,0.9586977243040438,2.3170158863067627,0.09773384779691696,0.5161273,0.9504643651389132,1.9187551736831665,0.12484963983297348,0.37750158,0.9703435132142672,1.679278016090393,0.14952033758163452,0.50743306,0.9257434191943036,2.483288526535034,0.5196539759635925,0.4712003,0.5070356770826326,2.258594274520874,0.23172330856323242,0.16272742,0.42458796879136373,2.47906231880188,0.13968613743782043,0.1549757,0.6969567516292487,3.5106921195983887
0,0.038922667503356934,0.23254015,0.7355764577118519,3.097069263458252,0.017077850177884102,0.1668216,0.5389799134573172,2.257404088973999,0.0009010041831061244,0.14363049,0.3132538002169264,1.1770315170288086,0.10247685760259628,0.36196378,0.9654098268864977,2.021237373352051,0.18648867309093475,0.27820906,0.9474908903443509,2.1966021060943604,0.11270958930253983,0.39383587,0.9480853266641937,1.9616618156433105,0.20126765966415405,0.32100973,0.9550293251345254,2.1282572746276855,0.13252094388008118,0.27424306,0.952554708473914,1.7263875007629395,0.28119346499443054,0.19539429,0.9588520011715681,1.610649585723877,0.058402691036462784,0.4832329,0.98203401680367,2.340555429458618,0.15156260132789612,0.3093131,0.9711590441956283,1.7949625253677368,0.10721790045499802,0.54560906,0.9982440477307502,2.292067766189575,0.17584408819675446,0.2717489,0.9680640044847887,2.3931756019592285,0.07400862127542496,0.40121686,0.9817270583709276,2.586758852005005,0.13019134104251862,0.29617482,0.9667996974096763,2.4565324783325195,0.15374460816383362,0.31735286,0.9735177964844242,2.039787769317627,0.05517963320016861,0.4057227,0.9983055370185129,2.321444511413574,0.08591043204069138,0.47676435,0.9524187488763615,2.0333852767944336,0.09369344264268875,0.50243574,0.9458845415141071,1.7532556056976318,0.12734708189964294,0.35235056,0.9697045585188961,2.0288259983062744,0.147689089179039,0.5096367,0.9229620197160475,2.718125820159912,0.5069655776023865,0.47056127,0.48839968204932654,2.2789738178253174,0.2076801359653473,0.18554164,0.4028477081908825,2.359748125076294,0.12437953799962997,0.15360999,0.6872870807772715,3.4589362144470215
0,0.052696045488119125,0.23465957,0.7357874230963019,3.0812089443206787,0.018686063587665558,0.15279716,0.5435628449859697,2.2545385360717773,0.000676845433190465,0.15749857,0.3163930529695048,1.342842698097229,0.10590863227844238,0.35401928,0.9655259186940243,1.7572410106658936,0.19534729421138763,0.26597244,0.9477018234075641,1.6389648914337158,0.10474339872598648,0.39976728,0.9502218627226221,1.857332468032837,0.21751940250396729,0.31851578,0.9547325438884149,1.8831068277359009,0.1341833621263504,0.2662262,0.9529659390379083,1.6543574333190918,0.2945720851421356,0.1817096,0.9580938969019689,1.5124722719192505,0.05903240665793419,0.47664037,0.9832853365377838,2.2193033695220947,0.17631730437278748,0.29203412,0.9708465345783303,1.5052597522735596,0.06654566526412964,0.52434474,0.9976169153960388,2.178088426589966,0.18993881344795227,0.2592547,0.9698119313694513,2.022432327270508,0.08572641015052795,0.40613484,0.9867574155177818,2.047255754470825,0.15912865102291107,0.26869574,0.9668828970490349,2.3485910892486572,0.1743759661912918,0.30730447,0.9746773653465016,2.1085283756256104,0.04923668131232262,0.4034366,1.010075328768654,2.0824873447418213,0.14063549041748047,0.4612288,0.9627061969215853,1.9516152143478394,0.1043473407626152,0.44313818,0.9538073035066578,1.9523167610168457,0.13477642834186554,0.3443613,0.9722713119364853,1.9412809610366821,0.15922288596630096,0.5004692,0.9241654327562793,2.6119742393493652,0.5219444036483765,0.49612448,0.4808311717776914,2.2017955780029297,0.2248668670654297,0.1688445,0.40173568074191035,2.462026834487915,0.1359032690525055,0.14221846,0.6700567339639018,3.421560764312744
0,0.03201758861541748,0.2383291,0.7465359036946432,2.885570526123047,0.014482200145721436,0.12879136,0.5627907956870355,1.9407533407211304,0.00031735547236166894,0.11958739,0.3249440561246441,1.0190610885620117,0.11532516777515411,0.32518178,0.9676172667208522,1.7211159467697144,0.19198019802570343,0.247638,0.953041329696812,1.7386205196380615,0.10467331856489182,0.36293256,0.9427064569017783,1.626939296722412,0.2532520592212677,0.268303,0.9630153294823548,1.8016213178634644,0.14393384754657745,0.25651145,0.9515211144420499,1.4365170001983643,0.294413298368454,0.18009949,0.9708716559113324,1.4957789182662964,0.08198016881942749,0.44578072,0.9975334344079653,1.9601590633392334,0.17945998907089233,0.29330286,0.9829518066408747,1.7102408409118652,0.1012766882777214,0.55325985,1.0110263778093334,2.0017895698547363,0.21206650137901306,0.23821196,0.9770396365410822,2.0994009971618652,0.11976504325866699,0.3690842,0.9893163250287197,2.2268826961517334,0.2187311351299286,0.25905162,0.9769166323733562,2.1364450454711914,0.2150724083185196,0.30693737,0.9831621238082096,2.0294320583343506,0.10571569204330444,0.3982886,1.0147250802736467,2.6097331047058105,0.19616161286830902,0.45066792,0.9341737252513519,2.128173828125,0.17122596502304077,0.45594636,0.9129112128045993,2.079049587249756,0.19768249988555908,0.31156632,0.9458595784499283,2.0252091884613037,0.27306365966796875,0.49815035,0.8868730713103387,2.4462428092956543,0.5664958953857422,0.49191946,0.4842203100096531,2.001504421234131,0.23607724905014038,0.20215967,0.3932853851744075,2.2326531410217285,0.1400185525417328,0.2029353,0.6338297344812214,3.1553564071655273
0,0.0462820902466774,0.23533548,0.7420425278849963,3.2057247161865234,0.02586541324853897,0.16084126,0.5615551674004942,2.412856101989746,0.00059788633370772,0.14582907,0.31854363592597473,1.4061845541000366,0.10747885704040527,0.35619053,0.9658033340440905,1.7360765933990479,0.18608739972114563,0.26100147,0.9484284742923857,1.9209431409835815,0.09968775510787964,0.4078622,0.9479134533771189,1.7662639617919922,0.2242906093597412,0.33047888,0.9546038723949944,1.9234211444854736,0.11252574622631073,0.27624354,0.9535103257319929,1.865056037902832,0.2749379277229309,0.19528827,0.9601015791766133,1.5106101036071777,0.05592574551701546,0.49415007,0.9843734273127532,2.050957202911377,0.1697712540626526,0.29949084,0.9718933017976275,1.5329663753509521,0.06459984183311462,0.58995867,0.997181727228754,2.3846824169158936,0.17274323105812073,0.26280493,0.9683593127808888,1.9638807773590088,0.06461700052022934,0.40754354,0.9823176046300005,2.359034776687622,0.1330665796995163,0.2430418,0.9690006600939707,2.1667709350585938,0.15681028366088867,0.33879095,0.9774049876049273,2.0179877281188965,0.03888380900025368,0.40883154,1.0039381927399398,1.7026711702346802,0.09403333812952042,0.47034693,0.9506738563715552,1.9829351902008057,0.10129521787166595,0.46053243,0.9425611232676496,1.9382286071777344,0.13421601057052612,0.3634337,0.9618747727883342,1.9075193405151367,0.15576153993606567,0.49768275,0.9137279896776128,2.587597370147705,0.5315609574317932,0.49146748,0.5010870341187917,2.190772294998169,0.2622936964035034,0.18100294,0.4009282492828633,2.4062159061431885,0.15923550724983215,0.14777337,0.6700632133294583,3.373088836669922
0,0.026324477046728134,0.2553154,0.7339795922663792,2.6155731678009033,0.0109108230099082,0.14704873,0.5473149481816693,1.9057129621505737,0.0002113388618454337,0.10754904,0.3174400517131725,1.119766354560852,0.1183425560593605,0.32786733,0.9667800744924434,1.7574868202209473,0.19780778884887695,0.24366832,0.9555491542186688,1.6996493339538574,0.13216450810432434,0.35295144,0.9442099892755719,1.6140035390853882,0.26286888122558594,0.2630672,0.9650996188515113,1.7348072528839111,0.12925949692726135,0.24959321,0.9523351518768733,1.7160531282424927,0.29703763127326965,0.18046474,0.9700525071066605,1.4099663496017456,0.09371916204690933,0.42010298,0.9976428350169375,1.888786792755127,0.18143153190612793,0.29209277,0.9830061660072922,1.5098705291748047,0.11642575263977051,0.5007981,1.0076544168879238,2.080644369125366,0.20297682285308838,0.22648405,0.9757014521551446,2.1617980003356934,0.11272036284208298,0.32278392,0.9839241151473727,2.3552908897399902,0.1948387622833252,0.26448333,0.9742103886394449,2.371948003768921,0.20104137063026428,0.29635644,0.9795236691305788,1.8533551692962646,0.1644018590450287,0.40230832,0.9991499670532201,2.3268632888793945,0.21365955471992493,0.4066585,0.9415446891060409,2.3292415142059326,0.16380980610847473,0.44783068,0.9248573221921969,2.194300651550293,0.19539391994476318,0.3038499,0.9546152132478527,1.8743748664855957,0.2756042182445526,0.4789666,0.8971194829658017,2.438523292541504,0.5754113793373108,0.51921636,0.475469293731314,1.974120020866394,0.21168078482151031,0.22446087,0.3869642015823866,2.1997241973876953,0.14376944303512573,0.20309079,0.6425800425104181,3.1189324855804443
0,0.04636537283658981,0.26132035,0.7368567792933703,3.0633394718170166,0.023509249091148376,0.15769987,0.5533056130391663,2.2627744674682617,0.00034675555070862174,0.14693215,0.3188000925072145,1.3062037229537964,0.10564492642879486,0.35543928,0.9669178246607112,1.6186957359313965,0.1837015300989151,0.27284598,0.9504679508551276,1.7569328546524048,0.11242333054542542,0.38055494,0.9500901472777029,1.8909574747085571,0.230642631649971,0.3228231,0.9585977597185981,1.8488991260528564,0.11454560607671738,0.27285242,0.9566028551426965,1.7653063535690308,0.3003024756908417,0.19492796,0.9631488102432081,1.6331524848937988,0.06501349806785583,0.4780741,0.9856542412375077,1.9341951608657837,0.1673770248889923,0.31105962,0.9748654637592953,1.8968080282211304,0.07309146970510483,0.5345186,0.9998550387839558,1.9056750535964966,0.168911874294281,0.26215884,0.9718451100211999,2.0366714000701904,0.08136462420225143,0.38942465,0.9823879879350385,2.3908658027648926,0.13730674982070923,0.26456872,0.971698122003859,2.4256701469421387,0.16013598442077637,0.3035009,0.9767378531384909,2.2694759368896484,0.051478832960128784,0.39776054,1.0069574720361905,2.237497568130493,0.1071125790476799,0.4789386,0.9541592605651295,2.05238676071167,0.11193867027759552,0.4987671,0.9478296845530516,1.9879059791564941,0.14630703628063202,0.35749015,0.9691564523742672,1.9382596015930176,0.18984800577163696,0.49550378,0.9112476639577946,2.593905448913574,0.5418455004692078,0.4748205,0.489206731894656,2.167832374572754,0.2215893417596817,0.17833255,0.3909647588102974,2.3124194145202637,0.15012699365615845,0.15162247,0.6724371437312715,3.4131855964660645
0,0.03887149319052696,0.27107415,0.7359086432809249,2.9546985626220703,0.014977715909481049,0.16306208,0.5418193858980436,2.167815685272217,0.0003403067239560187,0.14527766,0.32407704607038745,1.0902663469314575,0.11418991535902023,0.36187226,0.9668068764011682,1.5958971977233887,0.2102086842060089,0.2632792,0.950960719843592,1.7021774053573608,0.08674769103527069,0.39743304,0.950155129551807,1.96541428565979,0.20941077172756195,0.3180925,0.9616555187549333,2.0066609382629395,0.1172085776925087,0.27880087,0.9554637579674987,1.919812798500061,0.27771106362342834,0.20139916,0.9644008162019909,1.5584626197814941,0.0706593245267868,0.44041416,0.9872494275630891,2.048745632171631,0.18483534455299377,0.30667257,0.975822781493639,1.8770294189453125,0.09825234860181808,0.5498337,1.0077361611124458,1.9797836542129517,0.17507335543632507,0.25676188,0.9743566644992916,2.459829807281494,0.09686867147684097,0.35371464,0.9863453670331058,2.2136223316192627,0.15505334734916687,0.27444062,0.9728452773896131,2.435128927230835,0.17231632769107819,0.35015213,0.9812075892303229,2.094337224960327,0.06501524150371552,0.3878391,1.0105136900815328,2.240598440170288,0.12034925073385239,0.48490676,0.9581093824237349,1.8396693468093872,0.13379454612731934,0.48437792,0.9458373577146649,1.9028959274291992,0.15291638672351837,0.35901982,0.9732334078169342,1.8773643970489502,0.2227201610803604,0.48484343,0.9170082780435908,2.4157567024230957,0.550663411617279,0.45609573,0.4897310686610289,2.1317574977874756,0.2472350299358368,0.18335012,0.41584663204148764,2.402026891708374,0.14709722995758057,0.18084852,0.6886587735003032,3.45876407623291
0,0.04931947588920593,0.24326581,0.7473706215152768,3.2697877883911133,0.016641918569803238,0.17881764,0.5548975066025097,2.47682785987854,0.0005209968076087534,0.14203347,0.3135061809919649,1.5262033939361572,0.11296523362398148,0.36694092,0.9643765802394384,1.9545179605484009,0.18854115903377533,0.29299426,0.9470578511528238,1.9478107690811157,0.10794742405414581,0.40764382,0.9485378200268727,1.589655876159668,0.18239529430866241,0.3540731,0.9543453517827272,1.9743294715881348,0.1173115000128746,0.28070146,0.954605296135072,1.6580336093902588,0.26667916774749756,0.21549174,0.9602344061267718,1.3481225967407227,0.0534706674516201,0.5023521,0.981059217917017,1.9689514636993408,0.1522027850151062,0.31129557,0.9710996378736035,1.7883687019348145,0.0643085166811943,0.569663,0.9935288718793964,2.326282501220703,0.14305713772773743,0.27098775,0.9681235270210277,2.239421844482422,0.08317221701145172,0.42088833,0.9817348276383713,2.5532217025756836,0.15254785120487213,0.3004995,0.9678887742006149,2.092756986618042,0.14209063351154327,0.33763275,0.9745365857150126,2.1633293628692627,0.05195704475045204,0.4061406,1.0078194338025523,1.7081586122512817,0.09843241423368454,0.48554075,0.9576101875846218,1.906574010848999,0.0882355123758316,0.5026069,0.9506526312045107,1.9258356094360352,0.13591034710407257,0.37104604,0.9677613229331172,2.071733236312866,0.1413731873035431,0.52860284,0.9257155994826283,2.386965274810791,0.5072713494300842,0.4807684,0.4789901508301144,2.2174501419067383,0.23134873807430267,0.17146438,0.3888630518390912,2.3387837409973145,0.1493501216173172,0.1368841,0.6841657168288645,3.4522292613983154
0,0.031241299584507942,0.2640756,0.7334290149205803,2.613424777984619,0.0109098507091403,0.15460865,0.5405008895655357,1.711735486984253,0.00014178112905938178,0.10944569,0.31815748505301233,1.0004407167434692,0.13147132098674774,0.31997338,0.9710191052546575,1.5794036388397217,0.19025009870529175,0.24712561,0.9584206334994086,2.0149953365325928,0.10911405086517334,0.36286592,0.9426631101134817,1.6405481100082397,0.2605530321598053,0.2689752,0.9668219194686982,1.4955220222473145,0.10967279970645905,0.25494522,0.9479311882524522,1.648684024810791,0.30419543385505676,0.18416098,0.9702455162504147,1.5173547267913818,0.10366220772266388,0.4008773,0.998158314261694,1.8736703395843506,0.18649613857269287,0.2871239,0.9860231686105652,1.8231815099716187,0.12422622740268707,0.46856397,1.0245552380699705,2.1218953132629395,0.22939471900463104,0.22797889,0.9851174062790837,2.141788959503174,0.12308921664953232,0.2976721,0.9962886710713789,2.2374887466430664,0.20513027906417847,0.23292877,0.9825117537919572,2.158776044845581,0.21156013011932373,0.2523066,0.99074473678554,2.0023880004882812,0.11571789532899857,0.39475253,1.031583178369339,2.029697895050049,0.25557106733322144,0.43078688,0.9595109745896618,2.221022129058838,0.16993002593517303,0.40615338,0.9414338555898327,2.112816572189331,0.20283332467079163,0.2910547,0.9711534876089761,1.8154618740081787,0.2885464131832123,0.4118323,0.8976830895593433,2.420438528060913,0.5667029619216919,0.4792208,0.46404832292131487,2.0072953701019287,0.2507277727127075,0.22667743,0.3938678381931221,2.225508451461792,0.1484193652868271,0.23648714,0.6604735630067226,3.289202928543091
1,0.059117645025253296,0.24790509,0.7490966011270372,3.512706756591797,0.038601186126470566,0.19217806,0.5784097874366432,2.8024539947509766,0.0006600705091841519,0.14983714,0.3104604480025946,1.6193617582321167,0.09738905727863312,0.4146698,0.9595623998070069,2.102987766265869,0.16987843811511993,0.36031863,0.9405742659083265,1.9848023653030396,0.09785176068544388,0.45877752,0.948676856214051,1.7674596309661865,0.18259075284004211,0.35474703,0.9418817518556045,1.9136714935302734,0.08486329019069672,0.3604982,0.9508641472302691,1.965752363204956,0.22199800610542297,0.24975891,0.9496542167721731,1.5976781845092773,0.04697748273611069,0.5338156,0.9711221990914128,1.981305718421936,0.11803209036588669,0.39676747,0.9608443632671474,2.020502805709839,0.059634167701005936,0.6398535,0.9789281864521762,2.27286958694458,0.1130792573094368,0.31953132,0.95748126763517,2.0724480152130127,0.09393402934074402,0.4491544,0.9703424106915599,2.0022027492523193,0.11891287565231323,0.33386916,0.9607733180009048,2.3333728313446045,0.12250253558158875,0.37378797,0.9613720621986933,2.618992567062378,0.027590831741690636,0.40162027,0.992912770369624,1.9291961193084717,0.07766012102365494,0.5349296,0.9523680663722603,1.8832345008850098,0.0716811791062355,0.45011696,0.9416202134020918,2.1420886516571045,0.1435784548521042,0.33871052,0.950135904225771,1.966687560081482,0.09462600201368332,0.53403604,0.9220219244480579,2.293668508529663,0.4904591739177704,0.5089345,0.5022491719836121,2.3627326488494873,0.2386082112789154,0.16054474,0.39481035864558583,2.4999961853027344,0.16264961659908295,0.12415469,0.6745818332515693,3.4732625484466553
0,0.031055990606546402,0.27185076,0.7294288101479176,2.8341217041015625,0.012483811937272549,0.15683104,0.5339418838265272,2.027723550796509,0.00030317771597765386,0.14353442,0.3201262583315187,1.2860103845596313,0.13190706074237823,0.35806158,0.9679737676056622,1.5268666744232178,0.19013682007789612,0.29451177,0.9520654708593979,1.8222784996032715,0.10364944487810135,0.4158614,0.9471524869226461,1.7953803539276123,0.22047795355319977,0.33633777,0.9613938775797969,1.8414971828460693,0.1384398490190506,0.26003793,0.9546827182658443,1.7606205940246582,0.2803880572319031,0.1953134,0.9664183827505055,1.5026569366455078,0.08097697794437408,0.4750848,0.9927335727678107,2.0106565952301025,0.20107996463775635,0.30531138,0.978260867870059,1.699408769607544,0.09998657554388046,0.52024513,1.0101779580474588,2.211874008178711,0.2052537202835083,0.24868295,0.97911504904263,2.212007999420166,0.0858713760972023,0.38482973,0.9881514222071909,2.5182831287384033,0.17927776277065277,0.2517269,0.9716354087824005,1.881227970123291,0.18109728395938873,0.29033267,0.9806771158179708,2.050600528717041,0.09045688062906265,0.39522302,1.0037754380108752,2.1492836475372314,0.1445547640323639,0.47200364,0.9516640965466459,1.7486355304718018,0.12091632187366486,0.44683525,0.9456961848716445,1.9987194538116455,0.16580428183078766,0.3279083,0.9663984204510928,1.803114652633667,0.2266700714826584,0.49707505,0.9088908570977388,2.252046585083008,0.5907397270202637,0.45144612,0.47364628820960697,1.9714381694793701,0.23808544874191284,0.17536686,0.3956192384663517,2.249634027481079,0.1408863365650177,0.15781868,0.6682788421113544,3.420997381210327
0,0.03826947137713432,0.26822823,0.732485698054213,2.5274569988250732,0.008908717893064022,0.13216853,0.5385767704571711,1.6956268548965454,0.0001571524771861732,0.116539665,0.3199204917196174,1.3349978923797607,0.13358378410339355,0.32823887,0.9693037931381426,1.6688284873962402,0.19135868549346924,0.26611048,0.9563652635865496,1.8966163396835327,0.11714087426662445,0.39698285,0.9426685457611679,1.6430634260177612,0.23519521951675415,0.30040005,0.9686755927397795,1.7448437213897705,0.15680193901062012,0.22761215,0.9528227643140639,1.6029300689697266,0.30112016201019287,0.1842718,0.9739886613421421,1.6255451440811157,0.09560982137918472,0.43300727,1.0043927126823589,1.9550409317016602,0.19924601912498474,0.2848746,0.9900679887903476,1.9518989324569702,0.13631749153137207,0.45952976,1.0295534668458755,2.266662120819092,0.23181146383285522,0.2430032,0.9895241497406493,2.167757034301758,0.1152576431632042,0.32698473,0.9995101326589385,2.101200819015503,0.22156940400600433,0.20815322,0.9831556150491022,2.227365732192993,0.2251203954219818,0.2726009,0.9955217753540054,1.9812123775482178,0.15126626193523407,0.38814116,1.03656071123371,1.9019986391067505,0.19229735434055328,0.45708096,0.9568389996765277,2.1186208724975586,0.1831721067428589,0.39971682,0.9479268715117809,2.2371339797973633,0.21603165566921234,0.31556043,0.9795636066776549,1.8242404460906982,0.30496513843536377,0.45341325,0.8973281202496431,2.3457188606262207,0.6262639164924622,0.438064,0.4634176419976356,1.845137357711792,0.23402643203735352,0.21595815,0.37944572733774456,2.0379550457000732,0.166054829955101,0.19198373,0.6703347727280491,3.2902727127075195
0,0.05262558162212372,0.28878298,0.7270811969353923,2.830232620239258,0.01745057851076126,0.18031491,0.5301073252233274,1.9679834842681885,0.0003535345895215869,0.13859864,0.31787332357530634,0.9507991075515747,0.11432482302188873,0.37838593,0.969208988359011,1.8834894895553589,0.19766530394554138,0.31928706,0.9540354537521998,1.9413893222808838,0.11094033718109131,0.44054487,0.9485278261239696,1.7082841396331787,0.22880786657333374,0.33546114,0.9638667550238122,1.8591804504394531,0.13888593018054962,0.24901894,0.9557630587158426,1.8354278802871704,0.2749990224838257,0.19548456,0.9678508837326218,1.663493037223816,0.07868358492851257,0.48345843,0.9941276042072944,2.200653553009033,0.18400587141513824,0.29125133,0.9800530850154701,1.9441094398498535,0.1013631820678711,0.53759116,1.0153946988693172,2.257852554321289,0.15516099333763123,0.3009988,0.9809588976525678,2.4252896308898926,0.09446944296360016,0.36668324,0.9922540688409506,2.3490548133850098,0.1900550276041031,0.25079805,0.9763384411206445,2.2357938289642334,0.20111195743083954,0.30943537,0.9883378996223355,1.8155418634414673,0.11582900583744049,0.38696417,1.012213303141996,2.393272638320923,0.1487322896718979,0.47137877,0.9561660455362848,1.9070641994476318,0.1295062005519867,0.48862737,0.9536912305467892,1.877621054649353,0.16127198934555054,0.3572415,0.976621990359361,1.641702651977539,0.22211885452270508,0.4898347,0.9194982215804284,2.378262758255005,0.6053111553192139,0.45322838,0.4718762001110906,2.0075201988220215,0.2600588798522949,0.18713862,0.39055129953681955,2.1810402870178223,0.1662856936454773,0.17892757,0.6796521122457871,3.3893606662750244
0,0.048755571246147156,0.25118518,0.7360031061994564,2.9291040897369385,0.014176744967699051,0.15286724,0.5356559866748435,1.975316047668457,0.0002221814211225137,0.12644985,0.3114479382759831,0.9895268082618713,0.11278418451547623,0.328962,0.969261620373688,1.6629953384399414,0.18358871340751648,0.27663448,0.9550821569366638,2.0085978507995605,0.09712400287389755,0.3941547,0.9477401450810518,1.7261687517166138,0.24460792541503906,0.29794168,0.9638967317331167,1.7237179279327393,0.12637600302696228,0.28103417,0.953142505763068,1.4969749450683594,0.298002153635025,0.19252388,0.9664935233900203,1.685814380645752,0.10249534994363785,0.419207,0.9950509347983144,1.9042249917984009,0.1627381592988968,0.30033016,0.9808105858210099,1.8312773704528809,0.10203937441110611,0.49644858,1.011134048713806,1.7925245761871338,0.21502238512039185,0.24615818,0.9787949717535226,2.3035085201263428,0.10090943425893784,0.30390215,0.9865972294588183,2.2161080837249756,0.1713866889476776,0.24416006,0.9748538508626602,2.2228102684020996,0.1759021282196045,0.2728643,0.9829521568004344,2.0803732872009277,0.10406666249036789,0.38821316,1.0110131003211564,2.501434087753296,0.14068210124969482,0.46637216,0.9519583532309266,2.169372320175171,0.1356867551803589,0.4483632,0.9438835942544461,1.9277093410491943,0.17605853080749512,0.32802257,0.9700339115992661,1.8951665163040161,0.2451360821723938,0.46363094,0.9142146052124251,2.382176399230957,0.5778403878211975,0.46709704,0.4678879265211453,2.0434937477111816,0.2582760751247406,0.21516709,0.384103643704739,2.2596778869628906,0.15887205302715302,0.19890384,0.6724285156552594,3.395137310028076
0,0.05479898676276207,0.25328094,0.7384174409589805,3.019369125366211,0.019534122198820114,0.15527129,0.5534677792633829,2.2571353912353516,0.00047958799405023456,0.14182921,0.3179576950469371,1.3423603773117065,0.11248867213726044,0.35140592,0.9663978256646181,1.746704339981079,0.17647628486156464,0.2763529,0.9514449172729549,2.173503875732422,0.10827091336250305,0.39647138,0.9510986523645544,1.6596730947494507,0.20972494781017303,0.32997963,0.9602134903473741,1.905059576034546,0.11318371444940567,0.27500254,0.9563455173015292,1.743356466293335,0.29449188709259033,0.19900808,0.9643102252040374,1.5584772825241089,0.06467834115028381,0.48024884,0.9861779798407929,2.065606117248535,0.17717795073986053,0.31186134,0.9751695728679663,1.6604793071746826,0.07139746099710464,0.5317349,0.9982080858894921,2.2180991172790527,0.16521848738193512,0.25948897,0.9718208896859409,1.8978192806243896,0.08606582134962082,0.3991678,0.9838910505472983,2.304823398590088,0.15826664865016937,0.29319826,0.9695106467385136,2.224360466003418,0.15942232310771942,0.33475363,0.9766416344935369,2.083840847015381,0.06226567178964615,0.39327636,1.007258668176724,2.547685146331787,0.12619882822036743,0.46844923,0.9495298448298818,2.009449005126953,0.10169461369514465,0.44776314,0.941159239989187,2.181919574737549,0.1468438357114792,0.3442137,0.9654694245378009,1.985334038734436,0.18599778413772583,0.51994675,0.9112229751487673,2.627229690551758,0.5399969816207886,0.4808401,0.4858246773982786,2.0734901428222656,0.226482555270195,0.1778668,0.3889174844364296,2.3399245738983154,0.14127391576766968,0.15119056,0.6719497022623138,3.3676412105560303
1,0.042451679706573486,0.2682153,0.7710632951084478,3.1879467964172363,0.02560587413609028,0.1528513,0.6144080453273378,2.3842732906341553,0.0003621856449171901,0.1400161,0.32965715262690226,1.1841726303100586,0.10008924454450607,0.43803352,0.9626715516183351,1.4905039072036743,0.1600237935781479,0.34458795,0.9451982117828152,1.6324290037155151,0.0787358433008194,0.4352883,0.938430199272756,1.9561705589294434,0.20617161691188812,0.33335334,0.9563662486591389,2.0949456691741943,0.09706289321184158,0.34210294,0.9453340379144524,1.4012614488601685,0.2854938805103302,0.19966112,0.963388103213571,1.3261843919754028,0.06484738737344742,0.48199508,0.9811399938372148,1.5787056684494019,0.1568784862756729,0.34070334,0.9774106555738461,1.6159005165100098,0.0872030183672905,0.48262683,0.9909789276502212,1.8901182413101196,0.17060627043247223,0.2815925,0.9780731367482511,2.020901679992676,0.10032331943511963,0.33231452,0.9884892980088975,2.4093377590179443,0.22308935225009918,0.29040033,0.9753668232932666,2.121764659881592,0.17707376182079315,0.3104462,0.9693067632396328,2.1521027088165283,0.1089492067694664,0.39889723,1.0003425818330918,1.658370852470398,0.19542567431926727,0.49896246,0.922221439963186,2.248936414718628,0.13912899792194366,0.44907922,0.9056232544217695,1.8430359363555908,0.18800783157348633,0.30953842,0.9126423664661761,1.852038860321045,0.15705446898937225,0.49815518,0.8605239759711811,2.775420904159546,0.5104782581329346,0.49141866,0.4612245270587382,2.0724806785583496,0.21567365527153015,0.16804768,0.3533273636565906,2.0828468799591064,0.1378270536661148,0.118824,0.5885825865259172,3.0976154804229736
0,0.03701670095324516,0.26681325,0.7240354320831499,2.6467621326446533,0.010694810189306736,0.16322967,0.5233409395187477,1.7508364915847778,0.00020633218809962273,0.124171756,0.31625524760865625,0.9945141077041626,0.12173901498317719,0.37078828,0.9686749215233698,1.8971152305603027,0.21099436283111572,0.30803293,0.9539714192500757,1.7706176042556763,0.11739758402109146,0.41069645,0.9460845289881644,1.8111971616744995,0.24970492720603943,0.32113597,0.9666839947826561,1.7206557989120483,0.14051608741283417,0.23720926,0.9554226464026552,2.1139960289001465,0.30120667815208435,0.18677205,0.9703638916474077,1.5064396858215332,0.0906107947230339,0.44282413,0.9970523579308329,2.140819787979126,0.18998396396636963,0.3151135,0.9842029121247718,1.9587242603302002,0.1131589412689209,0.5324572,1.0226703914135828,2.200108289718628,0.18783053755760193,0.27944675,0.9840170804524323,2.2543656826019287,0.10044444352388382,0.3847331,0.9945757048336215,2.500025987625122,0.18933998048305511,0.25670812,0.9800620080793075,2.0957493782043457,0.2130805253982544,0.31284648,0.9915176041441561,1.8180079460144043,0.14372777938842773,0.39591512,1.0188711598209033,2.2462995052337646,0.17346139252185822,0.4704099,0.9589520558264625,1.9925204515457153,0.1464097499847412,0.49346155,0.9528374981706371,1.9313346147537231,0.1904037445783615,0.35252538,0.9840467843607503,1.7420462369918823,0.26863229274749756,0.50255334,0.914799257964677,2.4596776962280273,0.6149608492851257,0.44156444,0.48070356919748525,1.9419548511505127,0.26783859729766846,0.2067428,0.4044043453459018,2.1762304306030273,0.1925368309020996,0.20683941,0.6836048844870969,3.3988687992095947
0,0.04017612338066101,0.24487492,0.7287973643770881,3.045696496963501,0.011542647145688534,0.1887823,0.536637698849849,2.1949660778045654,0.00042901045526377857,0.15191504,0.3175672949396924,1.5028876066207886,0.11264883726835251,0.36276296,0.9671152327220411,1.6517597436904907,0.20061559975147247,0.26798502,0.9497231310588943,2.0104851722717285,0.11768084764480591,0.38371715,0.9489423433900409,1.7946605682373047,0.21979905664920807,0.29046643,0.9558149656990064,1.9884123802185059,0.137928307056427,0.26906022,0.953737889788197,1.8178210258483887,0.2804226577281952,0.17954884,0.9586469067705241,1.5400766134262085,0.08196010440587997,0.39825842,0.9869263623122457,2.089057445526123,0.1712268888950348,0.29228306,0.9754605015151848,1.7584025859832764,0.07903391867876053,0.4525119,1.0023139223992907,2.291059732437134,0.18187664449214935,0.22199146,0.9672590188821343,2.271864891052246,0.09295172244310379,0.2532294,0.9812197593603242,2.28774356842041,0.14284363389015198,0.23155254,0.9677269563890624,2.488297462463379,0.18104113638401031,0.24617916,0.9753916555185738,1.9292185306549072,0.09848218411207199,0.4039694,1.0039445989721825,2.333101987838745,0.10441523045301437,0.47133467,0.9577400575849732,2.0073752403259277,0.10960543900728226,0.47237486,0.9520979420830172,1.9105331897735596,0.13025762140750885,0.3242936,0.9664942125892457,1.958561897277832,0.18164293467998505,0.48494586,0.9197540621399706,2.526494264602661,0.5378684997558594,0.47787252,0.4709619025723319,2.175337314605713,0.2260298728942871,0.18936856,0.3871237850050626,2.3493337631225586,0.13201023638248444,0.16062348,0.6593886837020106,3.414081335067749
0,0.05264177918434143,0.24882108,0.7392246748533426,3.066540002822876,0.023204628378152847,0.16559461,0.5478263211601669,2.3027634620666504,0.000310419884044677,0.15030386,0.31974627311811543,1.5790221691131592,0.10815178602933884,0.36738423,0.9663524911570659,1.8341636657714844,0.165728360414505,0.2644492,0.9482215900795737,2.3970487117767334,0.08709434419870377,0.39381018,0.947261660259924,1.9610042572021484,0.19069765508174896,0.3299017,0.9563673298512756,2.179225444793701,0.11263245344161987,0.2658352,0.9516581837978838,1.6809022426605225,0.28936654329299927,0.19157381,0.9600721565374253,1.7231122255325317,0.0648690015077591,0.48437744,0.9826598736468277,2.080594778060913,0.15784509479999542,0.30742386,0.9726797677283389,1.9216606616973877,0.0823223888874054,0.5257528,1.0014051400789534,1.9125652313232422,0.20061413943767548,0.26473024,0.970498214423513,2.1371376514434814,0.08139386028051376,0.35501868,0.9851838400805635,2.2895026206970215,0.11278673261404037,0.26259887,0.9704072573967849,2.658165454864502,0.16440394520759583,0.3024607,0.9769822793381578,2.064333438873291,0.053594641387462616,0.40014082,0.9999256082695938,2.1905405521392822,0.09921198338270187,0.503739,0.9501976494692074,2.0911202430725098,0.09734147787094116,0.49302226,0.9436259094337422,1.7113350629806519,0.13533049821853638,0.34417814,0.9650288024883086,1.862203598022461,0.1622621715068817,0.49413517,0.9184232720206117,2.70451283454895,0.5247944593429565,0.48866835,0.4961038986389928,2.222500801086426,0.21689030528068542,0.1782286,0.40577232158861837,2.377701759338379,0.12454665452241898,0.15886463,0.6806753915882618,3.407371759414673
0,0.03729422762989998,0.24220085,0.7339324214966723,3.2676150798797607,0.018241865560412407,0.18714398,0.5450169977703894,2.4710471630096436,0.000524254806805402,0.14966829,0.31372845411673533,1.5378352403640747,0.10601584613323212,0.38294458,0.963166525172033,2.085170030593872,0.18830859661102295,0.31463808,0.9449684244726881,1.9985623359680176,0.10594192147254944,0.42085603,0.9488018116424838,1.8754756450653076,0.18257227540016174,0.36379328,0.9523094829000396,2.0521225929260254,0.0936226174235344,0.2930118,0.9536528574109864,2.326472043991089,0.27195534110069275,0.21692444,0.9561041962015049,1.6144652366638184,0.04318593814969063,0.51373583,0.9790949062559009,2.1705684661865234,0.16916844248771667,0.3099834,0.9667326926694676,1.6341679096221924,0.047830600291490555,0.541413,0.9920125568243404,2.221447706222534,0.1480724960565567,0.29709148,0.9636589839969918,2.138063907623291,0.0741506889462471,0.42450234,0.9796638996058756,2.0395922660827637,0.12869392335414886,0.3039184,0.9656526181531443,2.2598180770874023,0.13401073217391968,0.34813282,0.9737275444082413,2.2871108055114746,0.03808539733290672,0.3968185,1.001150348701386,2.487837076187134,0.08358737826347351,0.48607245,0.9587065055306548,2.0773260593414307,0.07100582867860794,0.5200398,0.9513464518315172,2.0802266597747803,0.1203053742647171,0.35848755,0.9692385091975168,1.9054272174835205,0.13461615145206451,0.5473414,0.9274264952917578,2.3134102821350098,0.4939926564693451,0.4937591,0.49668699434902924,2.355278253555298,0.22178716957569122,0.18635473,0.39544499037584846,2.407245635986328,0.14343921840190887,0.15489107,0.6853106552741547,3.5127458572387695
1,0.04581664502620697,0.23148772,0.734091119172735,3.1817572116851807,0.024640239775180817,0.19508924,0.5399408639394084,2.4716060161590576,0.000694865477271378,0.1544105,0.3081019112381872,1.6461310386657715,0.08803737163543701,0.4518983,0.9633118079015092,1.7521324157714844,0.16459637880325317,0.34707046,0.945148243957394,1.9298999309539795,0.09066905081272125,0.4577652,0.9448214450524147,1.9381321668624878,0.18241268396377563,0.3836546,0.951251269287515,2.2343761920928955,0.07999695837497711,0.33439794,0.9524738249021778,1.842755675315857,0.2886560261249542,0.24902324,0.955037791692149,1.8056972026824951,0.0739823505282402,0.5226266,0.9784158540796317,1.8506265878677368,0.15053297579288483,0.38041878,0.9691186750887917,1.8847377300262451,0.06376233696937561,0.59976876,0.9904592369925906,2.115163803100586,0.15984494984149933,0.3576639,0.9662758958470877,1.923413634300232,0.0819292962551117,0.40037724,0.9774270393091911,1.9963070154190063,0.14544697105884552,0.3255059,0.96638500456544,1.9134795665740967,0.12870730459690094,0.3434319,0.9644204586807573,2.096888780593872,0.03977339342236519,0.40175185,0.9829780143694957,2.1280927658081055,0.1243177205324173,0.4833756,0.9341007697935452,1.9951294660568237,0.10593065619468689,0.48746896,0.9241550230650757,1.7071280479431152,0.12581124901771545,0.35252792,0.9310810451495921,1.6849160194396973,0.16977572441101074,0.53558385,0.8882940719156099,2.3002283573150635,0.5899493098258972,0.4985439,0.4695722990259231,1.9990012645721436,0.2552805244922638,0.16050684,0.3258678801572121,2.2969918251037598,0.13549289107322693,0.14008184,0.6302110919834535,3.357069492340088
1,0.023483185097575188,0.2309062,0.7543675405155911,2.5524518489837646,0.020717618986964226,0.11294499,0.579393382714347,1.8217992782592773,0.00013107992708683014,0.0899273,0.3253025272713733,1.4988906383514404,0.14906589686870575,0.35455564,0.9615232902326222,1.4288917779922485,0.1874900460243225,0.2695408,0.9437167665955525,1.4428848028182983,0.13049311935901642,0.4271351,0.920225870659499,1.7177671194076538,0.24465301632881165,0.29273316,0.9570713817222994,1.8635852336883545,0.13693496584892273,0.3010703,0.9229788417395042,1.5108211040496826,0.3002762496471405,0.17538367,0.9687113300066805,1.639541745185852,0.12218314409255981,0.41140476,1.0116737205027944,2.0290751457214355,0.19511111080646515,0.31773326,0.9919319981718259,1.7710425853729248,0.13925863802433014,0.39504495,1.01652435463942,2.058466672897339,0.20383773744106293,0.2606641,0.9934798986913616,2.0829005241394043,0.1344117969274521,0.23263642,1.0137268805632569,2.2635912895202637,0.2235928326845169,0.232234,0.9894715391930444,2.287539005279541,0.22297370433807373,0.2681328,0.9769209686843108,2.176737070083618,0.19347979128360748,0.32997513,1.0311000830977057,2.0582563877105713,0.31981945037841797,0.4472523,0.9178254311145967,2.2621710300445557,0.2859267592430115,0.41347823,0.8887152138977625,2.002269744873047,0.3038617968559265,0.28459105,0.8913490649380951,1.9081295728683472,0.37629055976867676,0.45508716,0.7953294125496144,2.185507297515869,0.5756596326828003,0.48525456,0.4145569795789316,1.7269022464752197,0.22866998612880707,0.20873374,0.31459323455103655,1.8640172481536865,0.15925893187522888,0.17280841,0.545365155719325,2.852323532104492
0,0.04687875136733055,0.23436481,0.7281198160366413,3.2431390285491943,0.03374766558408737,0.18472715,0.5455347363382678,2.505429744720459,0.0006083350162953138,0.14811565,0.3135017413243792,1.7778202295303345,0.09962963312864304,0.38113385,0.9628263844128891,1.7036018371582031,0.1705537736415863,0.30319175,0.945245860232709,2.074270486831665,0.11094457656145096,0.4120805,0.9486853658154755,1.9126895666122437,0.1816857010126114,0.3580251,0.9519194927238549,2.211240530014038,0.10162224620580673,0.28423637,0.9535211189071724,2.069894313812256,0.2854815423488617,0.21264917,0.9559558146184285,1.5810678005218506,0.05348028987646103,0.5284962,0.9799097055899498,2.167717456817627,0.16276507079601288,0.31268272,0.9673936177926968,1.6867791414260864,0.06043912470340729,0.53754276,0.9927508690672264,2.0359749794006348,0.16182616353034973,0.27954626,0.9639487076439387,2.3598973751068115,0.0896734744310379,0.42660993,0.9809418943832132,2.235633134841919,0.13014784455299377,0.27858135,0.9650701684902009,2.265803337097168,0.12691546976566315,0.3420278,0.9731893248918034,1.9569470882415771,0.04570404440164566,0.4108595,0.9998769366885344,2.2568752765655518,0.07911982387304306,0.48025838,0.958752148261655,2.155208110809326,0.08122766017913818,0.48876223,0.9521016545109265,2.20634126663208,0.1190938875079155,0.34162,0.9715575840223095,1.9679161310195923,0.13913178443908691,0.5335258,0.9278393652915237,2.408964157104492,0.48063111305236816,0.4913547,0.49313551048160437,2.36437726020813,0.21347898244857788,0.16315384,0.3986968023374114,2.472832679748535,0.14386700093746185,0.13971066,0.6833572074078297,3.5019500255584717
0,0.04609621688723564,0.26702917,0.7363829376094734,3.0896975994110107,0.02110131084918976,0.16044946,0.5431608244162143,2.31337571144104,0.0004776062851306051,0.15248813,0.3125026730941342,1.3903559446334839,0.1220003142952919,0.35817513,0.966176853602864,1.8168060779571533,0.20492267608642578,0.27800485,0.9495713653712727,1.9362680912017822,0.10635872185230255,0.39925605,0.9496943120583909,1.8089486360549927,0.21781237423419952,0.31301352,0.9570297107391003,1.7507495880126953,0.11076479405164719,0.27196863,0.9549930471310618,1.4737647771835327,0.2673374116420746,0.20157927,0.9618370054433428,1.587836503982544,0.060052331537008286,0.47998834,0.9861182022366393,2.103684425354004,0.18774525821208954,0.3009032,0.972488604215338,1.554763674736023,0.0670265257358551,0.5520615,1.0005458571172101,2.263615608215332,0.1811339259147644,0.26241392,0.9709298875192994,2.085130214691162,0.0966690182685852,0.3948082,0.9874106398385344,2.534036874771118,0.15891461074352264,0.2766826,0.9705377987124927,2.3415415287017822,0.17662601172924042,0.31750545,0.9793709726309722,2.01737380027771,0.044061869382858276,0.4046696,1.014831802633645,2.1938042640686035,0.0992743968963623,0.47275037,0.9621693704302554,2.089832305908203,0.09740431606769562,0.47020957,0.9530223513128128,2.259092330932617,0.14030492305755615,0.33459282,0.9735948541914866,1.9945201873779297,0.16339144110679626,0.5022815,0.9269616765233651,2.5958151817321777,0.5267156362533569,0.4579884,0.48573291256448536,2.1890478134155273,0.24167115986347198,0.17180997,0.4054077998556956,2.4197275638580322,0.14264796674251556,0.13484058,0.6868487767491507,3.453533887863159
0,0.04341583698987961,0.25616285,0.7361051019492794,2.7785160541534424,0.012813914567232132,0.14155358,0.5384785720678926,1.8427358865737915,0.0004770195228047669,0.129186,0.3186922411437146,1.188917875289917,0.12571388483047485,0.3255608,0.9679825557317342,1.9116919040679932,0.20604531466960907,0.25921303,0.9524941902444404,1.841504693031311,0.10286407172679901,0.38940442,0.9431815389786976,2.005220413208008,0.24617579579353333,0.29465276,0.963114291146908,1.7070404291152954,0.14478692412376404,0.23650512,0.9503072510946526,1.919490098953247,0.27084216475486755,0.18584327,0.968708505139348,1.4525707960128784,0.08852262794971466,0.46436593,0.9941915456500697,2.050455093383789,0.19413705170154572,0.2787325,0.9820261722156142,1.5879063606262207,0.09268086403608322,0.5379633,1.0205127783280339,2.0616891384124756,0.1878328174352646,0.25384176,0.9843202964822878,2.3599355220794678,0.09926723688840866,0.36416456,0.9947826455700541,2.416135311126709,0.1669778823852539,0.24380879,0.9789103343650261,2.169995069503784,0.17625798285007477,0.29949665,0.9868319192490932,2.123128890991211,0.09497727453708649,0.3991367,1.0114915857634568,2.31857967376709,0.1510056108236313,0.4702884,0.9448005215757238,2.1469621658325195,0.15020087361335754,0.4658048,0.9360234783243576,2.1462271213531494,0.17653237283229828,0.32729504,0.965026653529471,1.8343850374221802,0.2592674791812897,0.47610894,0.900097483878506,2.421086549758911,0.5897454023361206,0.44345027,0.4707498350600814,1.951038122177124,0.24620458483695984,0.22067273,0.3966891808373845,2.3503408432006836,0.13869932293891907,0.19248505,0.6668609790973223,3.3461499214172363
0,0.030225617811083794,0.26290983,0.7521717966741766,2.8644168376922607,0.02265789546072483,0.13052587,0.5651107958750097,2.1349570751190186,0.0002705842489376664,0.12636882,0.32145465976205667,0.9458322525024414,0.09873594343662262,0.3257037,0.9672695445904329,2.278447389602661,0.16096095740795135,0.23533417,0.9472020076089408,1.9847092628479004,0.13314487040042877,0.3396964,0.9377538064375026,1.8956159353256226,0.20566561818122864,0.279193,0.9609319414870532,1.788588523864746,0.12039343267679214,0.24336055,0.9420753763952355,1.9342939853668213,0.31085214018821716,0.18050483,0.9689844134317165,1.5502898693084717,0.08939796686172485,0.39569828,0.9950587942461085,2.0818545818328857,0.19374756515026093,0.2643276,0.983442174592543,1.8339850902557373,0.10474425554275513,0.48000646,1.0204199435288006,2.0886411666870117,0.21504230797290802,0.21816857,0.9754874094530295,2.1993868350982666,0.1078580841422081,0.2841489,0.9875988025534687,2.4712326526641846,0.18148700892925262,0.24322367,0.9768969955519105,2.3526501655578613,0.18211729824543,0.3002773,0.9843883553530723,1.5093058347702026,0.09931546449661255,0.3826388,1.0145245663405558,2.2392401695251465,0.16046710312366486,0.45955136,0.9496156729368183,2.1337430477142334,0.15872664749622345,0.5082322,0.9383529959563496,2.1484413146972656,0.20053862035274506,0.34261906,0.9625881027368842,1.8115148544311523,0.24605700373649597,0.4565855,0.8870966580947325,2.4733095169067383,0.5160046815872192,0.5000094,0.5049346480224899,2.242706775665283,0.26485103368759155,0.19687381,0.415687235293268,2.255023241043091,0.14525730907917023,0.19660573,0.6688877456578077,3.2712037563323975
0,0.037987638264894485,0.25470382,0.7544557707748244,2.8341240882873535,0.01938237063586712,0.1885455,0.5850662938072626,2.0502960681915283,0.00043138800538145006,0.13297041,0.3198905305912055,1.0887770652770996,0.13443626463413239,0.38345155,0.9642818487110725,1.2295469045639038,0.17167600989341736,0.34518978,0.9512171783513815,1.7240171432495117,0.11154298484325409,0.42876875,0.9402179919641951,1.7553036212921143,0.2687913477420807,0.3366611,0.9552400074842895,1.5172874927520752,0.10062357038259506,0.3035327,0.9377542521421947,1.4289312362670898,0.29492315649986267,0.21323471,0.9663072752182535,1.2240018844604492,0.08725922554731369,0.44499722,0.9823275048635299,1.796324610710144,0.1943555623292923,0.33785063,0.9745711456761497,1.6996630430221558,0.10825727134943008,0.5113624,0.9906001013713799,2.115902900695801,0.2322203516960144,0.27289647,0.9779134516170713,1.5688077211380005,0.11252419650554657,0.32540324,0.9869387578146401,1.9994757175445557,0.2329811006784439,0.26146474,0.9715929147852672,1.985055923461914,0.24672669172286987,0.28336573,0.968988720406159,1.854203701019287,0.12185405939817429,0.46383345,1.0171811802329518,2.1158061027526855,0.22735676169395447,0.44010282,0.9150510960459013,1.9672178030014038,0.23420263826847076,0.44663224,0.8943972092211192,1.8401907682418823,0.2602156102657318,0.32165527,0.8975003835241459,1.7684600353240967,0.32674291729927063,0.5097885,0.8372501064193372,2.1045589447021484,0.5966131687164307,0.49169913,0.4179248212194137,1.7469971179962158,0.19862528145313263,0.19746248,0.3118326510376113,1.8704259395599365,0.15908727049827576,0.15427324,0.5225904171912694,2.810589551925659
1,0.03222781419754028,0.23880592,0.7415351019328733,2.693816900253296,0.010258463211357594,0.14318831,0.5589756487961726,2.0417239665985107,0.00029877168708480895,0.11755819,0.3174927170968686,0.9850752353668213,0.1169930100440979,0.3323345,0.9668953366243296,1.7760875225067139,0.18809162080287933,0.25108644,0.9521372112716152,2.050633192062378,0.11374741047620773,0.3570902,0.9409171901156499,1.7248125076293945,0.26281827688217163,0.26130694,0.9642267597850244,1.7163171768188477,0.13092197477817535,0.25291184,0.951978204655461,1.514205813407898,0.31232619285583496,0.17771068,0.9719173030880272,1.4835388660430908,0.08554671704769135,0.4350769,0.9988188602459179,1.9088467359542847,0.18870748579502106,0.30206874,0.9845202384518659,1.7489714622497559,0.09914001077413559,0.495638,1.0108791850298178,2.140873670578003,0.2147635668516159,0.2352626,0.9769073079268964,2.1681113243103027,0.11294308304786682,0.36783847,0.9871958447282272,2.6060943603515625,0.19991648197174072,0.26436904,0.9776247815488607,2.1498095989227295,0.2039060741662979,0.3056436,0.9838646356394334,2.0219311714172363,0.14715734124183655,0.38827923,1.0031944382128912,2.0954654216766357,0.1908860057592392,0.4155402,0.9316786868901504,2.2056541442871094,0.16958938539028168,0.45461926,0.9092488282279778,2.09627628326416,0.19331640005111694,0.2924409,0.9479922156878196,1.9403016567230225,0.2765350043773651,0.48786047,0.8902573893556727,2.3399159908294678,0.5715734958648682,0.51006335,0.4841586675534939,1.9803372621536255,0.2312755286693573,0.21400088,0.3927513688665817,2.192638635635376,0.13783049583435059,0.19593653,0.641548298565995,3.1718192100524902
1,0.04768607020378113,0.26984757,0.7458481700451087,3.068237781524658,0.014173985458910465,0.1499109,0.5526706559563372,2.1417236328125,0.0006134869763627648,0.13552973,0.3149886190371758,1.0396034717559814,0.1203802302479744,0.34522793,0.9680630615019454,1.8503034114837646,0.17195864021778107,0.2699969,0.9512596779386603,1.878044605255127,0.10676014423370361,0.38217813,0.9474511649585877,1.8337663412094116,0.22067055106163025,0.28520083,0.9597815586895401,1.854734182357788,0.11594866216182709,0.25944173,0.9532534748001484,1.9923720359802246,0.30590277910232544,0.20086692,0.9657912624165782,1.5837066173553467,0.06743074208498001,0.45570734,0.9854872409287547,1.938029408454895,0.1770651787519455,0.27828267,0.9759520562357287,1.9561331272125244,0.08040087670087814,0.5210701,1.004714859965901,1.901437759399414,0.19441530108451843,0.2420768,0.9749351215499503,2.303480625152588,0.0837172418832779,0.33145857,0.9865520542345855,2.1152584552764893,0.1555573046207428,0.21017648,0.9763691480534359,2.24139666557312,0.15734919905662537,0.28940088,0.9817607422366763,2.364403009414673,0.05367961898446083,0.3913974,1.008841364274897,1.8291939496994019,0.12812571227550507,0.4708604,0.9448355397841536,2.015608072280884,0.1230134516954422,0.4502745,0.9356716937016253,1.8075647354125977,0.15495659410953522,0.34380654,0.9610002892033428,1.7991447448730469,0.20807893574237823,0.45435286,0.9070102760896948,2.5031540393829346,0.5525031685829163,0.43988693,0.4960488157507085,2.1262283325195312,0.22994279861450195,0.19763824,0.40349199726902657,2.3728837966918945,0.13117004930973053,0.16288686,0.687164122013866,3.4296653270721436
0,0.043568436056375504,0.23547575,0.7380609444913351,2.86875057220459,0.012549769133329391,0.16273928,0.5550936526115164,2.042407989501953,0.00022537249606102705,0.12526418,0.31472964478918986,1.0094802379608154,0.10850366204977036,0.3408977,0.9681430117239024,1.9627841711044312,0.18065260350704193,0.253545,0.9514962633707185,1.7936575412750244,0.11476980149745941,0.363915,0.9464048686947987,1.5129045248031616,0.22428876161575317,0.26962906,0.961872044987719,1.7183716297149658,0.1288781762123108,0.25385138,0.9525774912567734,1.697270393371582,0.2975866496562958,0.18247955,0.9666540043375168,1.593477487564087,0.08359470218420029,0.42587623,0.9897165185893223,1.912439227104187,0.18726463615894318,0.27126214,0.9785280797538244,1.763154149055481,0.09983853995800018,0.46596587,1.0020514915995198,1.887471079826355,0.18910908699035645,0.22497171,0.9753659609100926,2.014751672744751,0.10693653672933578,0.2845435,0.9835445118141609,2.3069913387298584,0.17126600444316864,0.24386063,0.9754199147469695,2.246706485748291,0.1869523674249649,0.2582706,0.9765171479408069,2.1316773891448975,0.11858341097831726,0.39244568,0.9942544249548678,1.9523826837539673,0.18469862639904022,0.43524918,0.9301384959282614,2.2430660724639893,0.12836416065692902,0.4519458,0.9143838948220647,1.881894588470459,0.17628440260887146,0.30807528,0.9488948693804405,1.7924573421478271,0.24508477747440338,0.46815145,0.890736297889347,2.4807891845703125,0.5329470038414001,0.4991661,0.463799390165793,2.077422618865967,0.2146642804145813,0.20421964,0.3802830285540771,2.2059946060180664,0.15290744602680206,0.19218045,0.6505771864412391,3.2035582065582275
0,0.049400586634874344,0.2504489,0.7473538166689162,3.1236255168914795,0.019175635650753975,0.16258465,0.5652397849181166,2.3388798236846924,0.0005960875423625112,0.15490742,0.32157534649768516,1.4042339324951172,0.13702742755413055,0.35384884,0.9662178046152593,1.8237462043762207,0.191200852394104,0.260823,0.9491494410884984,1.8189109563827515,0.10065463930368423,0.39534202,0.9470403769474529,1.989753007888794,0.22819122672080994,0.30320263,0.9569100331154425,1.939379334449768,0.11497605592012405,0.25544193,0.9536860884326184,2.0168681144714355,0.27739423513412476,0.19594423,0.9627658605069609,1.2627025842666626,0.05028882622718811,0.49470073,0.983105508607304,2.097454071044922,0.16221840679645538,0.29940495,0.9741907666687333,1.6380428075790405,0.08814159780740738,0.55949146,0.9996261515866305,2.2892422676086426,0.18779879808425903,0.257395,0.9726072976818326,1.9677402973175049,0.07600841671228409,0.40104413,0.986377552475329,2.3012092113494873,0.1545638144016266,0.24659382,0.9713801698811255,2.2876884937286377,0.1908268928527832,0.30630884,0.9776573334534231,1.959562063217163,0.04154934734106064,0.3901499,1.01142800054499,1.8240095376968384,0.11562507599592209,0.467017,0.9479836410468158,1.737370252609253,0.10051698982715607,0.467063,0.9392342669577276,2.12288761138916,0.14031724631786346,0.33961874,0.9570927565849146,1.8446693420410156,0.16278183460235596,0.4776213,0.9106683270601493,2.615335464477539,0.5618707537651062,0.48811832,0.48434693692906977,2.0370383262634277,0.24851517379283905,0.17503107,0.3953161849849444,2.313206672668457,0.1385490894317627,0.15416995,0.65806569017089,3.335692882537842
0,0.04410029947757721,0.25329334,0.7388398401891657,3.1177549362182617,0.018478283658623695,0.15517667,0.5442974197653275,2.259982109069824,0.000357867160346359,0.14688623,0.3125313238828765,1.314998984336853,0.087973453104496,0.36462647,0.9654034783293788,1.8395051956176758,0.18055257201194763,0.28884467,0.9477298696867542,1.9109163284301758,0.10453104972839355,0.3806433,0.9470586146976427,1.6569733619689941,0.16831368207931519,0.33183095,0.9554712000207777,2.182527542114258,0.10985391587018967,0.26284492,0.9505597367235401,1.9515681266784668,0.27887576818466187,0.19336772,0.9582480309304927,1.4194530248641968,0.0758204534649849,0.4675797,0.9818430959859786,1.8332185745239258,0.1728868931531906,0.30072874,0.9727652561807864,1.5881645679473877,0.0921555832028389,0.49955842,0.999173297622625,2.1588897705078125,0.17422273755073547,0.2615741,0.969800968915963,2.355334520339966,0.0888374000787735,0.3756468,0.9831546824599126,2.3062045574188232,0.12062609940767288,0.3074605,0.9707553265748655,2.3059005737304688,0.16267134249210358,0.32198617,0.9757376668323673,2.12632417678833,0.07562464475631714,0.38919178,0.9988091148605216,2.0621421337127686,0.12869387865066528,0.47195986,0.9537446383215114,2.3754630088806152,0.09709416329860687,0.5058621,0.9475292476794978,1.9981034994125366,0.1282135546207428,0.34748846,0.9679920552595215,1.9400289058685303,0.15656617283821106,0.50998706,0.9202806269721445,2.6604180335998535,0.5159949660301208,0.48361346,0.4833194592468614,2.2425310611724854,0.2241777628660202,0.200736,0.4011964187231195,2.380122423171997,0.140998974442482,0.15989642,0.6802939805993486,3.453305959701538
1,0.04143202677369118,0.23399131,0.7388021620405839,3.2042343616485596,0.021434610709547997,0.1670888,0.5419753154181669,2.375783681869507,0.0006221546209417284,0.13889948,0.31136331309660403,1.481706976890564,0.1068299412727356,0.36179584,0.9652730845728588,1.7282872200012207,0.19113969802856445,0.29412562,0.9490544601040669,1.8665306568145752,0.09308095276355743,0.42360327,0.9509237868027582,1.9028724431991577,0.22422243654727936,0.33849058,0.9550594017751042,1.8953125476837158,0.11862415820360184,0.2762457,0.9551729509333376,1.7972710132598877,0.24804118275642395,0.21728934,0.9622393057015355,1.4145265817642212,0.060534052550792694,0.4779761,0.9839821648854926,2.092320680618286,0.17302879691123962,0.30822885,0.9724798706588589,1.7540980577468872,0.06503097712993622,0.5320757,0.9987210735691302,2.247694969177246,0.1657157689332962,0.28551877,0.9691125316091024,2.190248489379883,0.06315717101097107,0.38860676,0.9803577688477042,2.539144992828369,0.144943967461586,0.25392562,0.9679315297986149,2.199817180633545,0.139074444770813,0.34610322,0.9760413610083114,2.1161916255950928,0.059695955365896225,0.39309067,1.0050801136976726,2.1976897716522217,0.1606009602546692,0.47198924,0.9549770159647001,1.936360478401184,0.09566903114318848,0.47027075,0.9466064986160069,1.8303358554840088,0.13186223804950714,0.3496053,0.9651613418654429,1.8541710376739502,0.17048873007297516,0.51735824,0.9212131332296604,2.3272531032562256,0.5571525692939758,0.47887197,0.47877155115406794,2.1612625122070312,0.2232377827167511,0.17197968,0.38216906883936363,2.3256165981292725,0.1505448967218399,0.14804089,0.6781301860281959,3.477524518966675
0,0.04915644973516464,0.24121521,0.7335073055867589,3.222404956817627,0.023350287228822708,0.17502075,0.5501776556237941,2.495006799697876,0.0007858237368054688,0.14664201,0.3158048034905233,1.6633355617523193,0.11727414280176163,0.3659789,0.963297788351211,1.9377936124801636,0.1951046735048294,0.30003867,0.9454604901846851,1.8239209651947021,0.10319111496210098,0.41320863,0.9495838701858077,1.8754932880401611,0.17935913801193237,0.33909127,0.951744211677869,1.8933002948760986,0.1183328628540039,0.28027594,0.9538447586533962,1.9150545597076416,0.2816934585571289,0.21305764,0.9563588055069968,1.485865592956543,0.04658956825733185,0.5142201,0.9791985076929436,2.1802725791931152,0.17591427266597748,0.32261142,0.9675012887887408,1.508885383605957,0.1066349670290947,0.5588075,0.990968918831363,2.199552297592163,0.15245233476161957,0.27986622,0.9643541683120662,2.1213884353637695,0.08375457674264908,0.41714126,0.9788353823520093,2.299304246902466,0.14194150269031525,0.28078035,0.9652204830636469,2.165039539337158,0.13958154618740082,0.3086213,0.9711368519660113,2.3152012825012207,0.03865470737218857,0.38384187,1.001755643707009,2.1110057830810547,0.08338573575019836,0.4716018,0.9592017994683222,1.7376285791397095,0.07893995195627213,0.47652498,0.9513630725940366,1.9178704023361206,0.12675708532333374,0.33275476,0.9657909819428231,2.021662950515747,0.14086619019508362,0.4755958,0.9229150398904675,2.4668149948120117,0.5004786849021912,0.48887944,0.4781126141333793,2.2868175506591797,0.204769104719162,0.18435137,0.3826018820428285,2.459650754928589,0.12837256491184235,0.14536251,0.6633822518063185,3.4463601112365723
1,0.04607915133237839,0.26204124,0.7347146127618602,3.4844460487365723,0.03701876103878021,0.19787394,0.559688392822335,2.7804207801818848,0.0005574880633503199,0.15438117,0.3107953269448599,1.7372839450836182,0.11443306505680084,0.4118529,0.9568618721627815,1.9388233423233032,0.18213549256324768,0.33874232,0.9376837552834582,2.0798654556274414,0.09871084243059158,0.45143694,0.9467719219496573,2.0972397327423096,0.18470528721809387,0.36227947,0.9412184462743114,2.1591062545776367,0.09301583468914032,0.32779053,0.9493632466600291,2.1142020225524902,0.2378612756729126,0.2284967,0.9457242987841509,1.764150619506836,0.04859990254044533,0.53435427,0.9711716102941199,2.3286080360412598,0.1331603229045868,0.38596195,0.9596475531151218,1.6450889110565186,0.040069472044706345,0.6335665,0.9817979989399274,2.4334919452667236,0.12699918448925018,0.31332245,0.9556589559389005,2.021636962890625,0.056230876594781876,0.45002165,0.9722759689705799,2.185605764389038,0.1062287837266922,0.29847094,0.9597230151654861,2.235422372817993,0.11135092377662659,0.39053026,0.9626647463782704,2.049814224243164,0.02604464627802372,0.4079608,0.9888552985463483,2.1799800395965576,0.06946518272161484,0.49975052,0.9519597171195117,2.1382217407226562,0.06154181808233261,0.5308395,0.9467892960673778,1.8178226947784424,0.12469472736120224,0.36777502,0.9562347993360119,2.0260913372039795,0.1016547828912735,0.507648,0.928508284026547,2.491305351257324,0.43767452239990234,0.51729876,0.5082797922669949,2.493478775024414,0.21717479825019836,0.15624191,0.3991173802843392,2.618194103240967,0.13933902978897095,0.11864765,0.6871305839458589,3.5380325317382812
0,0.03672407940030098,0.25853884,0.7376621168762609,3.05907940864563,0.016345905140042305,0.14916421,0.546926591624591,2.2279648780822754,0.0007173603517003357,0.12949033,0.31767371275251893,1.2768855094909668,0.11492134630680084,0.3476213,0.9665768982044071,1.5755656957626343,0.18213509023189545,0.26028526,0.9504301227305919,2.0706512928009033,0.1059781014919281,0.39217433,0.9458233922812798,1.9368025064468384,0.22188393771648407,0.30480537,0.9578982042279275,1.926369547843933,0.11579667776823044,0.26384148,0.95169505432216,1.9067676067352295,0.3058169484138489,0.18968722,0.9611644721434761,1.6193146705627441,0.06997696310281754,0.4770957,0.9835087069496358,1.8629461526870728,0.16306018829345703,0.30181664,0.9727386630731778,1.7560429573059082,0.06978977471590042,0.5318137,0.9988353259381735,2.1715006828308105,0.20179428160190582,0.25482684,0.9707285836276907,2.3505301475524902,0.07635695487260818,0.37066174,0.985577192328846,2.1633543968200684,0.14531001448631287,0.2404069,0.9685973934527774,2.2357828617095947,0.1404438465833664,0.30009496,0.9759508807407349,2.081166982650757,0.06774652004241943,0.40368855,1.0044200943363188,2.1122944355010986,0.11858638375997543,0.46383002,0.9527586298148715,2.3148677349090576,0.10315746068954468,0.46016896,0.9432919172370371,1.9033875465393066,0.14040520787239075,0.32811663,0.965412983524533,1.7314363718032837,0.1807866245508194,0.48608804,0.9178485531718199,2.523914337158203,0.5254632234573364,0.48301387,0.49729320356282336,2.1793158054351807,0.25076553225517273,0.19223188,0.40576124545676595,2.3995749950408936,0.1342199295759201,0.17186895,0.6665132472639642,3.3765616416931152
0,0.024078156799077988,0.26776946,0.7288164209805145,2.6261279582977295,0.010962648317217827,0.13089177,0.530578424410062,1.834191083908081,0.00013954435416962951,0.124777585,0.31510571765158774,1.270856499671936,0.11900697648525238,0.34282807,0.9687282258760243,1.936065912246704,0.18792381882667542,0.2759713,0.9557260338729855,1.9745509624481201,0.11643321812152863,0.4014016,0.9456290996880015,1.7830489873886108,0.2502787113189697,0.30710518,0.9675682944445394,1.7150778770446777,0.1436469703912735,0.23761874,0.9544750963956948,1.4347829818725586,0.2930285930633545,0.19180183,0.9724923459467066,1.6179665327072144,0.09775575995445251,0.4534117,0.9978050528648769,2.274463176727295,0.177800714969635,0.3010661,0.9845520050424317,1.9480654001235962,0.10570524632930756,0.5091925,1.018502429469394,2.0916872024536133,0.2209613025188446,0.26045015,0.9848447408902227,2.24892520904541,0.10328729450702667,0.35325468,0.9937406521163983,2.350450277328491,0.19060669839382172,0.23135285,0.9786322146639949,2.260843515396118,0.19346004724502563,0.28432906,0.9894529409290688,1.8609397411346436,0.15553350746631622,0.38647476,1.0197610036492848,2.35099458694458,0.18080861866474152,0.46636683,0.9474756263307208,2.2788405418395996,0.16225658357143402,0.46104428,0.9390297680220097,2.014479398727417,0.1985628455877304,0.3341086,0.9648398414628306,1.7573047876358032,0.2737921178340912,0.4754135,0.8988673030249882,2.387876272201538,0.6176303625106812,0.4484316,0.4704951959288106,1.8557591438293457,0.2551887333393097,0.21382847,0.3826177584685807,2.124495267868042,0.16090400516986847,0.20016798,0.6671893513764229,3.351125478744507
0,0.05161586031317711,0.23148955,0.730123643071606,3.269031524658203,0.02028902992606163,0.18254143,0.5444590436528284,2.481055974960327,0.000461888819700107,0.14439814,0.313194447423877,1.8485921621322632,0.1228090301156044,0.37335378,0.9615349033141338,1.968094825744629,0.1599406749010086,0.3012067,0.9438109771100314,2.123169183731079,0.10237332433462143,0.4152032,0.9478887835524976,1.52338707447052,0.16354775428771973,0.34730178,0.9509641080555798,2.0705783367156982,0.10956311970949173,0.2841044,0.9541970087226733,2.1301960945129395,0.25849053263664246,0.22243077,0.9554200816607018,1.7651512622833252,0.04811825230717659,0.5232393,0.9781756950842986,2.1403191089630127,0.1446869969367981,0.3423967,0.9668184685731781,1.8663634061813354,0.052563752979040146,0.5526074,0.990502770077672,1.8450071811676025,0.14519110321998596,0.29561716,0.9619743884024184,2.0572803020477295,0.08215724676847458,0.41396257,0.9777365044141059,2.3408939838409424,0.13546355068683624,0.29063535,0.9646688841803326,2.610379219055176,0.1354038268327713,0.37260428,0.9724492115895993,2.1751317977905273,0.04996539279818535,0.3923253,0.9990109553389682,1.6628588438034058,0.07460353523492813,0.47257283,0.9575928127237864,2.197899341583252,0.0705990418791771,0.49053514,0.9546446301762028,1.8149861097335815,0.116300068795681,0.31045583,0.9710508109816343,2.086834669113159,0.09898137301206589,0.5236166,0.9329195975534715,2.2861669063568115,0.4666650891304016,0.48904067,0.507782967260984,2.4679081439971924,0.21706552803516388,0.18945383,0.4196278789531548,2.5111331939697266,0.12482310831546783,0.14477849,0.6860284906982675,3.495541572570801
0,0.04546472802758217,0.24917585,0.7550952665708979,2.942326784133911,0.018395010381937027,0.12694097,0.5673354917759511,2.062969207763672,0.00024322407261934131,0.12598594,0.3197259385897975,0.9354235529899597,0.12274318933486938,0.34161717,0.9676495798074132,1.5584309101104736,0.17856143414974213,0.24654531,0.9446806662363438,1.729533076286316,0.11105795204639435,0.35698172,0.9357871323466466,1.414119839668274,0.23719045519828796,0.26829904,0.9561360821197149,1.8152191638946533,0.11703654378652573,0.25476608,0.9393974156666506,1.3458954095840454,0.31454384326934814,0.18472408,0.9651300790313735,1.395193338394165,0.06984766572713852,0.4566463,0.9965434290989822,1.918259859085083,0.19204463064670563,0.26579005,0.9829231445668826,1.8289520740509033,0.1128862127661705,0.47021654,1.0123541542838599,2.0364339351654053,0.19627639651298523,0.21765308,0.9770317081484948,2.1474130153656006,0.1012868657708168,0.34581938,0.9947988310575625,2.3935725688934326,0.1782899647951126,0.2308029,0.9772944695242635,2.3151803016662598,0.18768420815467834,0.2896903,0.9771533485855853,2.118426561355591,0.07285565137863159,0.4128293,1.0036605142087984,1.9762420654296875,0.1989777833223343,0.4477892,0.9326022833810876,2.29622745513916,0.1625647395849228,0.46734914,0.9196931786617307,2.1756680011749268,0.19227929413318634,0.33834723,0.9440229242061114,1.8168984651565552,0.2182864099740982,0.3931553,0.8792011194521295,2.6239726543426514,0.5174540877342224,0.4939214,0.49441329721060845,2.1890358924865723,0.20813120901584625,0.18904608,0.4005864429466559,2.2666571140289307,0.1300383359193802,0.18139055,0.6520329428774747,3.2903971672058105
0,0.02994745597243309,0.2642826,0.7307570539630849,2.770759344100952,0.01175310555845499,0.15925312,0.5347990191772871,1.9412890672683716,0.0003712240722961724,0.13193545,0.3171342687209917,1.2115178108215332,0.1055232584476471,0.37057403,0.968457970030078,2.0697996616363525,0.18744225800037384,0.28672725,0.9528942391915234,1.9346376657485962,0.10843155533075333,0.40771788,0.9439348298656477,1.7339965105056763,0.2104620784521103,0.31963935,0.9644945100058688,1.8604631423950195,0.13233371078968048,0.26181775,0.953279748371447,1.643113613128662,0.28487664461135864,0.19335479,0.9696518833831738,1.6684223413467407,0.11121118068695068,0.44569328,0.9975001633205867,1.8827548027038574,0.17598581314086914,0.3198732,0.9846031040515348,1.8398276567459106,0.0939076691865921,0.5356168,1.0205152462718268,1.8780508041381836,0.20164071023464203,0.2487434,0.982234204073005,2.3818273544311523,0.09718374907970428,0.3526302,0.9934317749710625,2.1541242599487305,0.1892029047012329,0.2542529,0.9772372436704201,2.05273699760437,0.20631875097751617,0.31425837,0.9884437446977394,1.8352525234222412,0.11499254405498505,0.36922947,1.0151966813267186,2.011692762374878,0.1407221257686615,0.47096384,0.9513458363555449,2.0576953887939453,0.1390734612941742,0.43346712,0.9468754874073821,1.7934061288833618,0.1791282743215561,0.3158168,0.9730168115372746,1.7930035591125488,0.24420343339443207,0.4873125,0.9041550325460291,2.537149429321289,0.5912837982177734,0.45839646,0.4800257125471899,2.023155689239502,0.24064812064170837,0.21426776,0.39996560057292435,2.3544576168060303,0.13977518677711487,0.19570121,0.6665289863606239,3.364712953567505
0,0.05782483145594597,0.22401209,0.7268628626285396,3.2742385864257812,0.027503184974193573,0.19341198,0.5399855048531219,2.5599536895751953,0.0007895970484241843,0.15075839,0.31644815550990857,1.6045281887054443,0.1070718988776207,0.3992102,0.9615732486120263,1.8971689939498901,0.1734643578529358,0.31388044,0.9426969431398303,2.0744285583496094,0.09424903988838196,0.4360971,0.9497124325144712,1.8516128063201904,0.16957101225852966,0.3764785,0.9504979493657403,2.1666674613952637,0.12304366379976273,0.29150525,0.9535626198807831,2.242872953414917,0.2849862277507782,0.22365196,0.9523060479624543,1.767652153968811,0.04611814022064209,0.511512,0.9770271201872742,2.006566286087036,0.15068843960762024,0.3507381,0.9648780343117853,1.8912270069122314,0.07387536764144897,0.5971525,0.9907082930534457,2.262694835662842,0.1394147425889969,0.32895005,0.9613944131366063,2.263253688812256,0.07026489078998566,0.40901747,0.9770235628618182,2.4539573192596436,0.12312453240156174,0.30540973,0.9628260734965279,2.47404408454895,0.12767207622528076,0.3632899,0.9696966429587549,2.152888774871826,0.03512033447623253,0.3790541,0.9991210919899894,2.3196473121643066,0.08646447956562042,0.46685168,0.9613811410666,1.9763247966766357,0.06611340492963791,0.4946784,0.9587587227653382,1.822534203529358,0.10227635502815247,0.36655983,0.9706214563346793,2.2189388275146484,0.12058626860380173,0.53245384,0.9327833273549542,2.375210762023926,0.49515455961227417,0.49295357,0.48848975392892596,2.3740506172180176,0.21131864190101624,0.16853933,0.39276389316281224,2.461261034011841,0.13732361793518066,0.13804579,0.6872906092734625,3.5572738647460938
0,0.023845667019486427,0.26855567,0.7236733354643798,2.5034637451171875,0.008974097669124603,0.15313762,0.5254698955058853,1.6664021015167236,0.00014791918511036783,0.121914506,0.316187048685201,0.9643248319625854,0.13513563573360443,0.3528163,0.9690606109380969,2.003706216812134,0.19514860212802887,0.2855013,0.9541373580084169,1.645916223526001,0.11263222247362137,0.4137065,0.9393042088595528,1.686638355255127,0.24884186685085297,0.30963832,0.9662454280495328,1.6709840297698975,0.16897495090961456,0.23191679,0.9532425132918528,1.8372799158096313,0.30744343996047974,0.18305823,0.9720533876850421,1.6773337125778198,0.10394573211669922,0.4468755,1.0023558096229448,2.2793233394622803,0.18640226125717163,0.30562308,0.9879389684157972,2.0141727924346924,0.12356418371200562,0.5203912,1.0318784454660976,2.0822718143463135,0.18068747222423553,0.2553595,0.9865329100758229,2.28544282913208,0.12226399779319763,0.38059264,0.996232215962092,2.3177976608276367,0.20835117995738983,0.23535305,0.9817329220760754,2.059469699859619,0.21181930601596832,0.30304652,0.9948896140742208,1.9405860900878906,0.1590794175863266,0.39171168,1.018475158188895,2.2197299003601074,0.18264652788639069,0.473208,0.9474004731467404,2.1430904865264893,0.17899902164936066,0.46857378,0.9422176060535624,2.079122304916382,0.21402429044246674,0.33518267,0.9690310313746775,1.7068381309509277,0.29873982071876526,0.4782838,0.8945395024973264,2.4412598609924316,0.6289565563201904,0.45966855,0.4625487994455258,1.8224538564682007,0.2640525698661804,0.22278363,0.38476520104464307,2.1401419639587402,0.1702420860528946,0.22223337,0.663322728134338,3.3180243968963623
0,0.059109754860401154,0.22241376,0.732900135953223,3.313048839569092,0.023155618458986282,0.1742638,0.5402197722204579,2.488823413848877,0.0008663226035423577,0.15088686,0.31464732882035884,1.773360252380371,0.09665468335151672,0.40678212,0.9613239320894532,1.5634468793869019,0.16948211193084717,0.3086519,0.9432510384203597,2.1732048988342285,0.11932531744241714,0.4146281,0.9477331960244741,1.8911170959472656,0.16812659800052643,0.37894002,0.9514233570444192,2.1016759872436523,0.09269025921821594,0.28183484,0.9542912930105696,1.9917988777160645,0.269218385219574,0.23136672,0.9549710029604007,1.4850398302078247,0.05095021054148674,0.5273769,0.9783356764943381,2.0670197010040283,0.13558289408683777,0.3628411,0.9670394366236953,1.9473261833190918,0.08291668444871902,0.6005662,0.9915507927695284,2.078800916671753,0.14824004471302032,0.3191882,0.9628592892175148,2.3320369720458984,0.06491795927286148,0.4062498,0.9774060690636386,2.5188205242156982,0.16580742597579956,0.2972445,0.963706211309314,2.4109463691711426,0.13458068668842316,0.39797524,0.9723463315991937,2.044811248779297,0.050547465682029724,0.3991246,1.001558749276525,2.001439332962036,0.07204869389533997,0.4743519,0.960894952980753,2.108428955078125,0.07500743120908737,0.53789943,0.9580069921501554,2.178455114364624,0.10836951434612274,0.36400744,0.9750361526635714,2.0670695304870605,0.11088363081216812,0.5447461,0.937635780420065,2.5624403953552246,0.47307273745536804,0.49362573,0.5094722158932721,2.4125232696533203,0.22568798065185547,0.17086059,0.4178188728671284,2.529745578765869,0.12923134863376617,0.14309436,0.6985967667839911,3.559253692626953
0,0.04671056196093559,0.21790834,0.7374320312335731,3.242905378341675,0.022570868954062462,0.15852761,0.5537400105558765,2.5158004760742188,0.0005365196848288178,0.15208896,0.3150516423600337,1.6423720121383667,0.10130185633897781,0.36189747,0.963818054391845,2.0056326389312744,0.1767052412033081,0.28886002,0.9468545645389956,2.2076025009155273,0.10099488496780396,0.41248238,0.9509080686453466,1.9362642765045166,0.19500412046909332,0.33547786,0.9523624008953215,1.905050277709961,0.12391926348209381,0.26646918,0.9542068279706971,1.8943053483963013,0.28958451747894287,0.20325057,0.9565658739232168,1.4182746410369873,0.06291110068559647,0.5130988,0.9814253149292962,1.9690401554107666,0.1646682322025299,0.30421868,0.968384699358976,1.8189074993133545,0.06482518464326859,0.5696907,0.9944521557710442,2.2325353622436523,0.15021730959415436,0.27343893,0.9667995837008109,2.159184217453003,0.07044745981693268,0.41109124,0.9827413411096148,2.093172788619995,0.14320024847984314,0.28739077,0.9647209729289179,2.338970184326172,0.14386823773384094,0.33581728,0.9730177130346994,2.3098342418670654,0.039753518998622894,0.40069288,1.011542192782146,1.7555583715438843,0.08627273887395859,0.46443796,0.9646028028525284,2.082440137863159,0.08197160065174103,0.4765707,0.9579790132726216,2.0077550411224365,0.12221280485391617,0.34562525,0.9712084530995478,1.9667888879776,0.13896401226520538,0.51722497,0.9305988260337756,2.524902820587158,0.5077596306800842,0.51154906,0.4873447770024054,2.342738628387451,0.2325168401002884,0.1862534,0.40737151466676585,2.4604344367980957,0.13692501187324524,0.15625143,0.6798838760864078,3.4474008083343506
0,0.029366524890065193,0.25205663,0.7425877929734858,2.593082904815674,0.008909150026738644,0.1273148,0.5431841197438025,1.8443143367767334,0.00037459342274814844,0.09750577,0.3167562827799436,0.8639443516731262,0.12697313725948334,0.3227894,0.968382889766418,1.7748548984527588,0.19226431846618652,0.24095957,0.9524872790274757,1.887753963470459,0.09958317130804062,0.3532009,0.9347640189937244,2.07728910446167,0.2600303888320923,0.25533253,0.967798559211363,1.5679341554641724,0.1255602091550827,0.23782916,0.947952284004354,1.7064497470855713,0.28291571140289307,0.17684515,0.9743189869774268,1.6307917833328247,0.11241921037435532,0.3975364,1.002778339946529,1.9385573863983154,0.1888771504163742,0.2588882,0.9853773323231435,1.8970537185668945,0.11724310368299484,0.44445586,1.0165591087410628,2.0919346809387207,0.20609237253665924,0.22065912,0.9805445476879934,2.0747382640838623,0.11102898418903351,0.29467574,0.9843884295435963,2.3390376567840576,0.2154301404953003,0.20298204,0.9762493489186614,2.2323591709136963,0.20790040493011475,0.26767537,0.9866424415863473,2.1931023597717285,0.22319406270980835,0.39852735,1.0130299959325624,2.5130159854888916,0.20214305818080902,0.3971246,0.9436947227880575,2.431591033935547,0.18990033864974976,0.43957168,0.9324782079456703,2.0614116191864014,0.21068549156188965,0.30608186,0.9643952689270536,1.7680814266204834,0.2744487524032593,0.43120435,0.8930813168731118,2.499645709991455,0.5675666332244873,0.4606997,0.4907682720383617,2.03337025642395,0.2050343155860901,0.22350001,0.4160789943602373,2.1961679458618164,0.12558524310588837,0.22428115,0.6739911528918379,3.3037590980529785
0,0.045356329530477524,0.26661113,0.7373758838656115,3.092569589614868,0.024356836453080177,0.156739,0.5497701216680504,2.269179582595825,0.0005537897231988609,0.13292508,0.31799838256727453,1.26091468334198,0.10832183808088303,0.3492554,0.9666746602750151,1.6418871879577637,0.20086956024169922,0.27422407,0.9497376078032779,1.858294129371643,0.11656256765127182,0.40755865,0.9484019149969926,1.7347115278244019,0.2161024659872055,0.32757035,0.9574735483099578,1.8543509244918823,0.13458336889743805,0.2633677,0.9549762303535216,1.884307622909546,0.28953084349632263,0.18882097,0.9614256220117081,1.508623719215393,0.05793793871998787,0.48557562,0.9876247649599615,2.2983367443084717,0.16475678980350494,0.3039301,0.9734302251935559,1.8031861782073975,0.07002343237400055,0.52522963,1.0016765900065547,2.231346845626831,0.17748971283435822,0.25580448,0.9725168708985712,2.354341506958008,0.08693360537290573,0.39997274,0.9878465189273659,2.3741419315338135,0.14996196329593658,0.26001328,0.9704878424681526,2.496962070465088,0.17490024864673615,0.30067438,0.9797139015437264,2.1159181594848633,0.059586051851511,0.40678406,1.0145123250591,1.9944255352020264,0.1281476467847824,0.46768686,0.9613141935958114,2.2686572074890137,0.10118619352579117,0.42541945,0.9532944762547547,1.7866159677505493,0.14627231657505035,0.31496108,0.973990457002251,1.7116084098815918,0.1733587682247162,0.46596393,0.9218563459005428,2.6338775157928467,0.532965362071991,0.48337448,0.47705921019077246,2.2245256900787354,0.2156510353088379,0.1779247,0.38915231662734207,2.2820749282836914,0.12465838342905045,0.15336931,0.6805830320415046,3.4085097312927246
0,0.041807904839515686,0.22579455,0.7340906423386894,3.1288931369781494,0.014998187310993671,0.1626522,0.5446998316781592,2.3504159450531006,0.00033730853465385735,0.13789907,0.3163427398238537,1.5813597440719604,0.10677081346511841,0.35932177,0.9644875722204632,1.585024118423462,0.20127281546592712,0.27567446,0.9486646172463866,2.0502889156341553,0.10900398343801498,0.40325198,0.9521054078719383,1.7834430932998657,0.212741881608963,0.33506593,0.9549613703615945,1.9979040622711182,0.13614873588085175,0.2719586,0.9543078249248319,1.784020185470581,0.29498621821403503,0.20113368,0.9581518931170712,1.4912930727005005,0.059300459921360016,0.4903528,0.9814129484818895,2.1586475372314453,0.1819271296262741,0.2986997,0.9696922846049773,1.6415741443634033,0.08210324496030807,0.5636128,0.9977530050915449,2.421257257461548,0.20221352577209473,0.27394825,0.9686909703418264,2.0188028812408447,0.08078896254301071,0.3858728,0.9829439213813648,2.480139970779419,0.1490698754787445,0.25636417,0.9664078502194409,2.107767105102539,0.14957959949970245,0.31804347,0.9739949571635881,2.104112148284912,0.04228458181023598,0.3767191,1.0047831339646602,1.8120691776275635,0.0915849357843399,0.47728664,0.9592628953381237,1.9326832294464111,0.10265734046697617,0.47998965,0.9492981428489989,1.9506304264068604,0.12785916030406952,0.34783694,0.9704179854108297,1.9393609762191772,0.16722340881824493,0.49202162,0.9274474304597708,2.464632272720337,0.5093005895614624,0.47052172,0.4844655294391979,2.2368922233581543,0.2215723842382431,0.16864823,0.40070768464442075,2.392653703689575,0.13568401336669922,0.16327834,0.6822478650575199,3.440459728240967
1,0.03745710849761963,0.26183343,0.7570778402225334,2.9592883586883545,0.017365936189889908,0.1681268,0.5870899700187868,2.1276721954345703,0.0005687543307431042,0.12955116,0.3162099497474099,1.3572710752487183,0.13026538491249084,0.40647203,0.9648032902701794,1.4007408618927002,0.17208097875118256,0.33040473,0.9502144840031905,1.3809239864349365,0.10030488669872284,0.4539087,0.9436472256894202,1.6954305171966553,0.2315700203180313,0.33531892,0.9573438788133027,1.685774803161621,0.11263080686330795,0.3529663,0.944849826660157,1.1857972145080566,0.2693842947483063,0.21026652,0.9671884518742868,1.3411895036697388,0.06782352179288864,0.48484743,0.9866580805382784,2.098421812057495,0.17005673050880432,0.35081047,0.9829130598828504,1.5441994667053223,0.10219933092594147,0.51411766,0.9992324994822264,2.1010122299194336,0.18061569333076477,0.28871554,0.9840327435268047,1.9838441610336304,0.08846571296453476,0.36065814,1.0002775796446748,2.4920620918273926,0.19632554054260254,0.30348256,0.97880805218086,2.1301186084747314,0.18559344112873077,0.32499143,0.9740171094627676,2.2128939628601074,0.09836852550506592,0.41174936,1.012985014047683,2.111229419708252,0.1962175965309143,0.49494168,0.9330610195798781,1.9424034357070923,0.17136742174625397,0.42351073,0.9095532048537067,2.1017251014709473,0.23554755747318268,0.31166497,0.9107051484155739,1.8840482234954834,0.2912207543849945,0.52636117,0.8509302882318849,2.3913486003875732,0.5776823163032532,0.47729862,0.4142118386594958,1.796008825302124,0.22544145584106445,0.19651952,0.3074626830790117,1.9479753971099854,0.1586025506258011,0.14865735,0.5653812137559284,2.9544458389282227
0,0.04468892514705658,0.2547559,0.7379383950557457,2.8100459575653076,0.01935333013534546,0.14227591,0.5452646846628535,1.9493608474731445,0.0002587414928711951,0.13193376,0.3167492862096211,1.0684796571731567,0.12063467502593994,0.32996276,0.968635464938139,1.643694281578064,0.19010791182518005,0.24483354,0.9519674017699189,1.788085699081421,0.12824642658233643,0.39610162,0.9439118336853318,1.6045347452163696,0.22598876059055328,0.2818206,0.9626623388026078,1.755173921585083,0.13744190335273743,0.2617182,0.9515142596939191,1.7800246477127075,0.29700395464897156,0.18848485,0.9701299854397569,1.6072171926498413,0.08863856643438339,0.4394954,0.9977579819365043,1.9889432191848755,0.18840426206588745,0.26316187,0.981564824664516,1.7271795272827148,0.09215427190065384,0.4918437,1.0182432333424327,2.1082606315612793,0.1888694167137146,0.23791783,0.9813920353594527,2.0928757190704346,0.09971415251493454,0.3418039,0.9898023372193752,2.3979923725128174,0.19006603956222534,0.23116139,0.9777221466590572,1.7139285802841187,0.1899053305387497,0.2788614,0.9881711298033973,2.0796422958374023,0.11138197779655457,0.38691255,1.0168207914721004,2.2787399291992188,0.21911242604255676,0.46196604,0.9373002186923847,2.1466593742370605,0.14528077840805054,0.40835533,0.9287268756277045,1.9867944717407227,0.19518904387950897,0.3376532,0.9579036835518571,1.69392991065979,0.26968133449554443,0.46264112,0.890798072751772,2.474158525466919,0.6104004383087158,0.4291342,0.4794931511135887,1.8681097030639648,0.2636183500289917,0.21561934,0.38893547400953715,2.309640645980835,0.14156918227672577,0.20031923,0.6659811652389004,3.3235127925872803
0,0.031881026923656464,0.27732038,0.7283427365385198,2.7883505821228027,0.012396342121064663,0.17039387,0.5362277897197265,1.966867208480835,0.00036161066964268684,0.13929094,0.3211212520295466,1.2286934852600098,0.11625871062278748,0.3571407,0.9685461829388231,1.7447117567062378,0.20862360298633575,0.27697116,0.9530126886243558,1.8238857984542847,0.11669649183750153,0.3942398,0.9459343369314048,1.6531004905700684,0.223916694521904,0.31221262,0.9628085422630273,1.8911489248275757,0.15220139920711517,0.24675258,0.9539480267541128,1.846583366394043,0.31410297751426697,0.18641937,0.9652200857936379,1.4854120016098022,0.08644834160804749,0.46045572,0.9915534517486098,2.1728971004486084,0.1734117716550827,0.32228062,0.9789471226637001,1.684490442276001,0.09198345243930817,0.50616306,1.0067054106994031,2.1151583194732666,0.19227619469165802,0.24811836,0.9721252248927668,2.263944387435913,0.10168344527482986,0.37565237,0.9835051813668575,2.2601466178894043,0.16251003742218018,0.29493558,0.9737765157066519,2.480884313583374,0.18058550357818604,0.31173462,0.9794344564139145,1.8955614566802979,0.10825461894273758,0.39234573,1.0030516025410408,2.3272528648376465,0.1687644124031067,0.47374028,0.9447178261584716,2.2443909645080566,0.13014104962348938,0.45925686,0.941426257532188,1.7102913856506348,0.17309196293354034,0.3161516,0.9645639810892195,1.7481393814086914,0.24252311885356903,0.51425076,0.9077649280311245,2.388148307800293,0.5730701088905334,0.49144045,0.47179873282211865,2.034604549407959,0.23824219405651093,0.20896065,0.38897549870836456,2.2921061515808105,0.1450164020061493,0.18821652,0.663516703735423,3.3426666259765625
1,0.04610970988869667,0.21116273,0.7529196501331016,3.1871731281280518,0.03310655802488327,0.16714346,0.5825983841457338,2.475435495376587,0.0009655609028413892,0.13238604,0.31399257741875003,1.0681556463241577,0.11309152841567993,0.39837262,0.965433236994757,1.6353689432144165,0.16674409806728363,0.3201948,0.9496674255649632,1.595468521118164,0.1255820095539093,0.41707203,0.9499260894741054,1.6364301443099976,0.24696707725524902,0.34366515,0.9544475823560786,1.9085650444030762,0.10529619455337524,0.3679443,0.9522144155374268,1.6888841390609741,0.2651230990886688,0.21272144,0.960089994805585,1.6438910961151123,0.058595072478055954,0.51023746,0.9767141214378039,1.772480845451355,0.15213949978351593,0.34467152,0.9723795240892471,1.5799973011016846,0.09899033606052399,0.55994064,0.993420888242555,2.2059011459350586,0.1536148339509964,0.2938279,0.9727925751155482,2.0901987552642822,0.06759767979383469,0.39425093,0.9836459026470977,2.0841522216796875,0.17617088556289673,0.31402317,0.9691922561034854,2.047874927520752,0.1764749139547348,0.34904036,0.9714219701461301,2.001035690307617,0.04864659160375595,0.39923084,1.01011163299621,2.4378325939178467,0.13656257092952728,0.49350926,0.9487227986606448,1.748478651046753,0.14838172495365143,0.4453065,0.9352203417885723,1.7441967725753784,0.18553540110588074,0.33111125,0.9298562275789479,1.8256572484970093,0.2067764401435852,0.4849767,0.876594154338384,2.4349825382232666,0.5764054656028748,0.4963314,0.44062895655671386,1.942234754562378,0.23803184926509857,0.14817104,0.326472074477338,2.262322425842285,0.19597117602825165,0.12143252,0.5347934473097149,2.908653497695923
0,0.04567449167370796,0.25830582,0.750988256323368,3.1839475631713867,0.02705254592001438,0.13244681,0.570697651060729,2.4036736488342285,0.0005374566535465419,0.15095767,0.3213903980228412,1.0113502740859985,0.08193575590848923,0.35964453,0.966384364757697,2.0337700843811035,0.17117173969745636,0.25777313,0.9443840047116113,1.8828351497650146,0.09249483793973923,0.3713753,0.9397356746276915,1.8453134298324585,0.2056875228881836,0.27152002,0.9547800145733559,2.134287118911743,0.08763684332370758,0.2724142,0.9460424922468106,1.8792954683303833,0.2791392505168915,0.18534619,0.961725274083257,1.4554128646850586,0.05020187422633171,0.47490537,0.9889347678546364,2.160015106201172,0.1738479733467102,0.2725639,0.9772471264493277,1.7010952234268188,0.08939250558614731,0.505491,1.0062956765104525,2.3286309242248535,0.15913273394107819,0.22779454,0.9714710634939154,2.2590436935424805,0.06644272804260254,0.3739708,0.9891120182938317,1.9875069856643677,0.13422812521457672,0.22243519,0.9729609472714886,2.1825332641601562,0.14045144617557526,0.3038791,0.9759698135699049,2.098498821258545,0.04049111530184746,0.40486196,1.005024817800134,1.9105044603347778,0.09979072213172913,0.4597281,0.9430509619295692,2.4740209579467773,0.11160256713628769,0.44661582,0.933524665138481,1.785728931427002,0.14917299151420593,0.33323961,0.9519796332344631,1.9750198125839233,0.1642753630876541,0.41564593,0.8994944991648265,2.5942091941833496,0.4540177881717682,0.48633358,0.5161248246177261,2.43223237991333,0.2061285525560379,0.18581992,0.4174243007827237,2.4853880405426025,0.11657512187957764,0.13983367,0.6510102866873353,3.324190378189087
0,0.04043168947100639,0.22388302,0.7429418532839863,2.6376423835754395,0.011211907491087914,0.13117865,0.5476839018189291,1.775795340538025,0.0001766262430464849,0.10322367,0.3217872908885577,0.9791751503944397,0.1318511813879013,0.31207985,0.9672691378332001,1.3954968452453613,0.2223619967699051,0.22711448,0.9547394334504444,1.5938303470611572,0.11927139759063721,0.3495532,0.9408779806847143,1.682759404182434,0.24843420088291168,0.24600375,0.9683223667134135,1.6556084156036377,0.1266191005706787,0.23847458,0.9467605406434041,1.979479193687439,0.30192750692367554,0.17132309,0.9736220901834899,1.6004633903503418,0.10949204117059708,0.3923705,1.0020858077779753,1.7122775316238403,0.2061784714460373,0.24111417,0.9919694542544062,1.7870324850082397,0.13826334476470947,0.43903723,1.0366225755541618,1.9254368543624878,0.21724294126033783,0.17805773,0.9869562097214595,2.24714994430542,0.121762216091156,0.24174035,1.0004719432314244,2.5614147186279297,0.25663694739341736,0.15641561,0.981571256027793,1.8795967102050781,0.21269060671329498,0.21243833,0.9873262305262893,1.9672037363052368,0.14386041462421417,0.40321955,1.0415596933558526,2.2791452407836914,0.20460821688175201,0.42416838,0.9506943015117781,2.098796844482422,0.22247225046157837,0.39543435,0.9278786499472813,2.0587072372436523,0.2244323343038559,0.27097645,0.9592641119806623,1.7825462818145752,0.3197193443775177,0.36303338,0.8666539782353624,2.406109094619751,0.5533912777900696,0.46584168,0.4692439700453864,2.02821683883667,0.2362731546163559,0.21266524,0.41069122740098385,2.389322519302368,0.11840921640396118,0.17914009,0.6444018780064024,3.1956944465637207
0,0.0461202934384346,0.2635746,0.7385450864783434,3.0504627227783203,0.012078854255378246,0.15327442,0.5444433525679729,2.2231788635253906,0.00031084497459232807,0.14393072,0.3189984988229046,1.3809645175933838,0.11212936043739319,0.34457383,0.9665112116076919,1.6276925802230835,0.20668397843837738,0.2710938,0.951257351856044,1.7988322973251343,0.11149229854345322,0.38781595,0.9509630386122102,1.6622411012649536,0.2160971760749817,0.29645976,0.9589920940482679,1.9781372547149658,0.1285465657711029,0.27443022,0.9539454600642977,1.7360270023345947,0.2966267764568329,0.19386044,0.9619059099356576,1.500856637954712,0.06712699681520462,0.4626552,0.9842464850204695,1.8721975088119507,0.1844150722026825,0.27508622,0.9731560317074439,1.5801506042480469,0.09239829331636429,0.51807445,1.0021343112243903,2.028142213821411,0.1854545921087265,0.24254793,0.9712913781443492,1.9578461647033691,0.10543397068977356,0.3754405,0.9843319226714321,2.277571201324463,0.1517179161310196,0.2531412,0.969767473501262,2.271557092666626,0.16917645931243896,0.2748888,0.9789907269768209,2.2156307697296143,0.0535372793674469,0.4020481,1.006609345308997,2.148221492767334,0.11361842602491379,0.46892485,0.9571286854033064,1.740017056465149,0.11617784202098846,0.4493179,0.9452244911705837,1.9009358882904053,0.14370262622833252,0.32362047,0.9731267952226519,1.822801113128662,0.20508500933647156,0.47780266,0.9186723170463343,2.3054251670837402,0.5366578698158264,0.45352632,0.4857116924778525,2.167659282684326,0.2508273124694824,0.18686908,0.40695568866884574,2.4849090576171875,0.13856814801692963,0.1680086,0.6757773386122264,3.428797483444214
1,0.0363030880689621,0.25233576,0.7458049712968784,2.700352430343628,0.015372302383184433,0.20550407,0.5771976908014737,2.088791847229004,0.000371350470231846,0.13398024,0.3242104031286019,1.3355640172958374,0.11983578652143478,0.40112257,0.9678166034979429,1.5822725296020508,0.18285439908504486,0.33530065,0.9541638755756386,1.5681533813476562,0.11350017786026001,0.426778,0.9394025643926827,1.6554359197616577,0.24334841966629028,0.3114657,0.9597866116583127,1.7958093881607056,0.1158527359366417,0.28699988,0.9518685859375754,1.5601270198822021,0.32174283266067505,0.18990141,0.9685789968288462,1.6944776773452759,0.09224940091371536,0.46914247,0.9966858733836946,1.7385506629943848,0.1906241923570633,0.34043077,0.9841125239090255,1.7438665628433228,0.10337859392166138,0.5575372,1.007586695983079,1.9789812564849854,0.22302603721618652,0.238679,0.9811004356697896,1.8161969184875488,0.12442798912525177,0.3438796,0.99157368517582,2.1081223487854004,0.21005605161190033,0.2806098,0.9766407193412516,2.3003461360931396,0.22447986900806427,0.33760896,0.9712184425018932,2.1462225914001465,0.11284443736076355,0.42976826,0.9933058392619429,2.4258692264556885,0.23115071654319763,0.41469792,0.9217587045657021,1.9908721446990967,0.20313911139965057,0.39105543,0.8946531723953235,1.7423362731933594,0.25410157442092896,0.3124088,0.9105237679266471,1.817842960357666,0.29941895604133606,0.44595793,0.8621801893895905,2.3250932693481445,0.5887914896011353,0.4986667,0.44705590322245187,1.8608187437057495,0.22433988749980927,0.22107567,0.32626820705172177,1.9705512523651123,0.20332202315330505,0.18194117,0.5434710808381316,2.9163644313812256
0,0.0370410792529583,0.25171545,0.7486715837997852,2.9865963459014893,0.025100357830524445,0.13702762,0.5636123814814039,2.2747862339019775,0.0003991883131675422,0.13691303,0.3180798861320751,0.9691122770309448,0.09910272061824799,0.33934265,0.9674570237917245,2.031529188156128,0.15530255436897278,0.25488982,0.9456076841219052,1.999248743057251,0.10005181282758713,0.35786495,0.9399900510268371,1.7198588848114014,0.18236565589904785,0.27290368,0.9578754797719271,1.8792011737823486,0.10293357074260712,0.26250887,0.9443863895459673,1.6570298671722412,0.3017972707748413,0.18264532,0.9653801556677425,1.3932009935379028,0.05966377630829811,0.4572505,0.9892034369940242,2.2235207557678223,0.1594100445508957,0.27055696,0.9787155473823264,1.8157424926757812,0.07966512441635132,0.47700885,1.0102694744686462,2.4234044551849365,0.1784307211637497,0.2190807,0.9746332771435918,2.145050048828125,0.08579517900943756,0.32676116,0.9908927971192664,2.1571764945983887,0.17190460860729218,0.21109955,0.9734628346507694,2.3150429725646973,0.17001654207706451,0.27502728,0.9756158082961264,2.026167631149292,0.07094018161296844,0.4195822,0.997451268056966,2.0281691551208496,0.14182762801647186,0.45746812,0.9343027642817139,2.4122889041900635,0.13234522938728333,0.46236065,0.9213867982614743,2.1205403804779053,0.18330632150173187,0.31364784,0.9471999776130132,1.8126826286315918,0.21102358400821686,0.4350425,0.8857857790139445,2.358393907546997,0.4869436025619507,0.4782161,0.5174757255669913,2.284804344177246,0.2405034303665161,0.20278001,0.4234908169567342,2.4387946128845215,0.12846611440181732,0.1713325,0.6652785348146583,3.3331820964813232
0,0.05000762268900871,0.25465232,0.7281290538276075,3.2939200401306152,0.026334693655371666,0.19623193,0.5416531056848052,2.532193899154663,0.00048134790267795324,0.15007074,0.31449331538994096,1.613507866859436,0.10226303339004517,0.4005754,0.9623532650649811,1.7738717794418335,0.18880489468574524,0.30903667,0.9439016214769176,1.9202368259429932,0.08884290605783463,0.42678076,0.9505393930902903,1.7180382013320923,0.18047836422920227,0.37577438,0.951367244923337,2.23832368850708,0.12088105827569962,0.29044855,0.9540968533620013,2.3347299098968506,0.2700190246105194,0.22519162,0.9531075954894105,1.703676700592041,0.05102716013789177,0.5096839,0.9773369208018725,1.907396674156189,0.1468524932861328,0.35468054,0.9659386760141668,2.069451332092285,0.05955350026488304,0.58901536,0.9916802559950196,2.334432601928711,0.15284386277198792,0.32681045,0.9624264515298231,2.210817575454712,0.059562262147665024,0.41864577,0.9782154748343517,2.1081671714782715,0.13143131136894226,0.3128351,0.9636523950086311,2.420295238494873,0.13787242770195007,0.35879445,0.9701111327942128,1.7915821075439453,0.04656043276190758,0.38418362,1.0001316523644797,2.147441864013672,0.0797514021396637,0.48242536,0.9612284846543375,1.709378957748413,0.0729685127735138,0.42051265,0.9576493999167307,2.0994317531585693,0.11124584078788757,0.35862616,0.9697087798189947,2.107147216796875,0.11841244250535965,0.54121464,0.931343332863734,2.5635857582092285,0.49658718705177307,0.5041208,0.4852306647663326,2.3442254066467285,0.20710501074790955,0.18090986,0.3889713782763174,2.4454445838928223,0.12539809942245483,0.13630375,0.6844455803697853,3.550814390182495
0,0.03482672572135925,0.22821485,0.7286444074306777,3.064539670944214,0.018755922093987465,0.18469799,0.5415102733543931,2.265455722808838,0.00023987138411030173,0.14497343,0.30992867882462133,1.4031428098678589,0.1087697371840477,0.36220783,0.9658222358861507,1.6722602844238281,0.2026396244764328,0.28646287,0.9514865493441272,1.896759271621704,0.0987883135676384,0.40328816,0.9521286506317275,1.859604001045227,0.19994106888771057,0.32805106,0.9571312171326958,2.048375129699707,0.1237647607922554,0.26741803,0.9560108826349353,1.8068772554397583,0.2636457085609436,0.20223372,0.96090462823487,1.6681103706359863,0.06854275614023209,0.47760087,0.9849148265344795,2.021803617477417,0.16175483167171478,0.32050222,0.9726873547494008,1.602448582649231,0.08190258592367172,0.56357867,0.9998237300351195,2.099787712097168,0.1748286485671997,0.27525336,0.9699449057373675,2.326653003692627,0.0786585584282875,0.3891882,0.9835679536542432,2.22603440284729,0.13994936645030975,0.28559938,0.969267582989742,2.497847318649292,0.15436573326587677,0.3450758,0.980687933143486,2.072744369506836,0.06781911849975586,0.39771995,1.016464175217112,2.081233263015747,0.11232755333185196,0.4752395,0.9670555904934498,2.162597417831421,0.0912938266992569,0.47372815,0.9634328619046241,1.6929545402526855,0.15768861770629883,0.32974923,0.9838526495872099,1.7969335317611694,0.15840677917003632,0.5167355,0.9318510361049404,2.5528035163879395,0.54267418384552,0.469277,0.49937128877206066,2.2031471729278564,0.208022803068161,0.17864133,0.4110450474041327,2.310055732727051,0.1330862045288086,0.15827195,0.6849489436851005,3.4460530281066895
1,0.03652772307395935,0.23469815,0.744116344681392,2.836308002471924,0.016643594950437546,0.15143128,0.5502031396014746,2.0294837951660156,0.0003998014726676047,0.11251238,0.3211518682041338,1.1918522119522095,0.12660051882266998,0.337127,0.9667910780715891,1.7107038497924805,0.1734524965286255,0.24571978,0.9500768806721218,1.7657707929611206,0.10091762244701385,0.36693197,0.9380476244720926,1.5985536575317383,0.2259642630815506,0.27123708,0.9654283927044562,1.7050480842590332,0.10547579824924469,0.26242897,0.9498212729441948,1.5500379800796509,0.28776243329048157,0.18639277,0.970370477581804,1.3760581016540527,0.07316982001066208,0.45916376,0.995791863471145,1.8703032732009888,0.1803935170173645,0.28079015,0.980633503274364,1.6248834133148193,0.09139992296695709,0.48980966,1.0016792779872299,1.8794074058532715,0.19840681552886963,0.23547097,0.9749913874457216,2.122126579284668,0.10437387228012085,0.34540978,0.982237406159342,1.8820552825927734,0.1733483523130417,0.2585759,0.9734235542106969,2.473092555999756,0.16358278691768646,0.3041865,0.97781441666509,2.0571796894073486,0.11101306229829788,0.39164963,1.0044633199117092,2.2354259490966797,0.14696525037288666,0.4337471,0.9455779013934721,2.4363486766815186,0.14709152281284332,0.4724848,0.9288697535711814,1.8215866088867188,0.19444915652275085,0.31526703,0.957783069167638,1.755143165588379,0.23409821093082428,0.45969403,0.893835342837562,2.631917715072632,0.5170197486877441,0.512699,0.4917818113605878,2.2049143314361572,0.18807701766490936,0.21709926,0.41897148998113953,2.2924273014068604,0.13017478585243225,0.19426954,0.6751872986511842,3.347076416015625
0,0.029568156227469444,0.22587852,0.7281975370052812,2.4271023273468018,0.007471689488738775,0.121352926,0.5336817913608762,1.5533055067062378,0.0002020811225520447,0.096628636,0.32172112468312425,1.1783839464187622,0.1350637525320053,0.31025845,0.9710366934865833,1.6725728511810303,0.19785839319229126,0.23693886,0.9602745615834583,1.9572222232818604,0.11704573035240173,0.34550628,0.941518738210885,1.604927897453308,0.2568223774433136,0.23629785,0.9687913154195728,1.5470600128173828,0.13004577159881592,0.24590825,0.9457004452755385,1.4969561100006104,0.32148653268814087,0.16325036,0.9712196628978094,1.6817352771759033,0.11132895946502686,0.37287357,1.0004653339366585,1.989013433456421,0.1768442690372467,0.27224597,0.9870171381464434,1.6170482635498047,0.13702481985092163,0.44806093,1.0275878429906715,1.8022361993789673,0.21284770965576172,0.20738609,0.9854538475029522,2.070347547531128,0.1388082355260849,0.25721335,0.9954515931905318,2.2522623538970947,0.22200344502925873,0.2051434,0.9834367638807027,2.1334235668182373,0.23146791756153107,0.23264056,0.9928776545310999,1.6962554454803467,0.18959105014801025,0.3859565,1.0253155015143178,2.394702672958374,0.21269194781780243,0.39847982,0.9530494128039636,2.275895833969116,0.1955258846282959,0.40468886,0.9367452656437,2.1060822010040283,0.228904128074646,0.29323128,0.9628933918540012,1.8208340406417847,0.31504687666893005,0.40636173,0.8886278830222357,2.4597480297088623,0.5906595587730408,0.4940826,0.4632393791627044,1.9423954486846924,0.2455967366695404,0.2504444,0.38671252932132677,2.179182767868042,0.1670597940683365,0.26194644,0.6435039229474656,3.1799228191375732
1,0.045640889555215836,0.2370945,0.7462861494044399,2.8540799617767334,0.015329496003687382,0.13425228,0.5498807041702812,1.9884344339370728,0.0005774181336164474,0.11129927,0.3177121334599114,1.2040413618087769,0.11991032212972641,0.34093633,0.9667176015321087,1.725319743156433,0.1612268090248108,0.24361996,0.9502073263184455,1.9041080474853516,0.10108067095279694,0.3639829,0.9377870171946452,1.4786477088928223,0.23237133026123047,0.27222392,0.9645369509087497,1.8573014736175537,0.10621380060911179,0.26376757,0.9501859870634765,1.7998805046081543,0.2870441675186157,0.18824147,0.9699277194767687,1.3738611936569214,0.07719875127077103,0.45830426,0.9944948549883111,2.087547779083252,0.18360447883605957,0.28423622,0.9806206143010595,1.805031418800354,0.1036425456404686,0.48881906,1.001811984066328,1.9431989192962646,0.1967460811138153,0.23710094,0.9752334239533956,2.1264467239379883,0.10256939381361008,0.3564824,0.9822592956604985,2.156317710876465,0.18581971526145935,0.25855723,0.9733495496783329,2.323452949523926,0.18422073125839233,0.31149572,0.9788291459930567,2.2228996753692627,0.10952255129814148,0.40356827,1.01064082373148,2.0162980556488037,0.17193296551704407,0.43541357,0.9525806178851233,2.1521384716033936,0.16347242891788483,0.4825207,0.9356063927428494,1.957401156425476,0.20181904733181,0.34123972,0.9627327297733143,1.7094334363937378,0.2388787418603897,0.46194446,0.8958818020516092,2.569312334060669,0.5284441709518433,0.51090175,0.4889500822084491,2.0800087451934814,0.19607095420360565,0.20845112,0.41585884585191035,2.2046163082122803,0.1351635903120041,0.19147485,0.6750453180229611,3.3422586917877197
0,0.04362569749355316,0.26150092,0.7415667078385508,3.118426561355591,0.026980124413967133,0.16090743,0.5604806369044565,2.2775778770446777,0.0005079230177216232,0.13710123,0.315578716235136,1.3540065288543701,0.11245499551296234,0.35754022,0.9681743917399478,1.5568734407424927,0.19707244634628296,0.27644324,0.9506422972994569,1.680261254310608,0.108074851334095,0.38272226,0.9491923732053872,1.9618250131607056,0.22477661073207855,0.31230608,0.9573435543111068,1.727968692779541,0.11668580770492554,0.26325446,0.9537322062228555,1.9219945669174194,0.3000635504722595,0.19069982,0.961968769146616,1.6538619995117188,0.06283003836870193,0.4915037,0.9841195729590768,1.9961010217666626,0.14804445207118988,0.3105936,0.9747007645646597,1.7669414281845093,0.10405110567808151,0.5672342,1.001247863442667,2.0525460243225098,0.188710018992424,0.2610669,0.9711326892025139,2.1920828819274902,0.08375371247529984,0.423818,0.9886307930398237,2.09907865524292,0.13715529441833496,0.3044294,0.9725163013761979,2.2553319931030273,0.1551494300365448,0.32565585,0.9781059057222972,2.0522871017456055,0.06572931259870529,0.40520296,1.00919577886204,2.2226085662841797,0.11117992550134659,0.47190407,0.9522615353760466,1.9276459217071533,0.10204792767763138,0.4242538,0.9455086157698008,2.0448756217956543,0.1475585699081421,0.3338548,0.9637090089060805,2.0128254890441895,0.1676321029663086,0.48635373,0.9149075679354244,2.528810501098633,0.5121254324913025,0.49787548,0.47295775862629247,2.2053377628326416,0.217440664768219,0.18191698,0.39078271098897316,2.379835605621338,0.13353578746318817,0.1646134,0.6625217583356657,3.3794655799865723
0,0.0330769307911396,0.27602625,0.7199381884094782,2.44283127784729,0.006467695347964764,0.14725637,0.5176798190829475,1.5965259075164795,0.00011496988008730114,0.116445646,0.3123181945016724,1.2924655675888062,0.13918481767177582,0.34454998,0.9693876277474853,1.777224063873291,0.21078920364379883,0.29190287,0.9568262484831903,1.8944178819656372,0.13037261366844177,0.42029706,0.9445630655153119,1.6248176097869873,0.22755713760852814,0.3259896,0.9712134451496373,1.788203477859497,0.17466101050376892,0.2379582,0.9554435085424574,1.692513108253479,0.3197367489337921,0.18007322,0.9733917168139284,1.5191502571105957,0.10146178305149078,0.42507428,1.0048103767029803,1.7566648721694946,0.19541656970977783,0.31880644,0.9906970619974739,2.0185534954071045,0.11893456429243088,0.4982353,1.0318911614927202,2.214614152908325,0.21494407951831818,0.27404383,0.9903660698795936,2.37813663482666,0.12826794385910034,0.35633755,0.9960428803282195,2.276623249053955,0.20997266471385956,0.25519514,0.982792174450039,2.084796190261841,0.22205428779125214,0.29997444,0.9929840316389047,2.008636951446533,0.18457423150539398,0.392014,1.0239202622860164,2.4367079734802246,0.19421516358852386,0.47093752,0.9606716004228597,2.022887945175171,0.18782515823841095,0.45005155,0.9551621578651674,2.1466896533966064,0.23503971099853516,0.3456205,0.9855840584844845,1.702317714691162,0.30551061034202576,0.49151477,0.9124150624588223,2.4797327518463135,0.6459236145019531,0.43511716,0.4745827686843749,1.8068132400512695,0.29051873087882996,0.2356759,0.4008554815350864,2.214824914932251,0.20771247148513794,0.23246959,0.6777615483613256,3.2957990169525146
0,0.03133624792098999,0.26520532,0.7278264721226061,2.63205623626709,0.01210310123860836,0.15802827,0.5292294193742434,1.8375670909881592,0.00027941702865064144,0.1309043,0.3174510795123687,1.2031196355819702,0.12318606674671173,0.358084,0.9697297838691907,1.8739964962005615,0.20832470059394836,0.29372945,0.9536524192284946,1.9060628414154053,0.11182312667369843,0.40300307,0.9443961393165083,1.6977931261062622,0.23359733819961548,0.31411427,0.9661197365780597,1.58050537109375,0.12049427628517151,0.25018868,0.953888836143617,1.8582611083984375,0.2982458472251892,0.19686115,0.9703751534781064,1.620779275894165,0.07838290929794312,0.42964077,0.9990414476272328,2.2611637115478516,0.17760390043258667,0.29032543,0.9854270118257457,1.9796879291534424,0.11057966947555542,0.4875923,1.0232838197645047,2.096486806869507,0.21153154969215393,0.2669784,0.9836624646722579,2.380638599395752,0.09382572025060654,0.33855918,0.9942639488769105,2.323021650314331,0.2073618620634079,0.22874741,0.9811087880286117,2.254551410675049,0.2059231549501419,0.2686008,0.9912590447336344,2.0250988006591797,0.173807293176651,0.39912227,1.0212262109726873,2.4123406410217285,0.22164708375930786,0.47105208,0.9555275050461146,2.1292078495025635,0.14787741005420685,0.4566897,0.9499317143722188,2.0737459659576416,0.18771739304065704,0.33786473,0.9795281894519128,1.7964847087860107,0.27838999032974243,0.46727827,0.9037336387612118,2.3735427856445312,0.615144670009613,0.43685526,0.4771509896047592,1.9031291007995605,0.26066824793815613,0.22501042,0.3886396782815273,2.269725799560547,0.1514766663312912,0.20097825,0.6719833447675986,3.3766822814941406
1,0.034974586218595505,0.21262166,0.7540535290355622,3.2748165130615234,0.027571136131882668,0.18134652,0.5752329908812485,2.4884660243988037,0.00073196308221668,0.14883141,0.30881421413786286,1.6753300428390503,0.09569701552391052,0.4264885,0.9637334427622428,1.4206035137176514,0.1776885837316513,0.352486,0.9468583343098551,1.807375431060791,0.07897894084453583,0.45594725,0.9464298510671333,1.67433762550354,0.19432689249515533,0.33361486,0.9507168961483933,1.8543118238449097,0.07627362757921219,0.36126953,0.9461929518923442,1.7704442739486694,0.2805529236793518,0.2119607,0.9540914044907555,1.5519847869873047,0.056981220841407776,0.5138596,0.9731171448045186,1.9277715682983398,0.13559088110923767,0.3322603,0.9667434149784268,1.9290229082107544,0.05654081329703331,0.56588686,0.9838080914496147,2.2482781410217285,0.18557830154895782,0.3114348,0.9657871110949451,1.945966362953186,0.06868685036897659,0.35062623,0.9821074397570156,2.3502440452575684,0.1504615694284439,0.27988854,0.966881809646295,2.1428258419036865,0.16671083867549896,0.29240292,0.9626004663830988,1.7959637641906738,0.03870873898267746,0.4034406,0.9854845084153601,2.226994276046753,0.1408846229314804,0.48712423,0.9304087971278477,1.8983567953109741,0.13557402789592743,0.46483767,0.9149622764807224,1.7190495729446411,0.1970025599002838,0.30693012,0.9168626476571474,1.752211093902588,0.19246618449687958,0.46957707,0.8764484027078437,2.343519687652588,0.6373561024665833,0.4857547,0.4453616428569053,1.7731655836105347,0.2445623278617859,0.17969538,0.300606954146753,2.070128917694092,0.20463019609451294,0.14473727,0.5519011907416549,2.9545645713806152
0,0.04045790806412697,0.24394463,0.7443687961645834,3.158588409423828,0.02320626936852932,0.15682282,0.561880239671071,2.317232131958008,0.0009530755341984332,0.16019657,0.3221195304186155,1.4112604856491089,0.11601777374744415,0.35442185,0.9659984240817641,1.781111717224121,0.197391539812088,0.25338542,0.9479538249617201,1.6831028461456299,0.12223128229379654,0.39947018,0.9464954794978963,1.6290342807769775,0.196398064494133,0.29804444,0.9535504758288864,1.8347382545471191,0.12078089267015457,0.26548257,0.9498364296938969,1.8030588626861572,0.27389615774154663,0.19129877,0.9605742030517271,1.4549731016159058,0.07083743065595627,0.48682025,0.9844611617035023,1.8242532014846802,0.17346620559692383,0.29948843,0.9716278808884867,1.5535259246826172,0.06259234249591827,0.52845144,0.9960243563918736,2.075420618057251,0.16424250602722168,0.2591531,0.9701974534838596,2.116675853729248,0.08208458125591278,0.39476925,0.9823946634517834,2.282494068145752,0.14774353802204132,0.25479302,0.9697762183465128,2.224245548248291,0.14640140533447266,0.32622156,0.9735265738375818,2.1671886444091797,0.048378363251686096,0.42021966,0.9988073559356667,2.1518726348876953,0.12303053587675095,0.4698875,0.9418537693864393,2.0385076999664307,0.10782165080308914,0.4729979,0.9315380035282972,1.699913501739502,0.13990573585033417,0.3530991,0.9527642434221861,1.9119502305984497,0.18457691371440887,0.49136752,0.9123710339988653,2.4469780921936035,0.5293222069740295,0.5092028,0.48263057441934293,2.1446259021759033,0.24985386431217194,0.17974377,0.3979470560293163,2.4095470905303955,0.1330440789461136,0.14694053,0.6597101150832974,3.383472442626953
0,0.047186534851789474,0.2513353,0.7312439046893767,3.2099180221557617,0.017993634566664696,0.17895073,0.5350048740837686,2.421513557434082,0.00040560297202318907,0.14347613,0.31028263892294433,1.6197543144226074,0.100954070687294,0.39029148,0.9628432100460672,1.5647404193878174,0.16560052335262299,0.30816248,0.9459774199712317,2.0217514038085938,0.10572191327810287,0.4133857,0.9498064538977788,1.6968297958374023,0.18653489649295807,0.33190876,0.9508501189857588,2.155393362045288,0.12938986718654633,0.2834895,0.9504750087496238,1.939805507659912,0.2993665039539337,0.18876168,0.9514962683943108,1.6727961301803589,0.0555497482419014,0.50238985,0.9781686237513656,1.5488150119781494,0.15604200959205627,0.29183584,0.9659324742587209,1.6383013725280762,0.07108002156019211,0.50814813,0.9938511879979052,2.387770414352417,0.13947737216949463,0.29917517,0.9646892989403798,2.028794765472412,0.07170792669057846,0.42140546,0.9821639421776576,1.979082703590393,0.1219978779554367,0.25201774,0.9651779013920678,2.417241096496582,0.11620330065488815,0.27339843,0.9706988331796887,2.399806499481201,0.05558387562632561,0.39719898,0.9965411132160981,1.8011109828948975,0.10928177833557129,0.46480045,0.9562551417775871,2.1599605083465576,0.07550283521413803,0.3765777,0.954407910032809,2.017518997192383,0.11264730244874954,0.30259618,0.968669400737967,2.00101375579834,0.13116639852523804,0.48517632,0.9291904190730921,2.397947311401367,0.5062175393104553,0.49063998,0.5017479591194786,2.329320192337036,0.19273480772972107,0.17212148,0.39579044242698597,2.4319257736206055,0.11260738223791122,0.14423823,0.6650859475857817,3.405653953552246
0,0.03872368484735489,0.25846353,0.7294727431584263,2.9351096153259277,0.013363568112254143,0.14671044,0.5313684027988002,2.123792886734009,0.0003232553426641971,0.1448831,0.3174224951386909,1.2312655448913574,0.10571516305208206,0.35229835,0.9670592095639193,1.728340983390808,0.20521365106105804,0.2859859,0.9515644968985151,1.9454458951950073,0.11341562867164612,0.40295702,0.9496004258692332,1.8278554677963257,0.22134532034397125,0.33142367,0.9616550951321192,1.9368557929992676,0.13103695213794708,0.26470625,0.95607023854642,1.7833023071289062,0.29461318254470825,0.20663816,0.9632120802272054,1.5934123992919922,0.07333867996931076,0.4523542,0.9870115640026584,1.7699356079101562,0.1645202934741974,0.31206438,0.9768574686317164,1.68222975730896,0.09136951714754105,0.5378713,1.006801843474688,1.8450305461883545,0.1667693704366684,0.26978773,0.9734579814010904,2.2808547019958496,0.0966036394238472,0.3642998,0.9863729939880146,2.358994245529175,0.1693747341632843,0.29229543,0.9736476773765533,2.1993298530578613,0.19196459650993347,0.3228127,0.9814197442150109,2.049417495727539,0.075330950319767,0.39634132,1.0121378015091003,2.553781032562256,0.12565454840660095,0.48188755,0.9620152544274679,1.9476706981658936,0.1157166063785553,0.46582422,0.9557283244554361,1.9263200759887695,0.14159443974494934,0.35149598,0.983497263049132,1.915668249130249,0.2130880504846573,0.50384593,0.92749112411344,2.506556510925293,0.5454636216163635,0.46058005,0.49565689785445494,2.159226179122925,0.22776636481285095,0.19391736,0.4148718783565926,2.313277006149292,0.15354248881340027,0.17757009,0.6938858060826657,3.494110345840454
1,0.042063262313604355,0.27017686,0.7350268162883353,2.882488250732422,0.01789773255586624,0.13291085,0.5456483426256592,2.0049564838409424,0.00036608573282137513,0.11700119,0.3194438045060796,1.1140129566192627,0.12952497601509094,0.334808,0.9695617923477509,1.6931496858596802,0.20062384009361267,0.26651537,0.9539465174184486,1.729088544845581,0.10333861410617828,0.38420334,0.9467005336589269,1.7487629652023315,0.2370149940252304,0.25352746,0.9616400419721399,1.8566832542419434,0.13332518935203552,0.255648,0.9547362042428781,1.8088551759719849,0.2848934233188629,0.17398882,0.967343638506273,1.5861682891845703,0.07317138463258743,0.43412,0.9964473965423789,1.6786478757858276,0.17310771346092224,0.28146112,0.9844165644589011,1.8378530740737915,0.0856066346168518,0.5310383,1.0195850805983984,1.7911128997802734,0.1863589733839035,0.23749858,0.9790724173069311,2.1931891441345215,0.09447316080331802,0.33853874,0.9973972413038696,2.242276191711426,0.13730625808238983,0.20352922,0.9804635323188247,2.3500492572784424,0.16636890172958374,0.2639742,0.9858764386742127,2.011798143386841,0.06366100162267685,0.39255682,1.0199820508919502,2.275670289993286,0.11972576379776001,0.46806416,0.948010178200937,2.043754816055298,0.1309673935174942,0.3831005,0.9383192334861221,2.0808820724487305,0.1586899608373642,0.27601057,0.9661465975828879,1.8198050260543823,0.2384760081768036,0.43883452,0.9035647395720777,2.5108795166015625,0.5878992676734924,0.47027618,0.48540753498612144,1.998658299446106,0.24560770392417908,0.21369903,0.39876672468550844,2.371328353881836,0.1305483877658844,0.18531345,0.6608033634512415,3.367210626602173
0,0.032558292150497437,0.24358082,0.7505515017164673,2.858196258544922,0.011846374720335007,0.13803102,0.5577845669493376,2.03090763092041,0.0003947358636651188,0.11941686,0.322400351100479,0.9624054431915283,0.12769737839698792,0.3206779,0.967208796498839,1.6005134582519531,0.1968270093202591,0.22702287,0.9535234486226695,1.7128057479858398,0.10465486347675323,0.36103502,0.9469370482767578,1.5011528730392456,0.21660158038139343,0.27704385,0.9656277027468773,1.668731689453125,0.10715655982494354,0.24130388,0.9535291179783119,1.8331584930419922,0.3189965486526489,0.17347744,0.9703531413093539,1.5188429355621338,0.08174162358045578,0.4109512,0.9919680375994644,1.712876796722412,0.18876394629478455,0.25519803,0.9843820768605295,1.8292615413665771,0.09443026781082153,0.47027484,1.0191726864854826,1.9282509088516235,0.1924838125705719,0.20300199,0.977843591103164,2.150193452835083,0.1087314635515213,0.29719025,0.9914548900880058,2.1025211811065674,0.20114655792713165,0.18782973,0.9753208264891502,2.252659320831299,0.18047112226486206,0.24049443,0.9790300201262775,2.095337152481079,0.095567487180233,0.39033076,1.023238374372169,2.2659225463867188,0.16901631653308868,0.43410146,0.9490542518060701,1.8442060947418213,0.16286014020442963,0.434301,0.9291329103742435,1.8598989248275757,0.19198545813560486,0.27554742,0.9513315632732477,1.8858428001403809,0.24945703148841858,0.38678882,0.8832418453814032,2.3866183757781982,0.5220232605934143,0.48969704,0.4790472867755303,2.2205896377563477,0.21643027663230896,0.1998114,0.4165698408111728,2.340897560119629,0.1239129826426506,0.19561058,0.6460035524375206,3.3164381980895996
0,0.03533883020281792,0.25145057,0.7435539787443535,2.756922483444214,0.015572745352983475,0.15239601,0.5626533876979724,2.0584099292755127,0.00034035943099297583,0.11911686,0.31685274493054727,1.0201033353805542,0.11098410189151764,0.3354872,0.9667502447844378,1.848449945449829,0.161463662981987,0.2516921,0.9524866278861621,1.9681074619293213,0.11825080960988998,0.3602423,0.9458319103620735,1.6845383644104004,0.24724093079566956,0.2641659,0.9644858703451443,1.8842360973358154,0.12285877764225006,0.2566796,0.9529122140672307,1.5789977312088013,0.3070731461048126,0.17583218,0.9705646342243739,1.4635258913040161,0.08646751940250397,0.40497956,0.9989139145005347,1.7645313739776611,0.20420177280902863,0.29431862,0.9845710948745745,1.669569492340088,0.10544396936893463,0.46947652,1.0107044683711084,1.9411604404449463,0.22324036061763763,0.22500852,0.9782327220200071,2.3562257289886475,0.10707147419452667,0.27636835,0.9912855295994997,2.4679906368255615,0.20049606263637543,0.23581368,0.9769777741804041,2.1223108768463135,0.1908278465270996,0.27167314,0.9833848297322312,1.9201338291168213,0.1147867813706398,0.38935584,1.0049669951977123,2.753570556640625,0.17477230727672577,0.40170997,0.9349846309052675,2.0226283073425293,0.1603240668773651,0.4191692,0.9167386048390024,2.0962300300598145,0.18185515701770782,0.31362513,0.9505265881633901,1.8621824979782104,0.26840081810951233,0.46766385,0.8956226996229207,2.4770798683166504,0.5658995509147644,0.49297124,0.4811217469540516,2.036853075027466,0.23015646636486053,0.20438288,0.3947873459305756,2.264594793319702,0.13740487396717072,0.19806756,0.6417804636134421,3.158416986465454
1,0.03367175906896591,0.22603938,0.7459686931083694,2.8269519805908203,0.012086556293070316,0.14503926,0.5503523633205148,1.9918173551559448,0.000638118595816195,0.11735102,0.3179832424628752,1.0274453163146973,0.12062691152095795,0.34127107,0.9668047996300834,1.6906826496124268,0.17345480620861053,0.24579114,0.9506231970546447,1.803952693939209,0.10411500185728073,0.3674193,0.9402655716659334,1.6374166011810303,0.23074711859226227,0.27339694,0.9658576062518861,1.8792381286621094,0.1064329743385315,0.26276755,0.9500905032936778,1.8735302686691284,0.27762794494628906,0.1867435,0.9702095208800938,1.2719857692718506,0.0879226103425026,0.4581757,0.9952246913345969,1.8102009296417236,0.17569845914840698,0.29198113,0.980571502987728,1.7484650611877441,0.10008373111486435,0.48538962,1.0016223498665195,1.9554200172424316,0.2074960321187973,0.23722777,0.9749367079786083,2.1320366859436035,0.11146929115056992,0.35241497,0.9812817974842883,2.3596832752227783,0.18335184454917908,0.25702313,0.9730548140602455,2.296394109725952,0.19609683752059937,0.30428445,0.9769323472559431,2.1293115615844727,0.11200599372386932,0.409462,1.005692130360496,2.224529981613159,0.18832266330718994,0.43703872,0.9469378869341115,2.193708658218384,0.16154420375823975,0.473049,0.9291467406349128,1.946286678314209,0.20345906913280487,0.32728902,0.9589770349619181,1.740083932876587,0.2376936674118042,0.4572007,0.8932196632407252,2.613284111022949,0.5303313732147217,0.507516,0.48959847754855657,2.1488261222839355,0.19838836789131165,0.20854685,0.41779463492422225,2.2820887565612793,0.1300060898065567,0.19774884,0.6783014905639352,3.3876240253448486
1,0.03289853036403656,0.27376458,0.722267919006844,2.5302295684814453,0.004790972918272018,0.15034884,0.5236632405845545,1.6793646812438965,0.0002946926688309759,0.13293406,0.3151216491509532,0.9929725527763367,0.11173893511295319,0.3515872,0.9705134211115145,1.9090180397033691,0.17558181285858154,0.24834292,0.9582000427388435,1.7976906299591064,0.11703327298164368,0.3948817,0.9464298159129635,1.7427561283111572,0.23743753135204315,0.28292942,0.9690466955709833,1.8736627101898193,0.16206331551074982,0.21910267,0.9553656625056185,1.8721494674682617,0.3043939769268036,0.17095697,0.9720889219342888,1.570440411567688,0.10178893059492111,0.42349905,1.0012940432734974,2.1364169120788574,0.2002643346786499,0.29457057,0.9879415265363177,1.8648961782455444,0.10866085439920425,0.5515598,1.030523399201982,2.1012420654296875,0.20539717376232147,0.25430784,0.9927495879285613,2.149611711502075,0.11793655157089233,0.376331,0.9972426997838536,2.310549020767212,0.1997630000114441,0.28943357,0.9818839228646606,2.274096965789795,0.19923743605613708,0.36403006,0.9938868457212134,1.7355622053146362,0.15764208137989044,0.38295493,1.025458338627381,2.0395987033843994,0.19185057282447815,0.4867721,0.9673094443859374,1.968381643295288,0.1709534078836441,0.51202136,0.959306454594163,2.030033588409424,0.20268313586711884,0.38422722,0.9827879577170354,1.8252661228179932,0.28549522161483765,0.5011019,0.9167413699239382,2.3067736625671387,0.6145949959754944,0.49551287,0.46718079368791066,1.852755069732666,0.2501382529735565,0.2179685,0.3995997086799148,2.141707420349121,0.2062641978263855,0.20964572,0.688483795146928,3.295013666152954
1,0.03966417908668518,0.23412694,0.736191182757865,3.123798370361328,0.01786430925130844,0.17786089,0.5483752881904594,2.3591907024383545,0.0007338448194786906,0.14105277,0.3118592556494796,1.465903639793396,0.11491084843873978,0.37069306,0.9653969548148539,1.7035551071166992,0.18553589284420013,0.30409074,0.9485977070949126,1.8356356620788574,0.10529608279466629,0.41339812,0.9490349477787295,1.8072901964187622,0.2312646508216858,0.33538175,0.9549125860264813,1.6881442070007324,0.09960970282554626,0.27687964,0.9532178998437897,1.7621030807495117,0.28663328289985657,0.21065027,0.960532489119565,1.3989050388336182,0.05814143642783165,0.49436185,0.9823314049635967,1.8620527982711792,0.16761234402656555,0.29417276,0.9719061453786517,1.9603499174118042,0.06185075268149376,0.5445943,0.9995113650438575,2.0672073364257812,0.17574188113212585,0.27487537,0.9710398218662214,2.184347152709961,0.07830137759447098,0.38404837,0.9835937020013048,2.3728411197662354,0.11872173100709915,0.23660377,0.9711958343992293,2.244774103164673,0.1512124240398407,0.32831272,0.9778805817316168,2.090510129928589,0.04526242986321449,0.39885324,1.0026063573776909,1.9571011066436768,0.0954941064119339,0.4782171,0.950477983503567,1.7984179258346558,0.08845032751560211,0.40133312,0.9435150112312571,1.8125394582748413,0.1256939172744751,0.37262577,0.9631429279926861,1.819603443145752,0.1613648235797882,0.4706904,0.9184399466937359,2.3495419025421143,0.5349127650260925,0.45719358,0.49028745094115983,2.2246620655059814,0.21995800733566284,0.1889243,0.3983165566189114,2.399141788482666,0.1274266541004181,0.14443439,0.6769987390251749,3.4963672161102295
1,0.03248613327741623,0.23449555,0.736563221996181,2.2578041553497314,0.0069197798147797585,0.108826086,0.5431424137821189,1.4967457056045532,0.0001971404126379639,0.098306745,0.31959968784073295,1.4119064807891846,0.14741994440555573,0.29807544,0.965322088756109,1.6236616373062134,0.22228817641735077,0.2200671,0.9518624097148329,1.7406138181686401,0.1367950141429901,0.34268427,0.9212577480959856,1.4405324459075928,0.2802377939224243,0.23555785,0.9663321686145584,1.5648388862609863,0.1617365926504135,0.22571208,0.938203673051277,1.4674427509307861,0.3055294156074524,0.1592707,0.9754832268021211,1.6524863243103027,0.14197401702404022,0.39686498,1.0168995890187695,1.944948673248291,0.22214463353157043,0.25584927,0.9929594177188192,1.6607325077056885,0.16494940221309662,0.47302932,1.0491461596837333,2.10384202003479,0.2514469027519226,0.19048588,0.9952253403272846,2.149479866027832,0.18326883018016815,0.28676954,1.009043948503856,2.337242364883423,0.2419508546590805,0.21769203,0.9863130117070321,2.018169641494751,0.2498726099729538,0.24888694,0.9914042173546659,1.7717030048370361,0.22665657103061676,0.3610297,1.0350725560860579,2.2676210403442383,0.26873189210891724,0.420479,0.9239513751770587,2.237476110458374,0.2789171040058136,0.38634175,0.9123987088574239,2.051826000213623,0.2817660868167877,0.27043825,0.9375023999784188,1.827998399734497,0.37424755096435547,0.4093116,0.8399269472552693,2.2598092555999756,0.6196076273918152,0.46809617,0.4402612051869401,1.7883415222167969,0.26389411091804504,0.26597616,0.3740179134264215,2.0439035892486572,0.16187025606632233,0.2740228,0.6370963008930869,3.0784871578216553
1,0.04043630510568619,0.25967434,0.7383318523505771,2.774461269378662,0.017278404906392097,0.14805833,0.5484828650953404,1.9153019189834595,0.0002400907251285389,0.12194908,0.31611622438093673,0.9290162920951843,0.1338956505060196,0.32547632,0.9695663823282231,1.5170531272888184,0.22294847667217255,0.23454456,0.953549776720316,1.556839942932129,0.11405202746391296,0.35896134,0.9442044089339464,1.8077795505523682,0.2782555818557739,0.27456716,0.9628451153093264,1.746110439300537,0.1395605057477951,0.25098825,0.9512302511414279,1.7415670156478882,0.2797231674194336,0.16985466,0.9674919566339379,1.6701538562774658,0.09304774552583694,0.42152473,0.9958513516487473,2.06516432762146,0.1613142490386963,0.283013,0.9864962354522446,1.9009310007095337,0.12334787845611572,0.42938524,1.0161543804443078,2.057204246520996,0.1757463812828064,0.22013357,0.9777400723861916,2.2694919109344482,0.11289094388484955,0.3029905,0.995830297404958,2.4404067993164062,0.19069650769233704,0.23483986,0.9791140779991417,2.2147722244262695,0.21898892521858215,0.24238612,0.9833334829154584,1.9557580947875977,0.13582569360733032,0.40735152,1.0274572849693142,2.229052782058716,0.16884322464466095,0.45325765,0.9604015942423475,2.0724236965179443,0.15459218621253967,0.4298336,0.9469126098426671,1.960235357284546,0.17695146799087524,0.31743592,0.970127393199764,1.9042346477508545,0.25736984610557556,0.41936922,0.8915010870248086,2.454651355743408,0.5651006698608398,0.5144013,0.47191245079656235,2.058900833129883,0.21470685303211212,0.2303502,0.3950173446175445,2.2731990814208984,0.12201643735170364,0.20819585,0.6414432131534487,3.2426486015319824
0,0.035726677626371384,0.2565193,0.736519840414575,2.663545608520508,0.009938204661011696,0.128343,0.5442256007231786,1.9175653457641602,0.0003547239466570318,0.11437827,0.3133496824622112,0.9676522612571716,0.11374638974666595,0.33567342,0.9687793268308567,1.7325849533081055,0.1944916695356369,0.2551953,0.9531053004648035,1.8842332363128662,0.1150079220533371,0.36151797,0.9426877077928738,1.8074746131896973,0.2470160275697708,0.25856867,0.9649825981055692,1.7541097402572632,0.13803258538246155,0.2422465,0.9534051083340048,1.7996641397476196,0.28490203619003296,0.18279,0.9714662209872658,1.6471545696258545,0.09995873272418976,0.43751144,0.9983566797533434,1.8876557350158691,0.1884879320859909,0.25734797,0.9842161423360016,1.9378901720046997,0.10561929643154144,0.4521001,1.0182234401079202,2.037686824798584,0.20881593227386475,0.22614433,0.9830768542771156,2.1745991706848145,0.10133789479732513,0.29639888,0.9892084289298337,2.3724632263183594,0.2025657296180725,0.20818475,0.977959788590924,2.2069485187530518,0.2245512157678604,0.24218912,0.9850446393407696,1.9789232015609741,0.14659878611564636,0.3851729,1.009101763817728,2.3415687084198,0.20100624859333038,0.42758477,0.9368991340886564,2.1476151943206787,0.1569320410490036,0.4220573,0.9305693094864336,2.054453134536743,0.19647061824798584,0.30810255,0.9639904858471074,1.7359670400619507,0.28353017568588257,0.44089916,0.8927207303583294,2.372847080230713,0.5784634351730347,0.44188645,0.47059443182399047,1.9750618934631348,0.2262692153453827,0.20618536,0.3868358404116026,2.1398634910583496,0.13510960340499878,0.19743,0.6679366374502822,3.3034818172454834
0,0.028765562921762466,0.25552353,0.7475890365435465,2.8032360076904297,0.013872639276087284,0.14348702,0.5516282958668984,2.066795825958252,0.0005005811108276248,0.12199914,0.32070709592516056,1.0858200788497925,0.12315920740365982,0.33656335,0.9678498357581629,1.451468825340271,0.16138488054275513,0.2479629,0.9515899032694747,1.9735006093978882,0.10489916801452637,0.3694496,0.9398961804864959,1.628983736038208,0.23613058030605316,0.26763847,0.9646701595720297,1.6948636770248413,0.11306531727313995,0.2608401,0.950136763947873,1.7439391613006592,0.2965680658817291,0.18648852,0.9702600502593745,1.3630783557891846,0.0762714222073555,0.43963948,0.9961187271976681,2.0051891803741455,0.17444263398647308,0.28638068,0.9802878335157218,1.7060096263885498,0.10806502401828766,0.49924114,1.0013453337194214,1.9630131721496582,0.20332826673984528,0.23957005,0.9743032099141865,1.895024299621582,0.10526623576879501,0.3453115,0.978996242014106,2.3995635509490967,0.18497341871261597,0.2417857,0.9726475335659193,2.2552413940429688,0.17890657484531403,0.28830686,0.9779069725567641,2.0638997554779053,0.12542317807674408,0.40636432,1.006156667015751,2.3338685035705566,0.1838996261358261,0.42467552,0.9502520099576619,2.1451549530029297,0.16405631601810455,0.45320374,0.9343616608234746,1.919711947441101,0.18374906480312347,0.30735236,0.9591440870682334,1.6168423891067505,0.22719928622245789,0.45802748,0.8991354552201104,2.647696018218994,0.527008593082428,0.50711423,0.4904125794428739,2.1179797649383545,0.20238259434700012,0.20331247,0.41530396331100483,2.289602756500244,0.1234106793999672,0.19525251,0.6694288988703426,3.3224096298217773
0,0.04487494006752968,0.2615498,0.7401301543901884,3.0379934310913086,0.010379983112215996,0.14357352,0.5526001816983752,2.1590018272399902,0.00033409331808798015,0.13375476,0.3183584780711136,1.236067771911621,0.12828902900218964,0.3326841,0.967031564124316,1.5067930221557617,0.2091543823480606,0.24599853,0.951652438086169,1.7041857242584229,0.11357337981462479,0.3967647,0.9495711166061096,1.693084478378296,0.22495490312576294,0.30406672,0.9591562946681146,1.9848155975341797,0.12571017444133759,0.26514226,0.9544616761235467,1.7827508449554443,0.3137604892253876,0.18209052,0.9627949589735978,1.5482873916625977,0.06969098746776581,0.4530347,0.9854585443938892,1.6774296760559082,0.18051742017269135,0.2808919,0.973710551224013,1.717911958694458,0.09963586926460266,0.518251,1.004782317168252,1.922069787979126,0.221810981631279,0.23840275,0.9727008670119596,2.432372808456421,0.09786669909954071,0.34806156,0.9865577185158557,1.9744279384613037,0.1975886970758438,0.23502538,0.9706370383736438,2.5003771781921387,0.17199139297008514,0.3003887,0.9804402482753971,2.2446372509002686,0.05190667510032654,0.38803482,1.0093181204420574,2.021836519241333,0.1081404760479927,0.4441537,0.9512193961754365,1.778696894645691,0.13270890712738037,0.4512324,0.941667483560415,1.9997318983078003,0.14581847190856934,0.32545075,0.9687282586238157,1.9268443584442139,0.20553259551525116,0.47574478,0.9134292945391393,2.4965572357177734,0.5459958910942078,0.48211282,0.47750132932233563,2.182796001434326,0.24800600111484528,0.17918015,0.40219141623256355,2.3254785537719727,0.14134971797466278,0.16284253,0.6737588394353047,3.3544669151306152
1,0.0335114486515522,0.26290855,0.7572093754784717,2.840686559677124,0.017970792949199677,0.17761733,0.5743667879173866,1.9937368631362915,0.00040082455961965024,0.12510222,0.32294605116207387,1.23990797996521,0.1286419928073883,0.39974245,0.965608866694905,1.3983114957809448,0.1790274977684021,0.33424824,0.9507894938842204,1.795377254486084,0.09940006583929062,0.46778455,0.942133562405546,1.5867619514465332,0.2797629237174988,0.34467664,0.9550728150360087,1.416750431060791,0.12393809109926224,0.3449739,0.9386366528851143,1.4096901416778564,0.3027113974094391,0.19712394,0.9658654382630866,1.3980989456176758,0.09065825492143631,0.46622983,0.9938930348926212,1.8340617418289185,0.21625366806983948,0.34155235,0.9786596737782449,1.6849664449691772,0.1020735651254654,0.49820697,0.9937703382449007,1.786877155303955,0.2166437804698944,0.2759258,0.9794110295088694,1.6142919063568115,0.11847522109746933,0.30842802,0.9897948740487004,1.970903754234314,0.21875210106372833,0.3026051,0.9737024177833518,2.3204119205474854,0.2295711487531662,0.3124626,0.9689179548991058,2.1723971366882324,0.1429271250963211,0.42094895,1.0029556968956101,1.8246705532073975,0.2063513845205307,0.4924958,0.9337813095547233,1.923409104347229,0.23006023466587067,0.41492426,0.9136305055658889,1.810351848602295,0.2487659603357315,0.30715227,0.9076784976224895,1.722617506980896,0.2875703275203705,0.5128564,0.8414821295328135,2.3371284008026123,0.5667319297790527,0.472217,0.39450604714993615,1.7811063528060913,0.15775460004806519,0.20014371,0.3068595169206803,1.9333555698394775,0.1223742812871933,0.15880361,0.5318329826558645,2.806823492050171
0,0.036021340638399124,0.25790823,0.7350082469134769,2.793595314025879,0.01703888364136219,0.16042586,0.5417603154711561,1.979755163192749,0.0003293920890428126,0.12428667,0.3130045538416472,1.082708477973938,0.12062723189592361,0.32974118,0.9696306562736186,1.7151572704315186,0.22508716583251953,0.265979,0.9538289263194482,1.787360668182373,0.1215343326330185,0.36218673,0.9483867126852402,1.4750760793685913,0.22127528488636017,0.27725947,0.9622461329151939,1.6927438974380493,0.1291394978761673,0.26884845,0.952614302914113,1.5437753200531006,0.2944665849208832,0.17554013,0.9650373875258662,1.6885989904403687,0.09026556462049484,0.43991464,0.9955533676538123,2.041491985321045,0.16676801443099976,0.28217772,0.985088774416233,1.8468523025512695,0.10712721198797226,0.44070074,1.0142157787631418,2.065619707107544,0.24681906402111053,0.223995,0.9759191845621521,2.1589150428771973,0.10226985067129135,0.2844319,0.991912352467317,2.186392307281494,0.18198224902153015,0.22605264,0.9763474124257417,2.1242191791534424,0.1970495730638504,0.25064543,0.9807363715834247,2.018594980239868,0.12380115687847137,0.3704635,1.0169845308563867,2.0880179405212402,0.13077311217784882,0.44447196,0.9627789439861787,1.8129043579101562,0.12844078242778778,0.45843914,0.9527196515831979,1.9986283779144287,0.1740586757659912,0.31944516,0.9767716852999275,1.8484723567962646,0.23405872285366058,0.43569514,0.9062749737403489,2.382798671722412,0.5454276204109192,0.49546766,0.4680475099829898,2.0201611518859863,0.2032407969236374,0.20888807,0.38865068777899553,2.298004388809204,0.13592827320098877,0.19953988,0.6453244098518051,3.2545077800750732
0,0.04939793050289154,0.22816871,0.7432692081117864,3.1845383644104004,0.022975869476795197,0.15606043,0.5624284403487144,2.416062355041504,0.0005845490377396345,0.1570752,0.31645867847012665,1.4109599590301514,0.10544168204069138,0.35311818,0.9656920163427044,1.6928157806396484,0.20593589544296265,0.26857,0.9471691419882315,2.0242960453033447,0.0939725711941719,0.39876342,0.9494585821318949,1.8696497678756714,0.20664992928504944,0.30903554,0.954172418820994,1.9077856540679932,0.11757498979568481,0.27264723,0.9522301143598162,1.9059020280838013,0.27481934428215027,0.18961546,0.9595234092559287,1.579329252243042,0.054307084530591965,0.47775373,0.9834746135106668,2.0998494625091553,0.17097227275371552,0.28280938,0.9705350098058461,1.6960526704788208,0.07864832133054733,0.5546936,0.9972734666376416,2.0863308906555176,0.17912563681602478,0.2522825,0.9676303925373171,2.122812509536743,0.06985805183649063,0.38923275,0.9822158281688306,2.076925039291382,0.14001502096652985,0.2406519,0.9667377534505428,2.1473867893218994,0.15959841012954712,0.3146607,0.9739152992104887,2.093097448348999,0.03804979473352432,0.40393153,1.0014877260297423,2.086794137954712,0.10544822365045547,0.45822585,0.9457059950441314,2.023737907409668,0.10433772206306458,0.42493257,0.9368085183547004,1.8762174844741821,0.13893620669841766,0.32067907,0.9529638173393488,1.8095364570617676,0.17026926577091217,0.5073564,0.9087704603135389,2.329338550567627,0.5467074513435364,0.4979889,0.4924957129042171,2.191861391067505,0.25737205147743225,0.17916618,0.3919103987561021,2.3582353591918945,0.1486101746559143,0.13990757,0.6649139799123367,3.3432633876800537
0,0.05854060873389244,0.27172577,0.736723457050414,2.9233779907226562,0.014456195756793022,0.16575196,0.5437490760272519,2.1381092071533203,0.0006421132711693645,0.14101537,0.32451172346165835,1.1450177431106567,0.11644384264945984,0.3517191,0.9683293903667755,1.762548804283142,0.19896481931209564,0.27502993,0.9517454578224963,1.9285666942596436,0.11357054114341736,0.38593888,0.9473005875333013,1.7529749870300293,0.2313508242368698,0.32073733,0.9594245072423735,1.8566288948059082,0.12138430774211884,0.28132305,0.9543826968607463,1.716672420501709,0.27797213196754456,0.1917335,0.9646334321891477,1.5213555097579956,0.07190046459436417,0.4670845,0.991749215999533,2.004181146621704,0.1704825609922409,0.33151412,0.9771584152405142,1.8903559446334839,0.11183758825063705,0.53872633,1.0111020211355828,2.0788867473602295,0.20892523229122162,0.24113165,0.9742973887056458,2.274778127670288,0.10189127177000046,0.3546834,0.9919178453061269,2.247938394546509,0.1547842025756836,0.27073994,0.9780951705781621,2.4040818214416504,0.17138442397117615,0.3401874,0.979627578927789,2.1464738845825195,0.06569064408540726,0.39681113,1.0054053211359588,2.08943772315979,0.12120021134614944,0.46759763,0.9468672064365582,1.9700915813446045,0.11212408542633057,0.49954334,0.9446071688396773,1.714938998222351,0.1440405696630478,0.31592873,0.9648536511168645,1.742297887802124,0.2062748372554779,0.495844,0.9075583740998435,2.5461835861206055,0.5407229065895081,0.53027236,0.4879417107188317,2.2080273628234863,0.25112226605415344,0.18055063,0.41274931068912546,2.3776657581329346,0.14685417711734772,0.17356864,0.6817960240458886,3.3904547691345215
0,0.024334825575351715,0.23167884,0.741484773226911,2.497279167175293,0.008288702927529812,0.120994546,0.5537062816701349,1.734916090965271,0.0002824871044140309,0.10056549,0.3177119077166869,1.0854383707046509,0.1229127049446106,0.32127827,0.9688684462538214,1.6510156393051147,0.20166070759296417,0.2456631,0.9527189849488984,1.7945046424865723,0.12393251061439514,0.3523876,0.9391571310700394,1.8376235961914062,0.2602353096008301,0.24787182,0.9651391498801374,1.5916409492492676,0.14159397780895233,0.2432358,0.9477888048928513,1.693631887435913,0.27004507184028625,0.18221435,0.9736749966107192,1.577538013458252,0.1063787117600441,0.4129213,1.0058275893949054,2.009042739868164,0.19569538533687592,0.26060867,0.9897901301964711,1.7001454830169678,0.11946462094783783,0.4421959,1.0240566466175962,2.1333892345428467,0.21674016118049622,0.21870464,0.9882713390744509,2.144455909729004,0.1188679039478302,0.30374175,0.9921239282786848,2.295649528503418,0.21726223826408386,0.21699965,0.9807814645386813,2.232116460800171,0.2299632728099823,0.24893714,0.9866740421007022,2.1082284450531006,0.1671312004327774,0.3821875,1.0257804256700482,2.388604164123535,0.19961659610271454,0.44034168,0.9466494721323094,2.256582021713257,0.1815805733203888,0.44838488,0.9346724625651004,2.013533115386963,0.2224387675523758,0.30918646,0.9625349608020152,1.8255976438522339,0.3075432777404785,0.43182757,0.8776340356338629,2.378549098968506,0.5817867517471313,0.46189076,0.46223126410334475,1.975513219833374,0.23958775401115417,0.21485545,0.38524599476284327,2.087188243865967,0.13254019618034363,0.21385644,0.652288918909842,3.1705853939056396
1,0.03555406257510185,0.24259989,0.7321072267560881,2.640503168106079,0.008502538315951824,0.1282294,0.537769040095466,1.932766079902649,0.0001793053961591795,0.10699935,0.31894980664028855,1.555766224861145,0.12430522590875626,0.34848976,0.966277019933487,1.456240177154541,0.19910484552383423,0.25074232,0.9520491917470244,1.573838472366333,0.11454867571592331,0.38503155,0.9428665179804612,1.7173349857330322,0.25058698654174805,0.29041627,0.960389103830586,1.7798019647598267,0.10567860305309296,0.24756058,0.9450418059516335,1.8049196004867554,0.272092342376709,0.18930455,0.9669780248832709,1.4898936748504639,0.08257118612527847,0.44613522,0.9969495111248362,1.8518941402435303,0.18359774351119995,0.27425772,0.9824053431527494,1.5319966077804565,0.09276890009641647,0.47674325,1.0053930900732664,2.1630868911743164,0.20179955661296844,0.24615233,0.9786901842798161,1.8844306468963623,0.10483431071043015,0.29400328,0.9902858452457441,2.258805990219116,0.22393940389156342,0.23711407,0.980403359657543,2.209926128387451,0.18618981540203094,0.28849337,0.9885095679492674,2.1346418857574463,0.10142148286104202,0.35956582,1.0396442848678344,1.8913424015045166,0.24865864217281342,0.43729958,0.9716000510904043,2.3362362384796143,0.15569354593753815,0.49473923,0.957649692599289,2.1121695041656494,0.18231415748596191,0.3176383,0.9726740528551815,1.948911428451538,0.23138698935508728,0.4557208,0.8949668071085524,2.62088942527771,0.5268733501434326,0.5284901,0.44779585628370544,1.935435175895691,0.219625785946846,0.20574646,0.378922376662446,2.1525285243988037,0.1333661526441574,0.20170635,0.6643353271746419,3.2629411220550537
0,0.039119917899370193,0.24577874,0.7271654924051439,3.033170223236084,0.018196407705545425,0.17022727,0.5392935872923036,2.2438571453094482,0.0005327480612322688,0.14961126,0.31550725693565373,1.3433271646499634,0.11115075647830963,0.35011852,0.9660694769969999,1.8321250677108765,0.18630799651145935,0.27456775,0.9498604600895502,2.10978627204895,0.11331017315387726,0.4069416,0.9496211090389949,1.7736408710479736,0.20142309367656708,0.31656995,0.9565355353592484,2.1082003116607666,0.12691044807434082,0.2758074,0.9543334149422699,1.789171814918518,0.2509037256240845,0.20046517,0.9618575021748146,1.5373954772949219,0.0694870874285698,0.48146483,0.9882022852977167,2.1026229858398438,0.16666372120380402,0.31591895,0.9751963415885346,1.7342164516448975,0.07950373739004135,0.53450865,1.0037160746183595,2.3495564460754395,0.19658799469470978,0.25961456,0.9724263171110474,2.164623260498047,0.07954730093479156,0.389274,0.9863383085189962,2.0765743255615234,0.16968204081058502,0.29774278,0.9705779750335001,2.364865779876709,0.19153426587581635,0.32121003,0.9738014869895388,2.0191798210144043,0.0697314441204071,0.39038667,0.9994140656780643,2.406770706176758,0.09562370181083679,0.47061977,0.949993560403829,2.2716453075408936,0.1009087935090065,0.4498276,0.9405898890125787,1.9312630891799927,0.13598603010177612,0.31006387,0.953367198575541,1.9685723781585693,0.18445058166980743,0.48739412,0.908341451873637,2.449256181716919,0.5496246218681335,0.49288985,0.4595449066858419,2.075143337249756,0.24058564007282257,0.18223973,0.3726376425554109,2.304409980773926,0.13095100224018097,0.16487736,0.6502244585845736,3.400264263153076
0,0.045622631907463074,0.27340168,0.7275344702827172,2.7155020236968994,0.0049917809665203094,0.14872131,0.5296366522559749,1.8633760213851929,0.00023609373602084816,0.12495501,0.31783157443616095,1.071509838104248,0.12517423927783966,0.3516581,0.9691283448224802,1.996101975440979,0.18791048228740692,0.28076318,0.9539211832322608,1.7679742574691772,0.12223048508167267,0.39219874,0.9444309675739192,1.6812491416931152,0.24111321568489075,0.28934833,0.9652255422506345,1.865343451499939,0.1647234410047531,0.22706966,0.9525839042251686,1.8076117038726807,0.29486116766929626,0.18620068,0.968702026252309,1.5468453168869019,0.09460033476352692,0.4385507,0.9925848283738039,2.1290013790130615,0.18528828024864197,0.2970683,0.9834334241141263,1.8451482057571411,0.10275784879922867,0.42983535,1.0202591482552668,1.9186378717422485,0.22517889738082886,0.2420391,0.9839332544020615,2.2745752334594727,0.11077746003866196,0.2710937,0.9975666560148063,2.2684972286224365,0.1918449103832245,0.2644208,0.9809205551915489,2.075709581375122,0.2017766833305359,0.24356961,0.9926701218327484,1.9725542068481445,0.11781104654073715,0.37668607,1.026560781653183,2.346060276031494,0.15496262907981873,0.45725456,0.9645372923259663,2.2188541889190674,0.1482785940170288,0.43521073,0.9616988788088724,2.0306613445281982,0.18080857396125793,0.3340404,0.9903138986292681,1.765455961227417,0.25233981013298035,0.49732998,0.9207299301471442,2.5707497596740723,0.606744110584259,0.44736108,0.47918206141643904,1.9428273439407349,0.24706922471523285,0.20844334,0.40863125059309313,2.2195675373077393,0.15398770570755005,0.1877012,0.6871846015325744,3.4054675102233887
0,0.047351885586977005,0.27080107,0.7367284173361274,3.011078357696533,0.019293246790766716,0.17625119,0.544818137595498,2.162017822265625,0.0006287064170464873,0.14257064,0.31485183085551083,1.3892178535461426,0.11112385243177414,0.35434672,0.9661199308191547,1.5404934883117676,0.21302632987499237,0.27735317,0.9510559596260422,1.9254549741744995,0.10643872618675232,0.39284083,0.9481073040329855,1.9140623807907104,0.2148871123790741,0.32045907,0.9588843870573925,1.8981192111968994,0.1242080107331276,0.26579195,0.9550366215560656,1.9192140102386475,0.2964385151863098,0.19829568,0.9631622091866548,1.576512098312378,0.07903468608856201,0.44305858,0.9860336356744256,2.1554384231567383,0.15228767693042755,0.32642385,0.9749819028698243,1.90000319480896,0.06947869062423706,0.55011225,1.0027056209489824,2.089325428009033,0.18643979728221893,0.26775175,0.9693587217527226,1.959240198135376,0.09355568140745163,0.40027556,0.9832855086664589,2.0044984817504883,0.15198305249214172,0.32781833,0.9721959205152356,2.422391414642334,0.1567453145980835,0.3863624,0.9822022763921333,1.878981351852417,0.08817426860332489,0.39551264,1.0084619979615488,2.156583786010742,0.10159355401992798,0.48143712,0.9576458502102848,1.869387149810791,0.11055357754230499,0.45584285,0.9537750558602054,1.782240867614746,0.15629784762859344,0.31973428,0.976736743348658,1.8423213958740234,0.1664513200521469,0.5416722,0.9262094749302249,2.585365056991577,0.5269435048103333,0.4798872,0.49819784207476125,2.2336130142211914,0.2370239645242691,0.1981751,0.41781706442386796,2.485732316970825,0.13017122447490692,0.1701917,0.6900466224239993,3.477112054824829
0,0.03668646514415741,0.2457626,0.7425138620507409,2.7120893001556396,0.014305314980447292,0.14366376,0.5574492074120274,2.006624698638916,0.00028572705923579633,0.12058561,0.3179518333613841,0.931410551071167,0.11782049387693405,0.32817653,0.9665714533774623,1.5740580558776855,0.1702936440706253,0.23791401,0.9527302645308028,1.835280179977417,0.10715244710445404,0.35301682,0.939082164055713,1.831990361213684,0.2309870421886444,0.2467692,0.9632944732996879,1.8139588832855225,0.11938854306936264,0.24607414,0.9521339756275833,1.742436408996582,0.31201645731925964,0.17280334,0.9710788825214188,1.5172693729400635,0.08254554867744446,0.43283048,0.9966591565801092,2.093407392501831,0.1877289116382599,0.28684852,0.9847106121134953,1.900187373161316,0.10483852028846741,0.50682074,1.012028166069667,1.9154486656188965,0.20106244087219238,0.21944089,0.9777094762318936,2.152158498764038,0.10848131775856018,0.32105094,0.9916265974677962,2.450637102127075,0.19973206520080566,0.2083308,0.9779137762284508,2.3065366744995117,0.2153472900390625,0.2941675,0.9869129279709103,1.9904005527496338,0.14625738561153412,0.3849999,1.009795276822502,2.3792879581451416,0.2036457061767578,0.41719928,0.939611334684984,2.189697265625,0.16593264043331146,0.42763272,0.9230834205132203,2.2013142108917236,0.1986728459596634,0.30674416,0.954746756400664,1.909756064414978,0.2600521147251129,0.43964177,0.893190288626437,2.4287049770355225,0.5811740756034851,0.5167516,0.4880762388883783,1.9850449562072754,0.2172221839427948,0.21279258,0.38836806557279757,2.165116786956787,0.12532277405261993,0.19997285,0.6290519432104447,3.081836462020874
0,0.04438856989145279,0.22424759,0.7410798796888136,3.2818410396575928,0.020066579803824425,0.17223813,0.5530603542026006,2.4829752445220947,0.0005375425680540502,0.14496553,0.32022269319078844,1.4819614887237549,0.11079826951026917,0.3743838,0.9640869496091907,2.1596333980560303,0.19193997979164124,0.29890883,0.9457975284525499,1.9203884601593018,0.10154707729816437,0.41596904,0.9489041248163007,1.720815896987915,0.1907089203596115,0.35121897,0.9534937150728836,1.896414041519165,0.09155359864234924,0.29351544,0.953848154211797,2.0234930515289307,0.29060718417167664,0.19906035,0.9580754824813028,1.4930483102798462,0.04925400763750076,0.51053166,0.9809935492973202,1.907662034034729,0.17276056110858917,0.3108929,0.9694171529591834,1.4921623468399048,0.054782941937446594,0.5367407,0.9946335573063303,2.4344255924224854,0.16726914048194885,0.27883926,0.9656611774470354,1.8925420045852661,0.0717710480093956,0.42433602,0.9815302200710185,2.3904972076416016,0.13176549971103668,0.2915057,0.9680292991397654,2.3731958866119385,0.14310790598392487,0.3498067,0.9753931647541499,1.975506067276001,0.042235925793647766,0.39849433,1.0019769762405226,2.227377414703369,0.08716536313295364,0.48239747,0.9556674808355293,2.045620918273926,0.09201939404010773,0.50526565,0.9476055473565361,1.8725279569625854,0.11758555471897125,0.35806185,0.9690046267618828,1.8857238292694092,0.1484123021364212,0.5470908,0.9238006343204543,2.4285624027252197,0.5126520991325378,0.4951823,0.5018742557564216,2.292603015899658,0.2404758334159851,0.17152704,0.3977291431575515,2.3625473976135254,0.14841310679912567,0.15443784,0.6878365976886884,3.4877986907958984
0,0.03801516816020012,0.26592135,0.7331769712097016,2.8422203063964844,0.017894262447953224,0.17332578,0.5427475727381111,2.0476105213165283,0.0002810329897329211,0.13720033,0.3138198092482168,1.1640475988388062,0.11405178159475327,0.35126278,0.9689656216699892,1.817031979560852,0.20288796722888947,0.26634666,0.952931327362211,1.78549063205719,0.1289178729057312,0.3743843,0.948321216830358,1.64219069480896,0.24017231166362762,0.27461582,0.9619231104310186,1.9051839113235474,0.12992270290851593,0.26180258,0.9529990559900564,1.7989932298660278,0.3075884282588959,0.18593879,0.9637967087008948,1.526334285736084,0.08366991579532623,0.4363093,0.99137129304207,2.02288818359375,0.17344774305820465,0.28338444,0.9819330628275635,1.739762544631958,0.09299459308385849,0.4683015,1.0108184666113216,1.8681366443634033,0.19782955944538116,0.23174365,0.9738974898107285,2.1839256286621094,0.10557162761688232,0.28022918,0.98895146080563,2.3844172954559326,0.18744225800037384,0.23423861,0.9736317947602124,1.956346035003662,0.2065282016992569,0.25173783,0.9784752590808128,1.9566895961761475,0.12144918739795685,0.37398362,1.0070731010750693,2.247779607772827,0.1946650743484497,0.46515015,0.9545325473760456,1.9025585651397705,0.12339983880519867,0.47437066,0.9465054696087486,1.988858699798584,0.16521406173706055,0.3319236,0.9728606739310611,1.8538577556610107,0.23375524580478668,0.4535775,0.9077024536406002,2.3730838298797607,0.5482029914855957,0.51258814,0.4769570707306703,2.079317331314087,0.21199515461921692,0.21201809,0.3979820039027963,2.3236162662506104,0.13241146504878998,0.19289182,0.6568615051067792,3.3153605461120605
0,0.02641323022544384,0.25925717,0.7282940212109101,2.9459049701690674,0.012118445709347725,0.15249696,0.5324391028752294,2.18561053276062,0.0002514934749342501,0.14191718,0.3176688402974078,1.3732898235321045,0.12105188518762589,0.36156398,0.9672877190713316,1.8262948989868164,0.1983819454908371,0.2939015,0.9515513476802125,1.8227354288101196,0.1074642539024353,0.4020846,0.9502201996592027,1.9115692377090454,0.21768061816692352,0.33948898,0.9611195205217185,1.8564462661743164,0.13003233075141907,0.26868936,0.9564272945667138,1.6720246076583862,0.29230040311813354,0.20015554,0.9629388670218223,1.5694068670272827,0.07560968399047852,0.45040277,0.9867357504695041,1.8055264949798584,0.16990305483341217,0.3240169,0.9768392566221886,1.7111501693725586,0.09827222675085068,0.5379262,1.0062761894847019,2.144603729248047,0.19378472864627838,0.27009532,0.9731393672852642,2.136674165725708,0.10895262658596039,0.37327576,0.9853465971327662,2.395425319671631,0.15163438022136688,0.30001706,0.9726410163553154,2.1709585189819336,0.14582441747188568,0.31602883,0.9801309327320596,1.9910621643066406,0.07403456419706345,0.3917634,1.010021352540363,2.2174787521362305,0.12253470718860626,0.484878,0.9606892613417672,2.101029872894287,0.1017964705824852,0.48905608,0.9567055433540408,1.8558071851730347,0.1364029198884964,0.34531444,0.9846170710691959,1.877454161643982,0.20783483982086182,0.5159667,0.929999560768701,2.4829227924346924,0.5367746949195862,0.47237659,0.5000568806355618,2.1786673069000244,0.22569294273853302,0.19214444,0.4204434932535274,2.447031021118164,0.16812430322170258,0.17651409,0.6977783431414665,3.513852596282959
1,0.05281487852334976,0.27273142,0.7294217196512436,2.7174923419952393,0.008784833364188671,0.16122505,0.5293954316896679,1.9043303728103638,0.00020165419846307486,0.1372054,0.3207177054551006,0.9530652761459351,0.1141703724861145,0.3662069,0.9684214143025273,1.7787182331085205,0.1753637045621872,0.2437461,0.9538751805129527,2.074129343032837,0.12907232344150543,0.39288333,0.9457714798095104,1.603916049003601,0.24353289604187012,0.29365718,0.9672670570384139,1.8548853397369385,0.15017975866794586,0.23127252,0.9544101477271159,1.6747338771820068,0.29101720452308655,0.17960267,0.9713725448959188,1.5575364828109741,0.10208901017904282,0.44595927,0.9964252282948257,2.0837643146514893,0.20309217274188995,0.29486465,0.9831652638432028,1.6534392833709717,0.14443467557430267,0.5150268,1.0184452919017792,2.0230305194854736,0.24176044762134552,0.25376207,0.9847562966224411,2.296311378479004,0.10509705543518066,0.40444246,0.9918974221476963,2.2899327278137207,0.18497474491596222,0.30949295,0.9784977333522741,2.275324821472168,0.19857628643512726,0.34937373,0.9865109226984417,2.0493619441986084,0.15662464499473572,0.40067518,1.0109580675290315,2.2286665439605713,0.16698773205280304,0.4914618,0.9492526230689794,2.0428385734558105,0.1566154956817627,0.50028497,0.9454049826770332,2.011690139770508,0.2012806534767151,0.34652475,0.9682641907902638,1.815409541130066,0.24893851578235626,0.52890027,0.899525377034221,2.4953558444976807,0.5971889495849609,0.48701727,0.46979046995528617,1.9133259057998657,0.2541392743587494,0.20712756,0.38643328720062564,2.28749942779541,0.15955178439617157,0.1809412,0.6820600816126029,3.3316736221313477
1,0.043507009744644165,0.24028589,0.7593829532147897,3.09425950050354,0.02593117766082287,0.14031215,0.5864508856698099,2.332573175430298,0.0014079175889492035,0.12469315,0.32702205841490767,1.0009535551071167,0.12421750277280807,0.36190253,0.9643441258291351,1.6559720039367676,0.1562146097421646,0.30425587,0.950770238906706,1.902411699295044,0.11121515184640884,0.3933738,0.944141367468077,1.7073071002960205,0.24506767094135284,0.30889246,0.9548269986953234,1.8803246021270752,0.1064615324139595,0.31213978,0.9443760931929905,1.4558274745941162,0.2619664669036865,0.1887761,0.9656276843564449,1.651057481765747,0.0771891251206398,0.43679878,0.988629077733573,1.9442577362060547,0.1711147427558899,0.28735733,0.9786676954028495,2.023268222808838,0.07955900579690933,0.48506,0.9979167586437183,1.9093750715255737,0.1974790245294571,0.22454423,0.9774191879865958,2.133268117904663,0.0996333584189415,0.28439233,0.9947439633517742,2.199974536895752,0.21858029067516327,0.24206413,0.9806529958110917,1.655230164527893,0.19431735575199127,0.2570857,0.9727610310212589,2.1545372009277344,0.0870375782251358,0.40517488,1.0162391561893818,1.976183533668518,0.14925700426101685,0.43748793,0.9509750741156471,2.011227607727051,0.1616135835647583,0.40405092,0.9346497055913978,1.9109693765640259,0.2022441327571869,0.2937633,0.9183457186108062,1.9283595085144043,0.22841204702854156,0.45308578,0.8554754203521833,2.306640386581421,0.5431278347969055,0.48127514,0.4273067096974058,1.8521969318389893,0.2077908217906952,0.17251693,0.31649799347677854,2.060126543045044,0.13726335763931274,0.12379319,0.5344604699966105,2.9448506832122803
0,0.04719998687505722,0.25483412,0.7369109595499705,3.02555251121521,0.018038548529148102,0.16019273,0.546612531191768,2.2393100261688232,0.00040246074786409736,0.14056215,0.3177487313639469,1.3777037858963013,0.10914599895477295,0.34178388,0.9671083636699916,1.4745807647705078,0.1965903639793396,0.25881383,0.9505930136472737,1.9360404014587402,0.09844141453504562,0.3926,0.9474094827505012,1.5600295066833496,0.21047736704349518,0.30357808,0.9587409152453299,1.7938860654830933,0.12805800139904022,0.26083404,0.9551882543650562,2.001828908920288,0.30649471282958984,0.18791592,0.962431132463353,1.6232497692108154,0.07344698905944824,0.44815344,0.9865910724117571,1.775177240371704,0.16940203309059143,0.32027736,0.9760385677507608,1.3461582660675049,0.08888903260231018,0.5428969,1.0053860642270853,2.1672441959381104,0.21761032938957214,0.24273027,0.9716748973933235,2.3213608264923096,0.09532175958156586,0.36743298,0.9873971110466095,2.112653970718384,0.1610546112060547,0.26047778,0.9717440032355897,2.093580961227417,0.1837654709815979,0.32001895,0.9825741944419742,2.044347047805786,0.060837745666503906,0.39307022,1.0122151059455786,2.477761745452881,0.11877653747797012,0.47051647,0.9573639284784097,2.048135995864868,0.11829725652933121,0.4631916,0.9477646279151136,1.8937190771102905,0.15481875836849213,0.33278754,0.9712313521279816,1.9367293119430542,0.2019953727722168,0.4578318,0.9197333946913013,2.3604769706726074,0.5443628430366516,0.48468494,0.4774539872799659,2.1001057624816895,0.23317337036132812,0.19604918,0.39223438298174534,2.3299367427825928,0.13420160114765167,0.17133144,0.6745458003075822,3.396381139755249
0,0.04332514479756355,0.26041475,0.7370833561806546,3.0741360187530518,0.018789665773510933,0.16880263,0.5523081532008325,2.2755637168884277,0.0004486715770326555,0.14824486,0.3144255864373241,1.2553480863571167,0.0993901789188385,0.3563933,0.9669734093055911,2.0655899047851562,0.19048014283180237,0.27401915,0.9505836321738785,1.9838958978652954,0.11416955292224884,0.38137573,0.9496501774614537,1.8326280117034912,0.20719335973262787,0.31707668,0.958535712992637,1.9363536834716797,0.10906108468770981,0.27252227,0.9561330682084863,1.9387288093566895,0.27997279167175293,0.19853878,0.963752907208187,1.635696291923523,0.06516344100236893,0.47206336,0.9859389007282781,1.9748839139938354,0.16594275832176208,0.3104177,0.9747410074502696,1.700079321861267,0.07328753173351288,0.5357831,1.0000734337922177,2.220427989959717,0.15934927761554718,0.25558564,0.9721625044410054,2.1696712970733643,0.0888533890247345,0.40319216,0.9815103405847312,2.0999135971069336,0.15389688313007355,0.2810167,0.9714839621752721,2.2323129177093506,0.14858955144882202,0.3134342,0.9769370939978631,2.1970131397247314,0.05640077590942383,0.40704018,1.0093393313365693,2.1389689445495605,0.1094176396727562,0.46992344,0.9529201601524755,2.039097547531128,0.10619582235813141,0.46955648,0.9463758407703339,1.8690094947814941,0.15070714056491852,0.34840268,0.9692148319087897,1.8531444072723389,0.18886812031269073,0.49508575,0.9115715348112967,2.591761350631714,0.5454986691474915,0.4834403,0.48542671779620683,2.1495838165283203,0.2148888111114502,0.19026922,0.38562171793763006,2.3356823921203613,0.14092615246772766,0.15003027,0.6726473468102152,3.4165451526641846
0,0.05013974756002426,0.24662624,0.7188852341093962,3.1183621883392334,0.01606922410428524,0.20262866,0.531467978599791,2.394803762435913,0.00020244548795744777,0.1447348,0.3160026975495975,1.563070297241211,0.10515932738780975,0.3764087,0.963695093284301,1.466081142425537,0.18975549936294556,0.29176497,0.9476177916227776,2.184070110321045,0.10349714010953903,0.40480766,0.9502816630803242,2.0075511932373047,0.2060796171426773,0.34498033,0.9543706463741396,2.166033983230591,0.10726423561573029,0.26353168,0.9540047587507965,2.125896453857422,0.26575618982315063,0.20682612,0.9573179970618655,1.6026792526245117,0.06260766088962555,0.47787365,0.9816043273349296,2.002992868423462,0.15993361175060272,0.3264542,0.969400322626114,1.927037000656128,0.07848119735717773,0.5463957,0.9971977287686821,2.2271392345428467,0.16631536185741425,0.2977583,0.9671593647274981,2.1554970741271973,0.0758848637342453,0.38199505,0.9814151889074307,2.455440044403076,0.14531177282333374,0.2975418,0.9673163226144694,2.4311845302581787,0.11305780708789825,0.37639195,0.9781073368774748,2.1636130809783936,0.07828719168901443,0.41784513,1.0135508571296872,2.229724884033203,0.1521042138338089,0.48116326,0.967794094991654,2.2898499965667725,0.08106955140829086,0.51263034,0.9659093607177148,1.9782462120056152,0.1340760439634323,0.33795702,0.9837220985506987,1.854189157485962,0.12781435251235962,0.5198807,0.9373250209190748,2.3507931232452393,0.5367091298103333,0.48466694,0.5058730969290985,2.268322706222534,0.22410902380943298,0.16846873,0.4165432199649111,2.44004487991333,0.14760670065879822,0.14689052,0.6963433881084421,3.51513671875
0,0.033136412501335144,0.2283155,0.7360527810437788,2.1856002807617188,0.006717795506119728,0.11014821,0.5422504677637471,1.5221911668777466,0.0003236997581552714,0.085898116,0.31916776223319265,1.2530176639556885,0.14820030331611633,0.29861706,0.9673700124355643,1.64530611038208,0.21484419703483582,0.21918094,0.9527101874785087,1.610215187072754,0.141225665807724,0.3192649,0.9305494608595212,1.6611273288726807,0.2641816735267639,0.2277334,0.969047589918972,1.4467285871505737,0.16664160788059235,0.22471121,0.9441687928042843,1.609902024269104,0.3145563006401062,0.1548151,0.977570244089336,1.5892783403396606,0.12422911822795868,0.35752425,1.0153484537205342,2.1739935874938965,0.22203683853149414,0.23795953,0.9942705828924039,1.8011720180511475,0.16045509278774261,0.40260652,1.0412827539729588,2.1364963054656982,0.26206517219543457,0.1858629,0.9933932070599543,1.9740283489227295,0.1394157111644745,0.20785314,1.0037731295032761,2.560519218444824,0.2594641447067261,0.1980947,0.9851702427076274,1.9871068000793457,0.23900803923606873,0.21618807,0.9934220685293985,2.0696778297424316,0.26046204566955566,0.35914835,1.0297620392958484,2.474836587905884,0.239305317401886,0.3992778,0.9389968071815279,2.4142391681671143,0.26074445247650146,0.41738153,0.9302472811651593,2.199457883834839,0.24834324419498444,0.27360412,0.9572748378183369,1.9239838123321533,0.3483235239982605,0.41125533,0.8619914521171378,2.2893707752227783,0.6029641628265381,0.46025282,0.4624739505426539,1.8691480159759521,0.2271680384874344,0.2339634,0.3779615189644133,2.0706331729888916,0.1432334929704666,0.24175538,0.6358857647812118,3.094562530517578
0,0.05130304768681526,0.21322757,0.7459961417601888,3.3045599460601807,0.01986539736390114,0.18128677,0.5553871300828178,2.486722946166992,0.00053472287254408,0.14238673,0.3127718785438188,1.5401071310043335,0.1084667518734932,0.37473434,0.9639062555523654,2.0820322036743164,0.1779114156961441,0.29312253,0.9464225732094839,1.788748860359192,0.0975138321518898,0.4090685,0.9479269045885359,1.6084091663360596,0.1806718111038208,0.3524547,0.9539076036243661,1.846153974533081,0.12317989021539688,0.28188998,0.9539299753764825,1.6855177879333496,0.2755879759788513,0.21665393,0.9591610648158603,1.441943645477295,0.061087872833013535,0.5069108,0.9792149688337386,2.1730494499206543,0.15844622254371643,0.31347054,0.9704768045010873,1.7816381454467773,0.06648866832256317,0.54962075,0.9935120589486838,2.144894599914551,0.15990997850894928,0.28324994,0.9674993316916437,1.9510631561279297,0.09713299572467804,0.41828114,0.9817901827297225,2.3272013664245605,0.1406753659248352,0.28141275,0.9670239355228937,2.133662462234497,0.1354677826166153,0.32314545,0.9740934356210318,2.057088851928711,0.04403534531593323,0.40087882,1.005775987484936,2.017876625061035,0.09836268424987793,0.4859901,0.957209652180378,2.10554838180542,0.08846642076969147,0.4794518,0.9511079506336778,2.0569207668304443,0.13627493381500244,0.3571936,0.9673640817676573,1.8641884326934814,0.15238040685653687,0.51118326,0.9259093803296181,2.6696133613586426,0.5123100280761719,0.4814892,0.47880100440405626,2.1959574222564697,0.23243896663188934,0.17392512,0.3888458261342927,2.3174965381622314,0.1639423966407776,0.14368735,0.6838191109841558,3.449465751647949
0,0.045748453587293625,0.26337403,0.7274793522260213,2.891608476638794,0.010795089416205883,0.16354023,0.5301806133586149,2.1516318321228027,0.0002405202976660803,0.1432176,0.3192913678756225,1.3665835857391357,0.12115398794412613,0.3560227,0.9671647879267422,1.7300699949264526,0.2150334119796753,0.30267507,0.9514753878115304,1.9379774332046509,0.1141420304775238,0.40402648,0.9502073177575852,1.763898491859436,0.21122349798679352,0.3317356,0.9614116068873105,1.8279708623886108,0.11933650821447372,0.27643037,0.956647881377391,1.6816751956939697,0.2910997271537781,0.21022785,0.9625197149628847,1.6566126346588135,0.0743035078048706,0.45998695,0.9862138822694205,1.8838587999343872,0.16312773525714874,0.32978684,0.9764627026159638,1.601567029953003,0.0987023189663887,0.539608,1.0057190636599946,2.0900750160217285,0.18151319026947021,0.2720575,0.9729497932962227,2.186696767807007,0.09502951055765152,0.36923122,0.9858552502229876,2.406435012817383,0.16279444098472595,0.29679078,0.9729668330281633,2.2139227390289307,0.17659589648246765,0.31490868,0.980890554833898,2.1108150482177734,0.07782778888940811,0.3976001,1.013041075467128,2.3984031677246094,0.12664850056171417,0.47974727,0.96386685395153,1.959775686264038,0.11053415387868881,0.4835977,0.9579157239178793,1.850342035293579,0.1455967128276825,0.37583154,0.9834675289451119,1.9040533304214478,0.20656616985797882,0.5124826,0.9292878619043676,2.555420398712158,0.5512647032737732,0.4615865,0.49330277450512827,2.129596710205078,0.23058661818504333,0.19821455,0.4123403405994993,2.3463680744171143,0.16301396489143372,0.16766208,0.6905641645658127,3.4670286178588867
0,0.03407495096325874,0.26975107,0.7361974651912525,3.0427839756011963,0.021380282938480377,0.15848614,0.5509175160516727,2.249148368835449,0.0004364647902548313,0.14988542,0.31875167876342414,1.2004045248031616,0.10103629529476166,0.35551772,0.9667970645357045,1.8131537437438965,0.19371862709522247,0.2677112,0.9505984094428689,1.7889271974563599,0.12116300314664841,0.37870324,0.950280342781355,1.6954492330551147,0.22095857560634613,0.31768098,0.9581532361659421,1.9377566576004028,0.11177825927734375,0.27692,0.9566933710230344,1.9000176191329956,0.2902470529079437,0.19971073,0.9632308711169311,1.5710391998291016,0.06913938373327255,0.4728701,0.985738537428352,2.120330572128296,0.1607147753238678,0.315636,0.9744651890769989,1.5906322002410889,0.06491979211568832,0.5429483,1.0003465470031612,2.4622368812561035,0.166988343000412,0.2574644,0.972117745148534,1.9656684398651123,0.08676837384700775,0.39329085,0.982203791853263,2.0076375007629395,0.15312311053276062,0.27288997,0.970805997874196,2.333223581314087,0.14256881177425385,0.302528,0.9770727649136123,2.2218384742736816,0.0452929325401783,0.42013046,1.007143874560789,1.9945842027664185,0.14702355861663818,0.47129008,0.9554065204476997,2.164508819580078,0.10678404569625854,0.48230007,0.9489447008314302,2.0009336471557617,0.140671968460083,0.35829753,0.9702540826794618,1.8076114654541016,0.17940323054790497,0.48850572,0.9148050415623364,2.4892096519470215,0.5427359938621521,0.4620494,0.490811553757318,2.140963315963745,0.23546773195266724,0.18889162,0.39132872848088424,2.325352668762207,0.1340399831533432,0.15376514,0.674930156571478,3.433476686477661
0,0.045660629868507385,0.24629937,0.7585612548979267,3.1509923934936523,0.027439028024673462,0.22773634,0.5805516589699742,2.3235104084014893,0.001794159528799355,0.15330464,0.31297981494787364,1.2898273468017578,0.10421416163444519,0.420943,0.9667050297381155,1.9371521472930908,0.22354595363140106,0.33743793,0.9519697190872256,1.6590856313705444,0.10436136275529861,0.45175242,0.9518945540150219,1.7593610286712646,0.2567574381828308,0.3689291,0.951616815792544,1.9575655460357666,0.10973118245601654,0.37570992,0.9479085989255236,1.2682818174362183,0.3107767403125763,0.22409353,0.9604629641649133,1.505639672279358,0.0802227333188057,0.4682328,0.9853000642899447,1.5292433500289917,0.1945992261171341,0.35468945,0.9712600407778469,1.575312614440918,0.1035337969660759,0.5516867,0.9919617612195117,1.826943039894104,0.17563210427761078,0.2825236,0.9683011299223879,1.9306597709655762,0.08234917372465134,0.34311214,0.9826118975852083,2.4172685146331787,0.18235276639461517,0.32551038,0.9735385578599699,2.092827558517456,0.16779176890850067,0.34012586,0.9695935919604804,2.232956647872925,0.07417801767587662,0.4103662,1.0050401028419191,2.236847162246704,0.16298571228981018,0.49213997,0.9457440222942286,1.9824903011322021,0.1970471739768982,0.41934186,0.9235535441028032,1.6991132497787476,0.23004846274852753,0.3242629,0.9093309919744504,1.8052809238433838,0.23292958736419678,0.5254545,0.8615949529689495,2.3555827140808105,0.6555503606796265,0.4815369,0.4288749557263044,1.6849039793014526,0.2279210090637207,0.15124118,0.27946192947906223,1.9725351333618164,0.19116735458374023,0.13468273,0.4955315219812443,2.677309036254883
0,0.038690030574798584,0.25792715,0.7310764749601035,2.810603380203247,0.007582888472825289,0.16338305,0.5380281729584224,1.9410779476165771,0.0001561835961183533,0.13339831,0.3183697741359966,1.1161669492721558,0.11518456786870956,0.3534322,0.9682098802299518,1.9161757230758667,0.20735697448253632,0.2671312,0.9526482482635775,1.7513930797576904,0.11745093017816544,0.38881034,0.9447370356846764,1.4182525873184204,0.23343880474567413,0.3075353,0.9628692892236421,1.9073888063430786,0.13667349517345428,0.25795764,0.9538887456873943,1.9980932474136353,0.30285364389419556,0.18429188,0.9656867660941686,1.6324864625930786,0.1012541875243187,0.45689824,0.9925760019498738,1.884689211845398,0.1725964993238449,0.3167959,0.9794020627649986,1.9309406280517578,0.09820443391799927,0.5181908,1.0071108365606363,1.9626387357711792,0.1934938132762909,0.24938928,0.9728670447678655,2.287658452987671,0.10641254484653473,0.3575413,0.9835887249154412,2.132556676864624,0.1817876249551773,0.28813717,0.9740114659914512,2.1936593055725098,0.1789534091949463,0.3014995,0.9794990943670392,2.1509478092193604,0.11882057040929794,0.38717416,1.0049446003438331,2.259003162384033,0.16744966804981232,0.47006756,0.9457645917842616,2.07412052154541,0.13230739533901215,0.47183034,0.941434593147405,1.9189037084579468,0.17080217599868774,0.32112473,0.9645116569408676,1.727062463760376,0.2496407926082611,0.50280213,0.9073597288143476,2.341127872467041,0.5877544283866882,0.4797677,0.4701834943439167,1.992692232131958,0.24089796841144562,0.22186452,0.3908418638854015,2.2861106395721436,0.16412511467933655,0.19421616,0.6666054387638318,3.374669075012207
0,0.060911089181900024,0.26784235,0.7332749215587626,3.0188708305358887,0.01198002602905035,0.1661347,0.5380764337343772,2.106304407119751,0.00025491698761470616,0.14339465,0.3200815962863119,1.3067535161972046,0.12088991701602936,0.35940406,0.9675124767409502,1.7951668500900269,0.19509829580783844,0.29041436,0.950763333862936,1.8903887271881104,0.10841197520494461,0.4080836,0.9473964972000318,1.7653106451034546,0.23816052079200745,0.32351753,0.9605027420935474,1.6894633769989014,0.13699688017368317,0.2724089,0.9541715104645986,1.7065496444702148,0.32186293601989746,0.20899451,0.9632476392232326,1.6146259307861328,0.06650295108556747,0.46880656,0.9861687270987186,2.004035711288452,0.1963866800069809,0.32410875,0.9745993649041917,1.9062002897262573,0.07331947237253189,0.5369206,1.0068116618494936,2.140580177307129,0.1896098405122757,0.2827544,0.973672534086536,2.4319581985473633,0.09434127807617188,0.399217,0.9872493109323254,2.1852829456329346,0.152422696352005,0.32873443,0.9721415462542432,2.2191200256347656,0.18773256242275238,0.36169818,0.9792199829202373,1.8953946828842163,0.05830872058868408,0.38578975,1.0046117430572512,2.4184367656707764,0.11828447878360748,0.4872013,0.9549058633629305,1.9045366048812866,0.13230398297309875,0.47869536,0.9463914023289315,1.8656991720199585,0.16416390240192413,0.36762628,0.9699322915251746,1.8087525367736816,0.2196582406759262,0.5298773,0.9195415891301404,2.411703109741211,0.5556091666221619,0.47188824,0.4771997871922101,2.1395506858825684,0.25742730498313904,0.19551468,0.39038197432535426,2.286130905151367,0.15360504388809204,0.17591125,0.6790533393015721,3.42020845413208
0,0.05692175775766373,0.22370976,0.739256516714463,3.2399957180023193,0.018607931211590767,0.17000608,0.5465428290820057,2.4708592891693115,0.0004142949474044144,0.15268748,0.3146948196726439,1.6040455102920532,0.12349533289670944,0.35755298,0.963480451758406,2.115226984024048,0.20288807153701782,0.28642112,0.9459683446626914,1.879621982574463,0.11587461829185486,0.4181312,0.9490496552889389,1.43541419506073,0.19935883581638336,0.33926278,0.9513632610347879,2.022204875946045,0.11994168907403946,0.28513616,0.9541700748318832,1.8543963432312012,0.29283371567726135,0.19760858,0.9556359563673159,1.5299181938171387,0.05194916948676109,0.5256898,0.9800512838812621,2.0656354427337646,0.17128077149391174,0.31182092,0.9671184934065852,1.63852858543396,0.0644712820649147,0.60072666,0.9902566936313401,2.385550022125244,0.18887583911418915,0.27979004,0.9647700407888682,2.0393197536468506,0.08516693860292435,0.42104962,0.97893857674943,2.2263009548187256,0.13195911049842834,0.27598292,0.9641675505161486,2.313516855239868,0.13105639815330505,0.32207134,0.9710389565650597,2.294663906097412,0.03569914028048515,0.4078427,1.0015486289453166,1.9871197938919067,0.07757395505905151,0.492922,0.9585395637299459,2.2585577964782715,0.07284046709537506,0.4797394,0.952118679864936,2.224346160888672,0.11375078558921814,0.35904023,0.968203376713214,2.233691930770874,0.12450848519802094,0.4913714,0.9262043449597245,2.7566237449645996,0.47410234808921814,0.48509014,0.47709215141747174,2.309469223022461,0.21354247629642487,0.16812447,0.40036886605155303,2.4798645973205566,0.14311251044273376,0.13422276,0.6755500214342229,3.4232752323150635
0,0.043571967631578445,0.25571027,0.7311470086807911,2.6856229305267334,0.010355336591601372,0.14225276,0.5353266032947436,1.8800753355026245,0.00017814140301197767,0.12730967,0.31493447491678456,1.0047303438186646,0.10691917687654495,0.33478016,0.9680162468112014,1.942969560623169,0.1873110681772232,0.26735464,0.9544775444900493,2.063708782196045,0.11042752861976624,0.3883547,0.9438784256619049,1.790238380432129,0.22797058522701263,0.30508855,0.965709644060613,1.7759929895401,0.15717703104019165,0.23795272,0.9536749607002943,1.7524685859680176,0.28975996375083923,0.19005111,0.9719859975900043,1.6908797025680542,0.10058551281690598,0.46215487,1.001728786693272,2.1381356716156006,0.18858417868614197,0.29073688,0.9858493084063535,1.707223653793335,0.10026881843805313,0.5040831,1.02412281177878,2.116909980773926,0.22104352712631226,0.24224485,0.9858745181407146,2.298595666885376,0.110162153840065,0.34907562,0.9958152642709758,2.3916876316070557,0.20270903408527374,0.21721807,0.9804522274501235,2.2225654125213623,0.2050471156835556,0.28178677,0.9903436704205192,1.9077110290527344,0.16322998702526093,0.39232868,1.0180662583718998,2.5245511531829834,0.22438184916973114,0.4441718,0.9481201606747219,2.3119049072265625,0.16575928032398224,0.44420433,0.9341860700462814,2.044018268585205,0.19246651232242584,0.31692195,0.9620444987914859,1.6630897521972656,0.2784273326396942,0.45813534,0.892842233410855,2.4541609287261963,0.6111423969268799,0.46078113,0.46234828779239945,1.886689305305481,0.24384737014770508,0.20870903,0.37758084024762,2.1174464225769043,0.1529584676027298,0.1987499,0.6609620469318956,3.34220814704895
0,0.02395709604024887,0.26085776,0.7676730424274114,2.450946569442749,0.017246117815375328,0.19668067,0.597113725726281,1.6577597856521606,0.0003989393590018153,0.12319186,0.32258536404039234,1.3015934228897095,0.15436986088752747,0.3791991,0.9656026947471029,1.4083195924758911,0.16744861006736755,0.32111037,0.9517498636113475,1.8161571025848389,0.11607411503791809,0.44783434,0.9313787106931184,1.397996187210083,0.310568243265152,0.28036466,0.9579924959927525,1.6218889951705933,0.14183363318443298,0.34632382,0.9311670408675495,1.3491348028182983,0.348882794380188,0.16828491,0.9693147334763156,1.4673832654953003,0.11875928193330765,0.47596437,1.017840520274361,1.786259412765503,0.21309062838554382,0.3027943,0.9907665781212194,1.71712327003479,0.17329365015029907,0.5541331,1.0114660213181093,1.735109567642212,0.24858155846595764,0.21380953,0.9821131688472062,2.0447323322296143,0.1421438604593277,0.31502017,0.9975880301557951,2.2018203735351562,0.29164543747901917,0.25877538,0.9797758629910901,2.02626895904541,0.29321321845054626,0.2637587,0.9669044037715844,2.127673387527466,0.28090256452560425,0.4453555,1.0363280775344905,1.9338148832321167,0.32725808024406433,0.47368386,0.9300775961182782,1.7592604160308838,0.34405723214149475,0.37883073,0.8956922599376405,1.6524837017059326,0.3474646806716919,0.28123206,0.8804334481484999,1.6408082246780396,0.39054420590400696,0.50237566,0.8139463200496161,1.949683427810669,0.6532489061355591,0.48097503,0.3989629820317966,1.5147392749786377,0.1751580387353897,0.21795586,0.29284910552412496,1.860198736190796,0.17176927626132965,0.17655987,0.42448165766720697,2.2060184478759766
0,0.05428505688905716,0.2675009,0.7412938911725503,2.692810297012329,0.017408449202775955,0.15656482,0.5446793498626529,1.8736310005187988,0.00045228886301629245,0.12478208,0.31808627674118284,1.0018893480300903,0.11983892321586609,0.34176305,0.9696376175227418,1.6725414991378784,0.19780299067497253,0.27241522,0.9527034110016274,1.8397152423858643,0.11075650155544281,0.3856426,0.9434897094903971,1.5661169290542603,0.2574782967567444,0.28458253,0.964438196116734,1.448063611984253,0.14026594161987305,0.24227668,0.9496712313606125,2.004138708114624,0.2955620586872101,0.18618403,0.9710091300181991,1.5329838991165161,0.08526192605495453,0.44821274,1.000501899454595,2.130697727203369,0.1937723159790039,0.28420994,0.9857575310781156,1.7498037815093994,0.10849204659461975,0.499755,1.0266123059622563,2.083003282546997,0.20378516614437103,0.25400057,0.9872040782203101,2.2810440063476562,0.11347545683383942,0.27527162,0.9982378578027996,2.387378692626953,0.18649202585220337,0.22266714,0.9839427587805112,2.208448648452759,0.20368491113185883,0.28342563,0.9905303726323544,1.9850590229034424,0.14710986614227295,0.39406645,1.0278492864095528,2.0810601711273193,0.18294307589530945,0.46425954,0.9470834047400701,1.9831515550613403,0.1644836962223053,0.4268014,0.9371067272077885,1.9011285305023193,0.19486558437347412,0.31590337,0.9618637240641726,1.668112874031067,0.29861152172088623,0.45311436,0.8863720192975197,2.388711929321289,0.6085484027862549,0.44877288,0.46928816271718404,1.904601812362671,0.2563115060329437,0.21671557,0.3905703055710307,2.1907761096954346,0.15532363951206207,0.19251151,0.6729359176958329,3.362884044647217
0,0.038592543452978134,0.2568916,0.739484521778954,3.0303685665130615,0.021922556683421135,0.16474713,0.557128336707658,2.2822425365448,0.00038074617623351514,0.14601417,0.3189290333369822,1.2270935773849487,0.10858352482318878,0.3528381,0.9675369104120246,1.8208937644958496,0.1853543370962143,0.27593356,0.9515145253419098,1.8959360122680664,0.11512883007526398,0.3724298,0.9506424343718707,1.7655020952224731,0.2434832751750946,0.31848356,0.9594308576616842,1.9369245767593384,0.11282045394182205,0.27863026,0.9573485000502441,1.7208443880081177,0.2922030985355377,0.19778703,0.964711725231041,1.4650201797485352,0.061230793595314026,0.47353625,0.9868549962748883,1.8020377159118652,0.1587255448102951,0.309196,0.9752279943418128,1.7229560613632202,0.07784757018089294,0.53147906,1.0019628280514568,2.1137328147888184,0.17354610562324524,0.2601518,0.9730678962608224,2.1886746883392334,0.08610526472330093,0.41001594,0.9841821059709019,2.111180543899536,0.1685115396976471,0.28749934,0.9725399700881789,2.307203769683838,0.16416922211647034,0.31585813,0.9777743483585964,2.057067632675171,0.050650615245103836,0.41097108,1.0106055974939125,2.1838624477386475,0.12057347595691681,0.47017932,0.9522351949390518,2.000229835510254,0.10953598469495773,0.45034218,0.9440543647693336,2.090153455734253,0.15102556347846985,0.34586382,0.9668571359710983,1.9157686233520508,0.19367653131484985,0.48882917,0.9087187665950391,2.518681764602661,0.5439589023590088,0.5000045,0.4834765622946912,2.133985757827759,0.22493693232536316,0.17780164,0.3863410190815186,2.2651515007019043,0.13989004492759705,0.15950355,0.6714870534428614,3.3795390129089355
0,0.0372309572994709,0.25486198,0.7353388874556622,2.8266923427581787,0.01702246256172657,0.14782836,0.536907741194339,1.9638413190841675,0.0002840378729160875,0.12505859,0.3130740213286224,1.1527070999145508,0.10965603590011597,0.347217,0.9686271909990749,2.0286154747009277,0.18742609024047852,0.28401628,0.9535144173108547,1.9256374835968018,0.10820897668600082,0.392429,0.9460046140726242,1.8222508430480957,0.2292361557483673,0.32823896,0.9651199135079314,1.705496907234192,0.14370572566986084,0.24472149,0.9537825869197013,1.675246238708496,0.28608548641204834,0.19562174,0.9699306715562543,1.5144855976104736,0.09718259423971176,0.46683174,0.9948107931766444,1.797286868095398,0.19739212095737457,0.2979311,0.9809407100496027,1.849320411682129,0.09837470203638077,0.51398396,1.013103341533724,1.9432822465896606,0.22430238127708435,0.25293344,0.9809038115618409,2.291001796722412,0.1012471616268158,0.35716087,0.9891190529437707,2.262889862060547,0.1867310255765915,0.22421914,0.9762336307398733,2.139512538909912,0.190965473651886,0.27357414,0.9857729809990423,2.0957818031311035,0.1205621212720871,0.38320303,1.0126598166083836,2.397522211074829,0.15702460706233978,0.46591806,0.9445878304249872,1.9735069274902344,0.14608252048492432,0.4231485,0.9394572061454068,1.8486905097961426,0.17286355793476105,0.3271972,0.9690552792469928,1.7453123331069946,0.25349152088165283,0.47319895,0.9009591956261627,2.400942325592041,0.5930987596511841,0.45922855,0.47430219318738004,1.9621000289916992,0.24981087446212769,0.20650476,0.3849165007805241,2.1689441204071045,0.1651114672422409,0.19487788,0.6767367272826026,3.39380145072937
1,0.02632005698978901,0.26675543,0.7396404261441031,2.778838872909546,0.011415570043027401,0.15590107,0.545666431072174,1.9272699356079102,0.00021879244013689458,0.13344142,0.31396989151051563,1.0806668996810913,0.1217578873038292,0.3389,0.9701742444560416,1.7118988037109375,0.21543993055820465,0.25410408,0.9545815392846811,1.858273983001709,0.12671434879302979,0.3662198,0.9476990261121307,1.697218656539917,0.24712803959846497,0.26297766,0.9636833381166132,1.6850827932357788,0.13264381885528564,0.2535416,0.9525720044467524,1.9862017631530762,0.29859021306037903,0.17187506,0.9665650175557204,1.618330955505371,0.08038824051618576,0.4291602,0.9992285271041653,1.702499270439148,0.17192469537258148,0.276961,0.9869468311052649,1.772115707397461,0.11113256961107254,0.42748046,1.0160987654244262,1.9401884078979492,0.25458574295043945,0.21574749,0.9778316803417759,2.318686008453369,0.13418243825435638,0.2725891,0.993626348681369,2.3124477863311768,0.1923377364873886,0.24472107,0.977470506926139,2.249791383743286,0.22210045158863068,0.25936636,0.9829014677876732,1.948590636253357,0.14058880507946014,0.3906904,1.0191170211143297,2.1378703117370605,0.18054671585559845,0.460889,0.9606491356102225,1.9904255867004395,0.13959649205207825,0.4625412,0.9507663087363315,2.1108498573303223,0.18404830992221832,0.33119258,0.9748647512701312,1.862133502960205,0.25541168451309204,0.44350693,0.899814033763358,2.4760971069335938,0.573944628238678,0.49011248,0.46731533617297,1.9292271137237549,0.21243791282176971,0.22099715,0.3890374911742337,2.255695343017578,0.13701361417770386,0.21137263,0.653316468527722,3.297959566116333
1,0.0339503213763237,0.25865394,0.7545397690914661,3.0700018405914307,0.030065646395087242,0.13609867,0.5972440837409249,2.336116313934326,0.0007211296469904482,0.12413641,0.3242989308220371,1.0628294944763184,0.11607871949672699,0.3773885,0.9667290453877792,1.776174545288086,0.1770823895931244,0.29615292,0.9504656432530665,1.9077684879302979,0.09718987345695496,0.41549346,0.9449558042905056,1.7254419326782227,0.251629114151001,0.31236458,0.953973437809574,1.8371813297271729,0.1051221489906311,0.32687524,0.9500442325431316,1.4939526319503784,0.22981879115104675,0.19846146,0.9647214722349527,1.5085389614105225,0.06812308728694916,0.50026953,0.9870547142874622,1.6703431606292725,0.16004619002342224,0.31357142,0.9770896123045447,1.9840588569641113,0.06896297633647919,0.5789713,0.9939637327627465,2.221158742904663,0.1783609837293625,0.25889945,0.976285247864727,2.096606492996216,0.09500955790281296,0.3583851,0.9978794252629365,2.033712148666382,0.22497081756591797,0.25941756,0.9770095430556074,2.070753812789917,0.17611880600452423,0.2979335,0.9720564949874059,2.1908440589904785,0.06354401260614395,0.40178457,1.0134340203887355,1.7037053108215332,0.18876299262046814,0.47131142,0.9351419492672198,1.8120325803756714,0.14948055148124695,0.4312982,0.9108566338054879,1.9274647235870361,0.20281347632408142,0.3040988,0.906236102383905,1.8863155841827393,0.2515812814235687,0.47060144,0.8436332409074663,2.3186261653900146,0.5896669030189514,0.48989853,0.4231752242617446,1.7326511144638062,0.23360764980316162,0.16801566,0.303794447663367,2.011524200439453,0.1645113080739975,0.12918922,0.5075086001297371,2.7117230892181396
0,0.05069948360323906,0.24308458,0.7347500833224577,3.069263458251953,0.01856442540884018,0.15770961,0.5432254219521621,2.2490737438201904,0.00034448172664269805,0.14534348,0.3135738777733886,1.188433289527893,0.11631671339273453,0.35343188,0.9652640725472911,1.8611373901367188,0.197273388504982,0.28244287,0.9483541057880377,1.8086401224136353,0.11668611317873001,0.40419325,0.9485379629079732,1.6345210075378418,0.2085900753736496,0.32473004,0.9559656925216222,1.8722227811813354,0.11507239937782288,0.26667148,0.9537674341174003,1.749219298362732,0.3043471872806549,0.20600805,0.9605913679544511,1.492967128753662,0.06428945809602737,0.48049602,0.9812576268045278,1.9037376642227173,0.17327427864074707,0.31021267,0.9700946758421428,1.8970098495483398,0.07310307025909424,0.56670177,0.9951320791466625,2.0547125339508057,0.17792436480522156,0.27006918,0.9684051609034392,2.091022491455078,0.08628834038972855,0.40054387,0.9819708203263876,2.075688362121582,0.13402076065540314,0.30882683,0.9677623462066547,2.394885301589966,0.14291831851005554,0.3429517,0.9746455232327377,2.183154821395874,0.042221684008836746,0.39639652,1.0037299702039655,2.2265284061431885,0.10141322761774063,0.4753671,0.9552680365867089,1.9345297813415527,0.11435384303331375,0.49643794,0.9471742212652642,1.8982913494110107,0.1332102119922638,0.37286565,0.969300131548539,1.8033766746520996,0.16899599134922028,0.53019124,0.9221702952369308,2.3188071250915527,0.5138949155807495,0.48930708,0.49175940452446587,2.250838041305542,0.2329976111650467,0.1559332,0.40134706715457397,2.3975346088409424,0.1409418135881424,0.14100233,0.6906290727688835,3.4690427780151367
0,0.04453616216778755,0.27649894,0.7361768312744893,3.0665762424468994,0.02132948487997055,0.15659948,0.5536450313966373,2.2940430641174316,0.0005304909427650273,0.14758416,0.31531285874279247,1.299487590789795,0.0986630842089653,0.35308966,0.9672274459539018,1.757159948348999,0.1977749466896057,0.28375393,0.9510754997940729,1.9335271120071411,0.11170312017202377,0.38750798,0.9507163226635224,1.7503504753112793,0.2181873619556427,0.31397352,0.9591943739147503,1.887203574180603,0.11736192554235458,0.2733368,0.9575951515303364,1.7333166599273682,0.26746654510498047,0.19437066,0.9641448518415635,1.4424463510513306,0.06343952566385269,0.47722694,0.9868090685982526,2.048217535018921,0.1631782203912735,0.3104573,0.9755028387079147,1.7996773719787598,0.066289521753788,0.53998774,1.0016119744173024,2.255157947540283,0.17732684314250946,0.25192598,0.9725472021341574,2.234675407409668,0.08590857684612274,0.4041721,0.9821227938311218,2.1318910121917725,0.14740605652332306,0.27859753,0.9715588941780051,2.301603317260742,0.15320423245429993,0.30737403,0.9780195178729596,1.9699361324310303,0.046630315482616425,0.39794067,1.0099508051460668,2.394538640975952,0.11064678430557251,0.46883875,0.9535864353017934,1.9394583702087402,0.10042539983987808,0.47158208,0.946004127650636,1.8897343873977661,0.1406000852584839,0.3518478,0.967909930607423,1.7960383892059326,0.1725047528743744,0.49175072,0.9130872543504989,2.47761607170105,0.546226978302002,0.4623223,0.48926911866185224,2.1173338890075684,0.24571631848812103,0.18495269,0.39128460173440743,2.318976640701294,0.15288987755775452,0.16014694,0.6775045235336317,3.4365363121032715
1,0.03899920731782913,0.24399365,0.7611035913865422,3.139784336090088,0.024512076750397682,0.15570854,0.5776034617716838,2.3114986419677734,0.0009926537750288844,0.14138596,0.31304730565385835,1.1927109956741333,0.11309564113616943,0.3905801,0.9647529318370848,1.639291763305664,0.1748398244380951,0.29203632,0.9505988106066449,1.6766042709350586,0.08834672719240189,0.4143808,0.9478622022908244,1.885465145111084,0.21262842416763306,0.29443508,0.9537797265702732,1.8643885850906372,0.11665631830692291,0.3233555,0.950432950513438,1.5341649055480957,0.25407859683036804,0.20351103,0.9632314735266422,1.4788424968719482,0.06875089555978775,0.44101983,0.9853009321824969,1.9079152345657349,0.15205888450145721,0.28584278,0.9731841024331732,1.8556071519851685,0.07210725545883179,0.51404893,0.9918974697928191,1.8750014305114746,0.17841549217700958,0.2702757,0.9762540898760326,2.1614668369293213,0.08040738105773926,0.32269755,0.991109964570282,2.225646495819092,0.19728340208530426,0.2693113,0.9734396230798807,2.2432122230529785,0.19010506570339203,0.24967055,0.9679163526519887,1.8894026279449463,0.055303845554590225,0.40288615,0.998107633339725,1.765985131263733,0.16474999487400055,0.4403336,0.9188268482493176,1.8683686256408691,0.15658700466156006,0.44247183,0.9020406398926408,1.8283946514129639,0.17728404700756073,0.299688,0.9073822293161518,1.8116962909698486,0.2400428205728531,0.46435556,0.8593199940169929,2.3983047008514404,0.5618319511413574,0.49017197,0.42270313950655114,2.0097944736480713,0.24151644110679626,0.17306316,0.3125067229366591,2.121579647064209,0.16235646605491638,0.12828518,0.5338180983827722,2.9342188835144043
0,0.03639258071780205,0.26798666,0.7293498165679161,2.892634391784668,0.017137901857495308,0.18204206,0.5359136260974477,2.096613883972168,0.00019320269348099828,0.15045382,0.31221474476325295,1.3844401836395264,0.1272030919790268,0.36957312,0.9676683649151943,2.0835132598876953,0.2099393904209137,0.2836774,0.9517590646307571,2.0367743968963623,0.11483827978372574,0.40162048,0.948857503365939,1.4941877126693726,0.2109432816505432,0.3256511,0.960862466151536,1.7880820035934448,0.13207966089248657,0.27726695,0.9546608224595889,1.9529588222503662,0.30214327573776245,0.18624634,0.9609420081123151,1.7011175155639648,0.07936137914657593,0.46608874,0.9890210846056408,2.0027642250061035,0.173745259642601,0.33424515,0.978398033781428,1.7357455492019653,0.0786384865641594,0.56124765,1.00817950325015,2.1857306957244873,0.22355885803699493,0.24647899,0.9713880932845871,2.308140516281128,0.09738175570964813,0.37359613,0.9870321825823098,2.055574893951416,0.1567165106534958,0.27115107,0.9716356903859646,2.4362306594848633,0.19686651229858398,0.27895734,0.9790092280663975,2.050586462020874,0.09742105007171631,0.37407503,1.0080258997335445,2.3590316772460938,0.11639431864023209,0.490919,0.9594163551169539,1.9868354797363281,0.11222581565380096,0.47155267,0.9547068371394855,1.9547418355941772,0.14799971878528595,0.31686738,0.9766386273641263,1.8692715167999268,0.1953716278076172,0.49021238,0.9184588150132663,2.572330951690674,0.553584098815918,0.5033244,0.485661328033608,2.1262857913970947,0.22060011327266693,0.2015125,0.40089607227624635,2.3626317977905273,0.12983809411525726,0.18975535,0.6590067720440828,3.337813138961792
0,0.04752694070339203,0.24692494,0.7265905482131356,3.252889633178711,0.03875699266791344,0.20094931,0.5496163230413182,2.5835678577423096,0.000628916546702385,0.152387,0.3175768530897069,1.7536808252334595,0.11340336501598358,0.39579466,0.962318749710906,1.7479299306869507,0.22268804907798767,0.3193255,0.9438274975708653,1.7439554929733276,0.09717400372028351,0.427948,0.949213074517459,1.7905802726745605,0.18120785057544708,0.37805325,0.9511472702392375,2.0982701778411865,0.11191308498382568,0.28924525,0.9527391275650837,1.8095762729644775,0.2938702702522278,0.2143755,0.9536916633324604,1.6740226745605469,0.053691234439611435,0.50828886,0.9787212683160156,2.1356167793273926,0.1601817011833191,0.34405345,0.9662153110573235,1.880421757698059,0.08672615885734558,0.53753287,0.991298233374172,2.3042805194854736,0.1584201157093048,0.29313233,0.9619823732617773,2.3222427368164062,0.06899265199899673,0.40549755,0.978163793093319,2.3372557163238525,0.13168741762638092,0.30769017,0.9630534079294812,2.4029319286346436,0.14053644239902496,0.32927865,0.9696997613649121,2.031806230545044,0.07188703864812851,0.39585844,0.9980680089701357,2.027998208999634,0.10128923505544662,0.4728516,0.9603110046043011,2.2563390731811523,0.07247909158468246,0.5073581,0.9567348030303111,2.0718331336975098,0.11639933288097382,0.36831033,0.969327555829302,2.0392277240753174,0.14028635621070862,0.53068346,0.9296338764936224,2.3763349056243896,0.4840216338634491,0.5042189,0.48251640476795177,2.351557731628418,0.19556407630443573,0.16780618,0.39215038237683136,2.452249050140381,0.12956774234771729,0.14388585,0.683047911573966,3.528702974319458
0,0.03192035108804703,0.26337993,0.7489007334175193,3.1486032009124756,0.021191203966736794,0.16681786,0.565556082808328,2.2895684242248535,0.0005883679841645062,0.14926003,0.3194556031858646,1.4907565116882324,0.12276642769575119,0.35276824,0.9686842533703764,1.67362642288208,0.19399377703666687,0.2654786,0.9508735770103873,1.9707881212234497,0.11978182941675186,0.39883512,0.9471165676221383,1.7460575103759766,0.2139246016740799,0.3305065,0.9584354711382589,2.066558837890625,0.12599553167819977,0.2655516,0.953741958380505,1.8135567903518677,0.2979651689529419,0.19439262,0.9616423706806322,1.692757487297058,0.06537101417779922,0.48539695,0.9828805155696315,1.800727367401123,0.15740294754505157,0.3105624,0.97423367863421,1.7820463180541992,0.08175672590732574,0.5503751,0.9976013817613152,2.120833396911621,0.1848450005054474,0.26594302,0.9693092318499161,2.2562310695648193,0.10495872795581818,0.38415045,0.9829544994686292,1.8859862089157104,0.1717483252286911,0.27686313,0.9707017368691324,2.3683950901031494,0.1535467952489853,0.34485248,0.977407842096961,1.8621011972427368,0.09666194021701813,0.3920008,1.0051820534061693,2.1924562454223633,0.10577036440372467,0.47146785,0.9425087772038222,1.9463638067245483,0.1244923546910286,0.45240784,0.9333118084845854,2.065084934234619,0.15740562975406647,0.32327875,0.95695009138959,1.8095412254333496,0.1839284747838974,0.5109517,0.9036375404728124,2.6375296115875244,0.5226289629936218,0.49635786,0.4784405871479561,2.141453742980957,0.2334349900484085,0.19890514,0.39638761299600844,2.264786720275879,0.1338726282119751,0.16047125,0.663269704846219,3.280156373977661
0,0.04369617998600006,0.26474553,0.7258653919289818,2.953892230987549,0.011428126133978367,0.15336636,0.5316615421148404,2.1338772773742676,0.0001755588164087385,0.14029324,0.31497238169818487,1.1531656980514526,0.11341312527656555,0.3539663,0.9669464637491139,1.8332492113113403,0.20983438193798065,0.28378326,0.9510591390266356,1.8690601587295532,0.11217501759529114,0.40220493,0.9502647987645549,1.7103533744812012,0.20892423391342163,0.3267612,0.9610503284676911,1.838958740234375,0.13456366956233978,0.280623,0.9562086727522978,1.8860880136489868,0.29658740758895874,0.21212313,0.9625512795483139,1.5871572494506836,0.0831134170293808,0.45300993,0.985161003324864,1.896254301071167,0.1600368767976761,0.3408624,0.9761059362073227,1.8264694213867188,0.08568929880857468,0.54838836,1.003760084613413,1.7386003732681274,0.21730077266693115,0.27075577,0.9720155761521031,2.2977163791656494,0.097414530813694,0.36193493,0.9844201311888154,2.4334542751312256,0.14214776456356049,0.2950807,0.972471815944693,2.3549294471740723,0.17028175294399261,0.31182724,0.9803153756002073,1.9014105796813965,0.07836578786373138,0.39314142,1.009010173139773,2.052868604660034,0.1351325660943985,0.47949836,0.9597349104366975,1.8653935194015503,0.11076506227254868,0.49514616,0.954058114566259,1.9624539613723755,0.1459343582391739,0.35077006,0.981581129526634,1.883780837059021,0.18799881637096405,0.5096403,0.9268915835717516,2.517382860183716,0.5486035943031311,0.45968547,0.49592193114545274,2.1694815158843994,0.22940999269485474,0.18408376,0.4134841698202313,2.4056527614593506,0.16173219680786133,0.17775781,0.6931414234123449,3.4785075187683105
1,0.03144807741045952,0.25224766,0.7383212905863286,2.7655224800109863,0.017112676054239273,0.14459859,0.5620546613676175,1.9748421907424927,0.00030793098267167807,0.1167272,0.32138335846100413,0.8600212931632996,0.12018625438213348,0.34636605,0.968143659475269,1.6931926012039185,0.18579688668251038,0.24800639,0.952648281507019,1.6496120691299438,0.12467337399721146,0.37591928,0.9465943259994726,1.6612095832824707,0.2344304919242859,0.2780978,0.9637493960274525,1.8243643045425415,0.12560535967350006,0.25633848,0.9519140606503161,1.5169252157211304,0.3023490309715271,0.18295541,0.9708952803205642,1.447548747062683,0.08165675401687622,0.44624642,0.997647008335838,1.852897047996521,0.1824376881122589,0.27788618,0.983930436364452,1.7563283443450928,0.11169895529747009,0.5024391,1.0085264157893716,2.0321052074432373,0.19691979885101318,0.23181514,0.9782472158406788,2.156451463699341,0.11255893111228943,0.3407791,0.9887693055808583,2.0621724128723145,0.21957546472549438,0.24402812,0.9784761281883584,2.1357381343841553,0.2098914086818695,0.26419377,0.9799868113820388,2.0433645248413086,0.09859908372163773,0.40568894,1.0159400570420256,2.4030489921569824,0.17698454856872559,0.44849238,0.9425256567486865,1.855665683746338,0.1724904626607895,0.4664799,0.9238415482026288,2.020463705062866,0.20667371153831482,0.34830767,0.9529245242724836,1.843751311302185,0.28181037306785583,0.46254873,0.8787334491543914,2.3858072757720947,0.5424467921257019,0.49735928,0.4523916749655061,2.0641002655029297,0.20826274156570435,0.20810089,0.3757842453856294,2.13362979888916,0.14264164865016937,0.18613468,0.6552986710145117,3.3228328227996826
0,0.046607304364442825,0.23546234,0.7385357491801317,3.0986862182617188,0.02050970308482647,0.17446348,0.5496838327364656,2.257680654525757,0.0003224908432457596,0.13529061,0.3139557261829981,1.3673689365386963,0.11598175764083862,0.35720828,0.9666735008724733,1.718123435974121,0.21814410388469696,0.27482253,0.9504161036939759,1.7716389894485474,0.10308315604925156,0.4065665,0.9501168147954516,1.6552832126617432,0.22214993834495544,0.29819655,0.9574819494882243,1.9157267808914185,0.1291327178478241,0.27049497,0.9551822209934985,1.8973429203033447,0.25324586033821106,0.19220771,0.9607689542093724,1.4397293329238892,0.06436184793710709,0.4814647,0.9850861044821654,1.9661120176315308,0.16282086074352264,0.3175909,0.9727769307930356,1.6012356281280518,0.08040472120046616,0.5469352,0.9991514851744323,2.081045627593994,0.21027065813541412,0.25659326,0.9694136702846211,2.31223464012146,0.08267591148614883,0.38399416,0.9843176215744499,2.468000650405884,0.16258937120437622,0.29685208,0.9696868895234735,2.515653133392334,0.16712331771850586,0.34893572,0.9778548166204594,2.1206564903259277,0.06408409774303436,0.39259398,1.007474410301421,2.287843942642212,0.09456318616867065,0.4749532,0.9605730210295531,1.8272809982299805,0.10339710861444473,0.46203065,0.9545455975917221,1.752895474433899,0.1467324048280716,0.3507193,0.9750311435670619,1.7493963241577148,0.17836707830429077,0.52220976,0.924181973571236,2.3798563480377197,0.5191484093666077,0.48888466,0.48290677667011306,2.1795053482055664,0.21982957422733307,0.19316359,0.3910299256304235,2.337587594985962,0.13473628461360931,0.16311917,0.6789445092871437,3.4232711791992188
0,0.039115846157073975,0.26896158,0.7328867812098684,2.8406753540039062,0.013547778129577637,0.16681491,0.5418126796499781,2.1017961502075195,0.0001743836037348956,0.1419558,0.31370532122583905,1.3618919849395752,0.1184719055891037,0.35102552,0.9684419771375534,1.8895796537399292,0.20987969636917114,0.2675489,0.9525097595395324,1.9207875728607178,0.13130924105644226,0.37389106,0.9490191920578942,1.7307924032211304,0.241575226187706,0.28325817,0.9616865206516929,1.8440029621124268,0.12483932077884674,0.26254722,0.9539286479005987,1.9963152408599854,0.2871784269809723,0.17546111,0.9625462231494063,1.7339683771133423,0.08284364640712738,0.41651008,0.9911529527104239,2.1114039421081543,0.16949595510959625,0.29030812,0.9809872746431196,1.643742561340332,0.0922282338142395,0.4691705,1.009424005512507,2.0165140628814697,0.19573061168193817,0.22662383,0.972818381809932,2.3938465118408203,0.1075415313243866,0.2711365,0.9874826748748983,2.308810234069824,0.17707322537899017,0.25071856,0.9722521101042947,2.308867931365967,0.19878844916820526,0.24499553,0.978491503441412,1.6850714683532715,0.11112623661756516,0.37085745,1.0068279263549862,2.2780404090881348,0.1301657259464264,0.46506917,0.9557330276376761,1.8615812063217163,0.11790976673364639,0.4382242,0.9486096491033266,1.8875720500946045,0.14752097427845,0.30643907,0.9734256174496698,1.9369723796844482,0.21939146518707275,0.462458,0.9127934950909065,2.4562816619873047,0.5594747066497803,0.5026379,0.4805376966072429,2.112545967102051,0.21785126626491547,0.20967685,0.400586640658388,2.2942168712615967,0.1314162015914917,0.1859123,0.6642170872959893,3.3475022315979004
0,0.03264976665377617,0.256899,0.7373721076497131,2.5999109745025635,0.007861919701099396,0.11816118,0.5381673518882701,1.7054083347320557,0.00025935808662325144,0.109701805,0.31884465794178257,1.148575782775879,0.13683399558067322,0.31220716,0.9692429931580365,1.9013395309448242,0.20951451361179352,0.24201818,0.954134682810847,1.733506202697754,0.11595800518989563,0.38155755,0.9391285752138797,1.6302125453948975,0.26592549681663513,0.27209622,0.9656889091841008,1.5942492485046387,0.15579591691493988,0.23169094,0.9500428851780434,1.5346460342407227,0.29358968138694763,0.18939489,0.9736420837221976,1.5327191352844238,0.10991240292787552,0.44152653,1.0029601370841166,1.8791828155517578,0.2037447988986969,0.27149877,0.9864321819426926,1.7396490573883057,0.12984681129455566,0.4914084,1.0316653021771194,2.0863852500915527,0.21810543537139893,0.22857018,0.9861238466205399,2.0896530151367188,0.12437736243009567,0.33273298,0.9981005104411497,2.269963026046753,0.19264864921569824,0.19709143,0.9800811516019198,2.4417948722839355,0.23576998710632324,0.25739133,0.9921017792767877,2.099585771560669,0.10809046030044556,0.38838747,1.0237420063240474,2.432070732116699,0.2367415577173233,0.45885396,0.9357947933247152,2.12497878074646,0.18416470289230347,0.44387594,0.9264213025700523,2.1519737243652344,0.21158838272094727,0.32344022,0.964529828958025,1.833974003791809,0.2885366380214691,0.44148067,0.8874959354822572,2.275547981262207,0.6197794675827026,0.44320762,0.47419453124634037,1.8435965776443481,0.2511889934539795,0.22981468,0.39118313925896747,2.142773389816284,0.13607357442378998,0.19936183,0.6680998576811603,3.299288272857666
1,0.03351466357707977,0.22946721,0.7316105553057554,2.422642707824707,0.006396933924406767,0.12738232,0.5357985821641214,1.5734690427780151,0.00019983752281405032,0.09559096,0.3173171155954502,0.9962186813354492,0.1413690149784088,0.31003693,0.9670795407484284,1.7826212644577026,0.20575517416000366,0.21499875,0.9536176649265103,1.815383791923523,0.1298649162054062,0.35317695,0.9335414753300858,1.5229620933532715,0.26582691073417664,0.24029985,0.9661113328439235,1.534420132637024,0.15730389952659607,0.2268302,0.9474740672381373,1.4761875867843628,0.29358479380607605,0.15262784,0.9728566051297645,1.755745530128479,0.12212501466274261,0.38937512,1.0079716194365713,1.7538819313049316,0.20841507613658905,0.26713637,0.9883682192951867,1.5858674049377441,0.1279619187116623,0.47399575,1.0288750632985129,2.0219507217407227,0.21683213114738464,0.20614171,0.9871627469724127,2.2005069255828857,0.13626442849636078,0.29587722,0.9979296571360007,2.2866458892822266,0.23710091412067413,0.24715848,0.9804657152965576,2.0976345539093018,0.23206445574760437,0.23603037,0.9809538240354485,2.093600034713745,0.24815979599952698,0.39567742,1.0145500922803001,2.465182065963745,0.2144182026386261,0.43471584,0.9289538573414893,2.262157917022705,0.226075679063797,0.3888092,0.9148318975447515,2.1041178703308105,0.24604013562202454,0.287516,0.9419338886010936,1.8510353565216064,0.3407149314880371,0.4409625,0.8651758734829164,2.271436929702759,0.5987979769706726,0.49142256,0.449049518210605,1.8467013835906982,0.23720021545886993,0.24006818,0.3815932376601286,2.134857654571533,0.15663301944732666,0.24277882,0.6628671295801456,3.260002374649048
0,0.04100383073091507,0.26006076,0.72770429289887,3.020838975906372,0.017019854858517647,0.17266496,0.5347444178889443,2.19388747215271,0.0005012688925489783,0.13979332,0.31244205230211197,1.260362982749939,0.1044190302491188,0.35442254,0.966503816087506,1.299856185913086,0.20937933027744293,0.27372783,0.9516966702346178,1.6833977699279785,0.10474171489477158,0.4008819,0.9514690616701937,1.912771463394165,0.23544619977474213,0.3170325,0.9571339726541332,1.8618245124816895,0.13568612933158875,0.27636614,0.95375887096117,1.7814074754714966,0.30196723341941833,0.2009992,0.9612563250748414,1.5590243339538574,0.08271913230419159,0.4688806,0.9843433081731827,1.99783456325531,0.1604948788881302,0.323941,0.9735919967087318,1.6072086095809937,0.07463054358959198,0.5517567,0.9989144553967063,2.1595826148986816,0.1850178986787796,0.26161098,0.9720493166925732,2.0341672897338867,0.08994453400373459,0.36826137,0.9837809726863,2.2502613067626953,0.15721121430397034,0.2833424,0.9721190026437683,2.2784154415130615,0.15696808695793152,0.31663534,0.9795008272042218,2.3582923412323,0.09879353642463684,0.42209503,1.0194011813756834,2.1190237998962402,0.11791673302650452,0.47402483,0.9672459747414605,2.223762035369873,0.1050223559141159,0.48291337,0.9614333082914823,2.1774351596832275,0.14625149965286255,0.33037078,0.9779510293401438,2.044729709625244,0.17324736714363098,0.48472542,0.9254399874918746,2.4030861854553223,0.5272106528282166,0.47207552,0.4728073994024107,2.175217390060425,0.24988767504692078,0.18440762,0.39963557529590726,2.3676910400390625,0.14940032362937927,0.1774478,0.6810685117303189,3.4533638954162598
0,0.041016507893800735,0.21177422,0.7364091017200981,3.208461284637451,0.02104790508747101,0.14881979,0.5510411996318194,2.4831204414367676,0.0006873530801385641,0.15136209,0.31768254364099136,1.5202322006225586,0.10341072082519531,0.35782716,0.9640422622944238,1.8237224817276,0.19228030741214752,0.26441038,0.945579625351902,2.020890951156616,0.10012385249137878,0.40509114,0.9483517469100241,1.7545390129089355,0.18948006629943848,0.31920883,0.9525803084982726,1.8759788274765015,0.10554630309343338,0.28284544,0.9527385472933803,1.6516478061676025,0.2859160006046295,0.19718029,0.9564821009099388,1.4817415475845337,0.058762457221746445,0.5007488,0.9815912636016495,2.122706890106201,0.16334442794322968,0.30640355,0.9687817671512188,1.5552973747253418,0.08127208054065704,0.5765099,0.9950346720642818,1.8274893760681152,0.155535489320755,0.26105225,0.9654703788677296,1.8509643077850342,0.08312159776687622,0.4121618,0.9809846485508702,2.2008118629455566,0.12699049711227417,0.2431377,0.9656785620564866,2.412742853164673,0.13799475133419037,0.3260716,0.9729636192986111,2.207348108291626,0.03713833913207054,0.3950432,0.9966239576538665,1.9402369260787964,0.09903938323259354,0.47018933,0.9474928313284388,1.9124314785003662,0.08626486361026764,0.47907794,0.9411281950874207,1.5947282314300537,0.12594333291053772,0.3562438,0.9581028947641312,2.018263101577759,0.15565572679042816,0.50561625,0.9156174063703018,2.5171051025390625,0.5294922590255737,0.5083953,0.49943445926968066,2.2128748893737793,0.2523787021636963,0.18213382,0.39738994284869683,2.42873477935791,0.14699240028858185,0.14500722,0.6698222881976423,3.417701005935669
0,0.049208998680114746,0.24480595,0.7420291339673073,3.1901979446411133,0.024087004363536835,0.15439022,0.5621179989605671,2.4100401401519775,0.000596718629822135,0.15690503,0.31619759254317287,1.399992823600769,0.11146126687526703,0.36243317,0.9653036281433957,2.001269817352295,0.2025640904903412,0.2678993,0.9473260254872324,1.849959373474121,0.10530867427587509,0.41347986,0.9491961972569265,1.682672381401062,0.1984163373708725,0.3113875,0.9542759783860068,2.166153907775879,0.11800739169120789,0.27541962,0.9535902727556018,1.8506526947021484,0.2899838387966156,0.1942597,0.9597401226952916,1.5780267715454102,0.05708065256476402,0.49675936,0.9826409173633657,1.9964734315872192,0.1628008484840393,0.2960324,0.9700851822868086,1.8838204145431519,0.05728602781891823,0.56391776,0.9968275871346004,2.269590377807617,0.1489236205816269,0.26115233,0.9682539137014975,2.127666711807251,0.06233374774456024,0.39689562,0.9828469790225162,2.341416597366333,0.14671334624290466,0.26248145,0.9693028852933417,2.062495470046997,0.15213799476623535,0.33231878,0.9749869332640477,2.238516330718994,0.041156407445669174,0.39610234,1.0010608029500219,2.078366756439209,0.09619683772325516,0.46680018,0.9490120972692299,1.9706497192382812,0.08985871076583862,0.4459204,0.9406507260229895,1.918261170387268,0.13297756016254425,0.33689708,0.9567038674329233,1.9194753170013428,0.1426009088754654,0.51017463,0.91485517021821,2.566844940185547,0.5329332947731018,0.49928835,0.49854749354246775,2.146892786026001,0.25022974610328674,0.18730444,0.3995319642131991,2.4235520362854004,0.15046456456184387,0.14013854,0.6629275314718162,3.3720240592956543
0,0.030261782929301262,0.26075533,0.7306472614668865,2.392328977584839,0.008779460564255714,0.13150178,0.5282599187878014,1.5361236333847046,0.00011157590779475868,0.10835417,0.30925533471185074,1.2137517929077148,0.14183494448661804,0.32109395,0.9699419725042255,1.7750447988510132,0.1979076862335205,0.24970885,0.956028223310133,1.905916452407837,0.11477623134851456,0.38959128,0.9347942591975141,1.6948784589767456,0.25061923265457153,0.27441356,0.9705486829858403,1.5393997430801392,0.1605696976184845,0.2516415,0.9513308975316722,1.620496153831482,0.32743892073631287,0.18591358,0.9767436174942808,1.6133874654769897,0.10960434377193451,0.3823321,1.014303205449541,2.007695436477661,0.2162155956029892,0.27942562,0.9935330765494768,1.738929033279419,0.14677076041698456,0.44746506,1.0420018031376566,2.241053581237793,0.23005345463752747,0.22859699,0.9949192199152932,2.198608160018921,0.1189383864402771,0.2609758,1.0000905542910898,1.9818956851959229,0.2573317885398865,0.2239179,0.9913908571592421,2.0697784423828125,0.2380051165819168,0.254423,0.9974588400739208,1.8126635551452637,0.15570886433124542,0.38083813,1.0316916516905354,2.5789988040924072,0.24419692158699036,0.46926942,0.9491953777917018,2.172290325164795,0.21700116991996765,0.4327486,0.9421022002363167,2.1481170654296875,0.23724474012851715,0.31936482,0.9719749699377067,1.9019383192062378,0.3365156948566437,0.41792497,0.8912704698646786,2.390667676925659,0.6393308639526367,0.43650728,0.45679778145696515,1.7912352085113525,0.24681568145751953,0.25205836,0.3873351583389725,2.105962038040161,0.1591407209634781,0.22534838,0.6746593171119434,3.271571397781372
0,0.042377907782793045,0.26141924,0.7377532982793695,2.86822509765625,0.018262866884469986,0.16105941,0.5474658596674845,2.0227112770080566,0.0003017649578396231,0.1366466,0.3138284871964148,1.0420924425125122,0.11854075640439987,0.34262744,0.9688094724030286,1.6482758522033691,0.21700525283813477,0.2493117,0.9533745916080585,1.8243343830108643,0.11925425380468369,0.359693,0.9487891770541323,1.3849633932113647,0.24212892353534698,0.27468932,0.9622017063517683,1.6753743886947632,0.13911591470241547,0.24601002,0.9527480155839705,1.7551581859588623,0.29347071051597595,0.17395611,0.9646791418379177,1.7133066654205322,0.08398757129907608,0.41090968,0.9936832085839138,1.9838590621948242,0.17031162977218628,0.28264648,0.9832202887569114,1.7990505695343018,0.10601979494094849,0.44614676,1.0122384236732267,1.9031685590744019,0.20670993626117706,0.2160786,0.974159430674575,2.104363441467285,0.12697196006774902,0.25879306,0.9895849311691158,2.334653377532959,0.18153923749923706,0.23861468,0.9742729777452639,2.1324379444122314,0.214097797870636,0.2344609,0.9791433320677411,1.765299677848816,0.12354081869125366,0.38741457,1.007177842758974,2.1169424057006836,0.16660504043102264,0.45511997,0.9552423710020759,2.035341262817383,0.12578897178173065,0.4468039,0.9464760934231073,1.9571806192398071,0.17067915201187134,0.3186216,0.9735165984852167,1.8022942543029785,0.23190534114837646,0.44484887,0.9059760106713819,2.442392110824585,0.5375059247016907,0.50339097,0.4739159689672412,2.060067892074585,0.2104071080684662,0.21725918,0.39785042982149166,2.2515106201171875,0.13157737255096436,0.19192353,0.6606770501784714,3.295196771621704
0,0.02791445516049862,0.2341078,0.7747795585787906,2.696594715118408,0.02002517506480217,0.1658792,0.6013946122924348,1.7884654998779297,0.00028721473063342273,0.114323065,0.3279082385203622,1.389121651649475,0.13136710226535797,0.37878156,0.9610460832425461,1.5477395057678223,0.15575283765792847,0.29473737,0.9403416884898367,1.813610315322876,0.10268424451351166,0.4434992,0.9272627084048242,1.4466646909713745,0.26116877794265747,0.29166612,0.9615390571309201,1.8474814891815186,0.1289806067943573,0.29981917,0.9221250691942253,1.5667567253112793,0.3252216875553131,0.18223698,0.9690186813003828,1.322666883468628,0.12208644300699234,0.4099442,1.0065420672267291,2.2010140419006348,0.21613989770412445,0.27791634,0.9932295482839846,1.8409767150878906,0.15013784170150757,0.44976997,1.0198103211786382,2.160111427307129,0.2477714568376541,0.24328749,0.9940398808679793,2.0024518966674805,0.1457689106464386,0.28916436,1.0118778120954055,2.410127639770508,0.24630360305309296,0.25040162,0.986974059779126,2.1249451637268066,0.2815343737602234,0.25067416,0.9711383815544362,1.900571346282959,0.24981623888015747,0.39005548,1.0197109033426992,2.3061892986297607,0.26108938455581665,0.4682529,0.9332310046154976,2.155531883239746,0.30887526273727417,0.44476554,0.8931388127597546,1.8422496318817139,0.31141260266304016,0.31421438,0.8931691718681438,1.8917655944824219,0.3496559262275696,0.4742034,0.8080983181765609,2.148725986480713,0.5468499660491943,0.49209476,0.42725107648638094,1.7817349433898926,0.20181035995483398,0.20477907,0.34195886840353584,1.9845457077026367,0.13315369188785553,0.16008918,0.585152702540665,2.978282928466797
0,0.04493449255824089,0.2594109,0.7356155437734385,3.0657577514648438,0.0250795129686594,0.1654095,0.5419093226595717,2.2816638946533203,0.0003335521905682981,0.14470227,0.3138707774963885,1.3160390853881836,0.10908257961273193,0.35036775,0.9660124012805777,1.6280207633972168,0.18366175889968872,0.2623434,0.9500405355293895,2.1192421913146973,0.10454265773296356,0.39569238,0.9496616848427712,2.1338558197021484,0.20179180800914764,0.33088252,0.959252072980327,1.83612859249115,0.11783140152692795,0.2751813,0.9548169164296867,2.001835346221924,0.27130717039108276,0.20347409,0.96226937970406,1.5403019189834595,0.06145727261900902,0.47183487,0.9832400028340899,1.9653701782226562,0.17550860345363617,0.30816343,0.9719456392965689,1.55385160446167,0.06464936584234238,0.55711055,0.9955364732992416,2.1115825176239014,0.16885264217853546,0.27745974,0.9692071638068794,2.2189536094665527,0.09192723780870438,0.38980952,0.9797417827056638,2.583738088607788,0.15245456993579865,0.29035842,0.9691622460463262,2.2950496673583984,0.15285475552082062,0.3275449,0.9765329376940138,2.3605735301971436,0.06213310360908508,0.40412685,1.002546654434372,2.1578598022460938,0.12257280945777893,0.46338362,0.9511856308262575,2.0747032165527344,0.09825620800256729,0.50395447,0.9433132387688359,2.0191192626953125,0.14659515023231506,0.34112108,0.9685357399167294,1.8604886531829834,0.1898304522037506,0.5154733,0.9174138519885568,2.501866340637207,0.5301862359046936,0.47295278,0.48995540508722407,2.1388893127441406,0.23939839005470276,0.18217567,0.39217079071583455,2.360111713409424,0.151044562458992,0.16070658,0.68662858551024,3.449059009552002
0,0.045931827276945114,0.26182187,0.7332316777037178,3.0622854232788086,0.018939297646284103,0.14864458,0.5480133938788999,2.2342967987060547,0.00047879613703116775,0.15155378,0.3173519228981155,1.5069981813430786,0.10317311435937881,0.36249992,0.9667755787320028,1.7523434162139893,0.1858023852109909,0.27573532,0.9504740824812639,1.9811259508132935,0.11464720964431763,0.38212636,0.9508919737439717,1.9789258241653442,0.2085019052028656,0.31671754,0.9586815546842858,1.9290891885757446,0.10794789344072342,0.27730823,0.9573561561155909,1.8784466981887817,0.30374324321746826,0.19217902,0.9627428912846605,1.6755590438842773,0.06338366121053696,0.47228208,0.98534404152017,1.7211494445800781,0.16168098151683807,0.3113976,0.9742971967255334,1.730587363243103,0.08711957931518555,0.54740494,0.9997336520861824,2.093552589416504,0.1652899533510208,0.2591645,0.9711401941907569,2.0652172565460205,0.08709127455949783,0.39618844,0.9810643060286147,2.4745140075683594,0.14360623061656952,0.28474727,0.9698868333188261,2.3830299377441406,0.16610881686210632,0.30740762,0.9762572505621722,1.8929920196533203,0.05093686655163765,0.40229887,1.0055614543664364,2.1516573429107666,0.11743702739477158,0.4687929,0.953922874025673,1.9746692180633545,0.10166527330875397,0.48289227,0.9477858865857606,2.0117335319519043,0.1301434189081192,0.35559586,0.9687930758134317,1.856476068496704,0.18186457455158234,0.4951687,0.9159311380720419,2.6192994117736816,0.5334845781326294,0.4599849,0.49125665349958,2.155625343322754,0.2329278290271759,0.18140829,0.3946469387904322,2.319324254989624,0.14001403748989105,0.1566005,0.6816534282154783,3.4527883529663086
0,0.039161983877420425,0.2902377,0.7315021833776738,2.942383289337158,0.016907965764403343,0.17272949,0.5440485576040726,2.2803030014038086,0.0006059454753994942,0.14208227,0.31399572360786565,1.0893974304199219,0.10026631504297256,0.37128922,0.9655026953405724,1.8488833904266357,0.18818677961826324,0.28410256,0.9520073530818517,2.0168328285217285,0.10793043673038483,0.38961554,0.9482088586439856,1.5391854047775269,0.23038379848003387,0.34506974,0.960520269624322,1.9442459344863892,0.11312825977802277,0.28441942,0.9567481919669245,1.675223708152771,0.30160558223724365,0.20166032,0.9652342485055198,1.6502225399017334,0.06966721266508102,0.46640795,0.989733358649124,2.115863084793091,0.1769803911447525,0.3509669,0.97638095437191,1.7801088094711304,0.07401877641677856,0.51642567,1.0028215171821733,2.2349495887756348,0.2179049253463745,0.26354438,0.9706708614656975,2.309379816055298,0.09528468549251556,0.4224478,0.9836441776833241,2.090634822845459,0.16833369433879852,0.30941603,0.9708297363085588,2.1610238552093506,0.16458924114704132,0.36184886,0.9806511908779942,1.8803385496139526,0.09747618436813354,0.3873128,0.9965743990363818,2.3946993350982666,0.18160003423690796,0.4558376,0.9477058631390088,2.2232143878936768,0.11001087725162506,0.4679298,0.9393542450769413,1.9899429082870483,0.1494247168302536,0.32346556,0.9662539643585564,1.822723150253296,0.19304010272026062,0.5114199,0.9196950528073772,2.4118082523345947,0.5618270039558411,0.49223998,0.49581714828982953,2.118587017059326,0.23689807951450348,0.18770485,0.398835585611505,2.3290836811065674,0.14277049899101257,0.17713788,0.6653725698192539,3.3643319606781006
0,0.027535678818821907,0.2303662,0.749580896860081,2.8350415229797363,0.015361162833869457,0.1407631,0.5603842908779054,2.0315768718719482,0.00023505622812081128,0.12745525,0.3183174219974097,0.9232938885688782,0.10932932049036026,0.3319555,0.9672885318354373,1.7937678098678589,0.16151735186576843,0.24589714,0.9507755996829882,1.9959118366241455,0.1043800562620163,0.36525914,0.9380781463475811,2.0262982845306396,0.22684405744075775,0.26568425,0.9639131706112313,1.8028252124786377,0.11049668490886688,0.26075086,0.9477384615660264,1.7449917793273926,0.29391559958457947,0.18034407,0.9689656001589376,1.3507400751113892,0.07631352543830872,0.44047317,0.9934315875434719,2.068214178085327,0.17298094928264618,0.2792858,0.9785946275897018,1.8396461009979248,0.10566291213035583,0.47950038,0.9996973958047364,2.039335012435913,0.213128462433815,0.23218267,0.9719239806315366,2.2746291160583496,0.09859304875135422,0.33656898,0.9817990358042059,2.526543140411377,0.18386168777942657,0.23852155,0.9740786367891376,2.4526264667510986,0.17713114619255066,0.29994214,0.9798583832542626,2.1651852130889893,0.10631901770830154,0.39442176,1.0102623133612967,2.1925466060638428,0.16832272708415985,0.41761893,0.9438013445630851,2.3625714778900146,0.15140071511268616,0.4567096,0.9250626401446028,2.08223819732666,0.19092276692390442,0.3335262,0.9538100352766048,1.8568198680877686,0.20990152657032013,0.4492891,0.8892450654106092,2.764827013015747,0.5294146537780762,0.48780188,0.5017114451363995,2.074852466583252,0.21225039660930634,0.21690288,0.4147612480058521,2.2157840728759766,0.1318647712469101,0.2084992,0.6539276073822555,3.1972572803497314
0,0.04825790226459503,0.26608947,0.737922429453115,2.844874382019043,0.01000828668475151,0.14469555,0.5376136364286536,1.8745566606521606,0.00034294711076654494,0.13120976,0.3185628737576236,1.0913221836090088,0.11473394185304642,0.34142947,0.9689585654843459,1.721883773803711,0.18604856729507446,0.26996702,0.9534238982662577,2.0922086238861084,0.11222656071186066,0.39218003,0.9432322480577456,1.7282263040542603,0.225936621427536,0.30672082,0.964109126850536,1.7987102270126343,0.13891631364822388,0.2393966,0.9516711685902158,1.7657742500305176,0.27825576066970825,0.18920018,0.9707172578265754,1.636628270149231,0.11048184335231781,0.4448736,0.9953098627313328,1.7410564422607422,0.19773612916469574,0.29372022,0.9842950909121833,1.7817580699920654,0.09544016420841217,0.5246804,1.0223057716085076,2.02133846282959,0.2185341715812683,0.26433414,0.9846730663959642,2.182387590408325,0.10530058294534683,0.36973292,0.9963181301497531,2.4952144622802734,0.19633813202381134,0.25747493,0.9792170802470527,2.323307514190674,0.21821808815002441,0.30978522,0.9903730252115747,1.966346025466919,0.08819062262773514,0.38405204,1.0161595119715114,2.5633926391601562,0.17891307175159454,0.47574213,0.9473587679977509,2.111407518386841,0.15329383313655853,0.48843375,0.940125975340889,1.844064712524414,0.18821027874946594,0.34486553,0.9657823000275646,1.707616925239563,0.2730697691440582,0.48599038,0.8990726272475639,2.275695323944092,0.6063553690910339,0.45332754,0.4648808351823277,1.9027535915374756,0.26125916838645935,0.21034965,0.3859624969432385,2.1947033405303955,0.15685565769672394,0.20212977,0.677964530844995,3.3663620948791504
0,0.038664836436510086,0.24855937,0.7325061458807405,3.1135149002075195,0.020510036498308182,0.16423276,0.5436556190814178,2.303523063659668,0.00047154942876659334,0.14664555,0.3115026792186632,1.4187853336334229,0.11408105492591858,0.36472806,0.9654740957840249,1.6055821180343628,0.19188755750656128,0.2954759,0.948378994446987,1.8618072271347046,0.10392431169748306,0.45885298,0.9473548037336182,1.8451441526412964,0.2197064310312271,0.33284214,0.954575144627509,2.0081207752227783,0.10931854695081711,0.28812885,0.9539992637273813,2.1747024059295654,0.267019659280777,0.20551914,0.9621646827662484,1.4647877216339111,0.057517558336257935,0.47920448,0.9867360088343625,1.9080950021743774,0.1842188537120819,0.31464398,0.9739138206573509,1.6870054006576538,0.06252916157245636,0.55935293,1.0017694257304754,2.1353442668914795,0.17615944147109985,0.27946034,0.9717676017758099,2.17039155960083,0.07896468788385391,0.40175563,0.9844696202064428,2.2401833534240723,0.14773617684841156,0.2859396,0.9695628626366974,2.4080729484558105,0.16386917233467102,0.34258845,0.9755947703900445,2.107677459716797,0.054509084671735764,0.40705705,0.9991320304933116,1.8067443370819092,0.10961935669183731,0.47390231,0.9493996302240528,1.8142963647842407,0.09382382780313492,0.4611973,0.9402798417055502,1.6236791610717773,0.1427900195121765,0.3580307,0.9614125770953497,1.7353557348251343,0.1710146814584732,0.5163145,0.9169207954185472,2.508873701095581,0.5295230746269226,0.4650003,0.47406923880779206,2.2012429237365723,0.2417173981666565,0.18773346,0.3836593914029098,2.286466121673584,0.13068586587905884,0.14962287,0.6688319103396786,3.4034955501556396
1,0.06189277768135071,0.25725266,0.724195561162234,2.9371330738067627,0.015838583931326866,0.17761552,0.5264953845815001,2.028991222381592,0.0007917206967249513,0.149447,0.3169842203399935,1.371416687965393,0.12660673260688782,0.39343464,0.9664816998822899,1.5264991521835327,0.18354755640029907,0.264193,0.9526112131013877,2.066098690032959,0.12824733555316925,0.44968805,0.9501860985498035,1.5065985918045044,0.2084461748600006,0.32470593,0.9620258147393359,2.2035672664642334,0.13727827370166779,0.24816127,0.9578392827189322,2.095909595489502,0.29974979162216187,0.19389187,0.9660549342325355,1.7438676357269287,0.10772453993558884,0.5082875,0.991961753651603,1.9255626201629639,0.1840476393699646,0.31248277,0.979385360451799,1.7799116373062134,0.09508294612169266,0.5439672,1.0087333853749516,1.856840968132019,0.19430547952651978,0.27565926,0.9768382996329646,2.1265370845794678,0.08523400127887726,0.43433052,0.987774156616079,2.513174533843994,0.17312858998775482,0.3220065,0.9717027027384263,2.2671515941619873,0.17563214898109436,0.36405885,0.9809241245942678,2.244692802429199,0.17979063093662262,0.3966085,1.00752738898074,2.2466344833374023,0.16193707287311554,0.4898714,0.9606220818508493,2.130664825439453,0.10618755221366882,0.5171484,0.9589301075032718,1.8426094055175781,0.1526472121477127,0.37853843,0.9775982296868702,1.9519908428192139,0.17801497876644135,0.5381867,0.9259647047165394,2.559689998626709,0.5769342184066772,0.49353704,0.48835252683191555,2.0706124305725098,0.22338539361953735,0.17488843,0.40575389085205626,2.275925636291504,0.1560778170824051,0.15029418,0.697641894788827,3.427755355834961
1,0.026293082162737846,0.20322832,0.7246164841034961,1.8009673357009888,0.004607745911926031,0.08052077,0.5211615794878182,1.1273376941680908,0.00022131275909487158,0.073210135,0.32635961929771784,1.5143338441848755,0.20899814367294312,0.28654075,0.9663648441001345,1.71705961227417,0.2705940306186676,0.21768123,0.9579316995531133,1.5012140274047852,0.17003180086612701,0.34126022,0.9036297035730219,1.420820951461792,0.3136688768863678,0.2111167,0.9799703462211442,1.5482722520828247,0.2058165818452835,0.2162826,0.9203774969543065,1.698598861694336,0.35398849844932556,0.15161195,0.9830235038192011,1.5029315948486328,0.22823987901210785,0.31944898,1.0448337825559644,2.080852746963501,0.28679725527763367,0.22236153,1.0071270982646485,1.890284776687622,0.2534164786338806,0.4041672,1.0901463404310319,2.211869716644287,0.3197084963321686,0.17160754,1.0144048780833141,1.8195674419403076,0.23486295342445374,0.19164924,1.0147331787237763,2.165149688720703,0.3072052001953125,0.17000987,0.9994270260936374,2.0824437141418457,0.2930489480495453,0.21200544,1.0096958627253387,2.1246371269226074,0.2873933017253876,0.34936547,1.0490250358784607,2.745720148086548,0.3465390205383301,0.4052013,0.8982578173311181,2.464874744415283,0.36397606134414673,0.36823046,0.8673921649945696,2.1810998916625977,0.36925652623176575,0.2791613,0.9125051194746097,1.9195317029953003,0.42516884207725525,0.38209665,0.824667714868626,2.224862813949585,0.6457344889640808,0.46632046,0.4449599388978728,1.7238904237747192,0.26641857624053955,0.28521532,0.4075713316159748,2.100780487060547,0.24317903816699982,0.222585,0.6502759149118462,3.0587005615234375
0,0.053919218480587006,0.25178453,0.7371661158897196,3.0916881561279297,0.02120274119079113,0.15480584,0.5476782331292598,2.2515134811401367,0.0006830283091403544,0.14647223,0.31961119809810073,1.384791612625122,0.11984801292419434,0.3468508,0.9661692994099985,1.7497202157974243,0.19671989977359772,0.27842388,0.9494305668257863,1.782448410987854,0.09299245476722717,0.40233153,0.9492784788334523,1.7643730640411377,0.2179509550333023,0.3256768,0.9566450796438059,2.028776168823242,0.12315016239881516,0.2658726,0.954503026988229,1.5786693096160889,0.29465049505233765,0.19655904,0.9608073771585871,1.5863069295883179,0.05497158691287041,0.47715196,0.9834311193453567,2.1707241535186768,0.15966714918613434,0.31307432,0.9732690847626874,1.7216808795928955,0.07998776435852051,0.54846627,0.9986774283130359,2.194812059402466,0.17940984666347504,0.2660242,0.9703614612266673,2.3245720863342285,0.0922088623046875,0.37975553,0.9843579209344545,2.3480348587036133,0.13523249328136444,0.25848576,0.9684261687149828,2.3431506156921387,0.1695723980665207,0.29135054,0.9770846855305042,1.925879955291748,0.0554838553071022,0.39956158,1.003447175746692,2.304155111312866,0.10580968111753464,0.47219577,0.9530442836509323,1.8920670747756958,0.08765406906604767,0.48349893,0.9456189705983714,2.157526969909668,0.126810222864151,0.35136443,0.9670183121355077,1.8608665466308594,0.1610400229692459,0.5002405,0.9178232319332976,2.560635805130005,0.5258226990699768,0.50178677,0.4919961249902771,2.183502197265625,0.23116615414619446,0.17985645,0.40376246754920664,2.421118974685669,0.1390925496816635,0.15887049,0.6876546882908259,3.433804988861084
1,0.036014992743730545,0.26921076,0.7744588683914558,2.973191022872925,0.018911100924015045,0.19790134,0.605628047215807,2.0952062606811523,0.0006449750508181751,0.13118432,0.32698554436264693,1.1954734325408936,0.13317139446735382,0.39048776,0.9684576422011416,1.4752559661865234,0.18272671103477478,0.32539916,0.9538487995533581,1.7358574867248535,0.11402835696935654,0.3942409,0.9489319588286333,1.8213424682617188,0.26419252157211304,0.30681494,0.9544104411703732,1.5656650066375732,0.1101330816745758,0.3621413,0.9399037727797971,1.5429540872573853,0.30167198181152344,0.19914116,0.9675573745418369,1.4370055198669434,0.09013406932353973,0.43144566,0.9987298241850987,1.5063859224319458,0.20527763664722443,0.2997313,0.9825179768025598,1.6306252479553223,0.10483340173959732,0.49170107,1.0065985531197121,1.8327610492706299,0.21380853652954102,0.24970359,0.9825849547592479,1.6840221881866455,0.1029798611998558,0.297067,0.9981584983460523,2.2817606925964355,0.23939813673496246,0.27220932,0.9817404180973165,2.0640947818756104,0.23412442207336426,0.2830957,0.9746426962049983,2.08813214302063,0.15908163785934448,0.41902176,1.0220769672400714,2.095412015914917,0.22139066457748413,0.45098436,0.9359589691266363,2.014007091522217,0.24070143699645996,0.395243,0.9070700716014646,1.7387373447418213,0.2681560814380646,0.2664395,0.894413187027168,1.7641780376434326,0.2923506200313568,0.4567409,0.8300505874652712,2.266568660736084,0.5568913221359253,0.47922784,0.4236893785146354,1.8132952451705933,0.18807010352611542,0.18092693,0.3176061903855058,1.9871972799301147,0.1356436014175415,0.13551083,0.46982517683401764,2.627967119216919
0,0.037479277700185776,0.24525723,0.7325169293316113,3.1155765056610107,0.025443440303206444,0.17653543,0.5492232007032591,2.277904510498047,0.0005829408182762563,0.15310536,0.3133107380911763,1.4860141277313232,0.11100571602582932,0.35496017,0.9660024662328718,1.8675668239593506,0.1865304857492447,0.28472865,0.9491827440838368,2.005864143371582,0.09628939628601074,0.40988195,0.9494983104468575,1.8246837854385376,0.21451936662197113,0.3297155,0.9567607263489257,2.1234235763549805,0.1143769770860672,0.27914953,0.9551652679144802,1.7029284238815308,0.29967737197875977,0.20343906,0.9601281966157497,1.7181923389434814,0.05906674638390541,0.4871868,0.9830579377026772,1.6724073886871338,0.1619870662689209,0.32006,0.9723284516270843,1.8248416185379028,0.07846159487962723,0.5564641,0.9989335204010138,2.1517508029937744,0.20918314158916473,0.2681248,0.9686563780141341,2.2397541999816895,0.0960833951830864,0.4091614,0.9852750385663597,2.3985378742218018,0.1625586897134781,0.2992642,0.9688947221494363,2.4119396209716797,0.15329696238040924,0.31694221,0.9766936356873986,2.1884653568267822,0.059945739805698395,0.38186613,1.0089943173562606,1.9428329467773438,0.09493715316057205,0.4765149,0.9605328207791575,2.186652421951294,0.10384146124124527,0.45102522,0.9578561480171094,1.6971937417984009,0.13972590863704681,0.31576952,0.9747468042646611,1.8443490266799927,0.16030526161193848,0.5112022,0.9258003589629243,2.6431849002838135,0.5191460847854614,0.506826,0.47838874182226904,2.1772518157958984,0.21872027218341827,0.18221608,0.3940177574774412,2.2382824420928955,0.13261805474758148,0.16161919,0.6753443348939254,3.430525064468384
0,0.04577149450778961,0.25692284,0.7358495871862324,3.241328239440918,0.021042507141828537,0.19102544,0.5439278078953081,2.4640421867370605,0.00044674298260360956,0.14572993,0.3104433940569453,1.781062126159668,0.10679475218057632,0.35906315,0.9627428200968037,1.8921103477478027,0.1765027642250061,0.28737366,0.945690364124245,2.1324517726898193,0.11684474349021912,0.41367537,0.9493801475685497,1.6467164754867554,0.1665288805961609,0.35018757,0.9495721588511583,2.302581548690796,0.11454948037862778,0.25742528,0.9512877862581632,2.1654505729675293,0.281248539686203,0.20157145,0.9536906643020723,1.5301932096481323,0.06143953651189804,0.4961812,0.9777258509544137,1.9421223402023315,0.1722109615802765,0.31028455,0.9652397681208862,1.8075052499771118,0.0664256364107132,0.56536144,0.9900601177085343,2.019773006439209,0.16391369700431824,0.27320254,0.9633735908145723,2.012336492538452,0.08478526026010513,0.42893237,0.9792708673362751,2.208988904953003,0.16489344835281372,0.30003694,0.963931765156914,2.553722858428955,0.13026545941829681,0.35640696,0.9705501027664851,2.326486587524414,0.05542420968413353,0.39540866,1.0021120185766512,2.3815484046936035,0.09110109508037567,0.48292223,0.9580064285871127,2.1524577140808105,0.07620340585708618,0.5154707,0.9523990305297204,2.0017483234405518,0.11038598418235779,0.36520466,0.9712909692004051,2.0780446529388428,0.1575619876384735,0.54677415,0.9314270979914403,2.5632028579711914,0.4991662800312042,0.48907614,0.49625456293831394,2.3752589225769043,0.22098800539970398,0.1729851,0.4079374865657434,2.432861328125,0.13410912454128265,0.14687681,0.7004920062610841,3.5208499431610107
0,0.03678688406944275,0.248044,0.7438164088891979,2.713608980178833,0.012496362440288067,0.14984566,0.5538117064622974,1.8025943040847778,0.00017928422312252223,0.11150259,0.31801093413446735,0.9470423460006714,0.12505486607551575,0.31007347,0.9682369779260891,1.8119248151779175,0.18692074716091156,0.22579178,0.9534980052692578,1.8591277599334717,0.13075555860996246,0.35411358,0.9362656451019084,1.5681477785110474,0.2384883165359497,0.25460786,0.966162106923807,1.8045371770858765,0.14335927367210388,0.23796184,0.9456066143186838,1.4597338438034058,0.29905110597610474,0.14914453,0.9702613837367812,1.670688509941101,0.09444376081228256,0.3974164,0.9975032113075198,2.004805088043213,0.1815205216407776,0.27010712,0.9839106377265386,1.8117055892944336,0.10591193288564682,0.46469885,1.0142295425419703,1.9327579736709595,0.20180031657218933,0.22121193,0.9807085806831807,2.310755491256714,0.12002386152744293,0.27994165,0.9871132597216293,2.106703758239746,0.19744904339313507,0.20774798,0.9761632498409328,1.9987788200378418,0.1732911467552185,0.275048,0.9831188007279786,1.7963438034057617,0.14555120468139648,0.38024867,1.014412495440551,2.506533622741699,0.18693189322948456,0.40974975,0.9333547466961979,2.3534750938415527,0.16548874974250793,0.38339263,0.9193885032645841,2.205565929412842,0.19908612966537476,0.27439228,0.9586097926782131,1.9087424278259277,0.21153701841831207,0.41213927,0.904987466375339,2.6740541458129883,0.5025622248649597,0.48491466,0.49341239732309916,2.136791706085205,0.22267138957977295,0.23495737,0.4187313980127298,2.31058931350708,0.121627576649189,0.21882151,0.6586109501980004,3.3115758895874023
0,0.059413742274045944,0.26858276,0.7356194298664993,3.076570510864258,0.017374802380800247,0.1768276,0.542965389497754,2.2022035121917725,0.0006459804717451334,0.14208584,0.31105140004125753,1.3298722505569458,0.12306394428014755,0.35126913,0.9662399216118855,1.6713436841964722,0.17363999783992767,0.2621632,0.9496754768534275,1.872795581817627,0.11063946038484573,0.3974723,0.9484875500371561,1.8430801630020142,0.211454838514328,0.31259397,0.9579941360103698,2.0493102073669434,0.12958881258964539,0.26145205,0.9542026918145554,1.7417700290679932,0.29352712631225586,0.18439178,0.961650804509947,1.522591471672058,0.0780235156416893,0.46342397,0.9878655093101298,1.7696114778518677,0.17371398210525513,0.30859494,0.974455547079162,1.5776293277740479,0.08717109262943268,0.52520263,1.0041003018664991,2.031301736831665,0.18352635204792023,0.253752,0.9729271502223975,2.2484776973724365,0.09067768603563309,0.37571728,0.9875056296922872,1.9991381168365479,0.14228782057762146,0.26963285,0.9715120463433562,2.4581222534179688,0.1656574159860611,0.29764608,0.9768408927995558,2.1747138500213623,0.06636899709701538,0.40144944,1.003591486920877,2.3665783405303955,0.11005733907222748,0.46597856,0.9540132223689486,2.0820648670196533,0.1107173040509224,0.4529301,0.942922983057842,1.966868281364441,0.1448802351951599,0.31475666,0.9653804689849019,1.8563121557235718,0.18888694047927856,0.4600047,0.9149933379709242,2.3891875743865967,0.5422518849372864,0.4820926,0.4740484558563399,2.074946641921997,0.2350248545408249,0.1872987,0.3914478586973331,2.2648580074310303,0.1320953369140625,0.17299095,0.6792895661093744,3.438814640045166
0,0.03294060751795769,0.23286137,0.7340446171081514,2.8485045433044434,0.013719482347369194,0.14675736,0.5507150275301915,2.043668270111084,0.00015649978013243526,0.12828015,0.3210082338900283,1.0564517974853516,0.10727081447839737,0.3509623,0.9675096756197626,1.5053534507751465,0.17348751425743103,0.25545776,0.9528754266012104,1.9678874015808105,0.10329881310462952,0.36766917,0.9473569671496413,1.445184350013733,0.22865796089172363,0.27202782,0.9614996921880189,1.7944937944412231,0.1124793216586113,0.26369816,0.9484433131134182,1.813006043434143,0.2970232367515564,0.18601069,0.9647742476181208,1.3529053926467896,0.07981429994106293,0.4496472,0.9852506482938294,1.866748571395874,0.18298448622226715,0.275031,0.9791630526540336,1.6935878992080688,0.09806965291500092,0.47517207,0.9945828470225335,1.8392802476882935,0.171766996383667,0.24089517,0.973947414787245,2.177190065383911,0.09293574839830399,0.29874536,0.9854046821870768,2.24001407623291,0.18138094246387482,0.23261474,0.9746525500532368,2.379950761795044,0.18927253782749176,0.27258837,0.9773285311269946,2.123889446258545,0.11964321881532669,0.38700247,1.0061837304809529,2.208698272705078,0.17818118631839752,0.41998407,0.948086357415108,2.436828136444092,0.12038927525281906,0.41531286,0.9363231483986736,2.157871723175049,0.1887812614440918,0.3276305,0.9640862063679826,1.6798592805862427,0.22523994743824005,0.46069086,0.9088345023674679,2.465177297592163,0.527170717716217,0.5063678,0.4844939764263544,2.119260311126709,0.20406046509742737,0.20070337,0.3958260003305103,2.268468141555786,0.13343296945095062,0.19176494,0.6323506986292438,3.1395058631896973
0,0.042867232114076614,0.2364316,0.7240157923477443,3.0756239891052246,0.018724361434578896,0.17039973,0.5340120638845289,2.304619312286377,0.0006185761885717511,0.12913772,0.3127059672739715,1.3588699102401733,0.10220344364643097,0.37337255,0.9652708281236217,1.7543678283691406,0.18233731389045715,0.29493633,0.9485625951751384,1.948122501373291,0.09650935977697372,0.40677565,0.9471352831855903,2.05172061920166,0.20290568470954895,0.33922967,0.9561122017710076,1.9191875457763672,0.12427189201116562,0.27723795,0.9519173342047502,1.9088873863220215,0.29889529943466187,0.19549848,0.9570896832587698,1.5657061338424683,0.0632929727435112,0.47337845,0.9813178637621425,1.939572811126709,0.16142168641090393,0.31246924,0.9705429828774632,1.7259304523468018,0.07342604547739029,0.5487935,0.995512729178457,1.7993494272232056,0.14547540247440338,0.2835914,0.9678273406214418,2.13175106048584,0.07814009487628937,0.3687758,0.9809702222349977,2.0817272663116455,0.13133245706558228,0.25038546,0.966903800874013,2.327003240585327,0.1375233680009842,0.31610385,0.9742688100977336,1.8512701988220215,0.079036183655262,0.4051525,0.997175623380048,1.8797537088394165,0.08225909620523453,0.4872319,0.9554683941097185,2.117205858230591,0.07904987037181854,0.51266253,0.9511695701570888,2.2523956298828125,0.12073862552642822,0.3900267,0.9717664313394027,1.9792710542678833,0.1462470293045044,0.52020353,0.9298167925009586,2.5269436836242676,0.5071981549263,0.47373995,0.5034233033362459,2.3019957542419434,0.24469205737113953,0.18020289,0.41164499112932607,2.3702545166015625,0.13401368260383606,0.16762546,0.6895178309511921,3.518871784210205
0,0.04790428280830383,0.24007967,0.7295818468612596,3.0484046936035156,0.02228155918419361,0.1653206,0.5387642043591219,2.243870735168457,0.0005558084812946618,0.14291242,0.31145208130567503,1.3405405282974243,0.10659318417310715,0.3614756,0.9658351683733483,1.5904369354248047,0.192231684923172,0.2691124,0.9498002064199648,2.113631010055542,0.09940673410892487,0.40033096,0.9501684691687788,1.9271636009216309,0.22592440247535706,0.31542197,0.9566428974991635,1.8698835372924805,0.11171391606330872,0.27477983,0.9555329369902249,1.5523141622543335,0.2776219844818115,0.19921161,0.9601156259521596,1.7116758823394775,0.06288733333349228,0.48510984,0.9845794609441716,2.0006613731384277,0.17298336327075958,0.30639735,0.9724905063771215,1.843132495880127,0.08181869983673096,0.5592671,1.0005761709938523,2.1662046909332275,0.18906959891319275,0.27782533,0.9716031673474387,2.1714696884155273,0.07930134981870651,0.38648048,0.9857165479240668,2.2555177211761475,0.1639542132616043,0.28308806,0.9699703440136481,2.1727004051208496,0.1730167120695114,0.32871717,0.9775288315975624,2.2966198921203613,0.05813870579004288,0.40472537,1.0157441242284206,2.303802251815796,0.10098893940448761,0.47355095,0.9653756943126309,2.044182300567627,0.10129285603761673,0.43390995,0.9565106251005732,1.5172382593154907,0.13778924942016602,0.35019875,0.9779989343233813,1.8173794746398926,0.16390171647071838,0.49752396,0.9320383121939222,2.651610851287842,0.5126357674598694,0.49036986,0.4778310199374133,2.1776251792907715,0.24238447844982147,0.1781924,0.4081148885806761,2.412851572036743,0.14083023369312286,0.15437907,0.6783141772196402,3.4478354454040527
0,0.020993908867239952,0.25237155,0.7275716553753537,2.507599353790283,0.008655477315187454,0.1325344,0.5295924044229988,1.6824294328689575,0.0002587370399851352,0.114191234,0.3173605636244121,1.2434349060058594,0.12795159220695496,0.3259924,0.970706687425743,1.3446954488754272,0.2249995768070221,0.24791624,0.9566505401738606,2.078552484512329,0.13090841472148895,0.37138724,0.9430853767387234,1.616002082824707,0.2593762278556824,0.26088783,0.9670427343765224,1.6162176132202148,0.17143139243125916,0.23387389,0.9523116027615293,1.4690210819244385,0.3266889750957489,0.17566112,0.9720533791654044,1.5553408861160278,0.10496683418750763,0.39098397,1.0046373298187123,2.2040042877197266,0.19314296543598175,0.28165942,0.9899335263242536,1.5814939737319946,0.1261311173439026,0.46369952,1.0317558006139538,1.818711757659912,0.2072567641735077,0.22600622,0.9850742085136885,2.096590042114258,0.1194215789437294,0.2609024,0.9937731868995583,2.3304948806762695,0.23330888152122498,0.2084627,0.9803916872691812,2.3150148391723633,0.21996313333511353,0.24539378,0.9934084248176543,1.9923831224441528,0.18162815272808075,0.38925126,1.0309394002320784,2.33072566986084,0.17846009135246277,0.45927316,0.9571772751943984,2.088754653930664,0.17858079075813293,0.41691786,0.9506470915420314,2.096374988555908,0.21847344934940338,0.2955887,0.9765849177786191,1.749231219291687,0.28817111253738403,0.4372211,0.8997396341835145,2.286444664001465,0.6291626691818237,0.45764232,0.4606993099732604,1.7978289127349854,0.24932962656021118,0.22675863,0.38627467945582844,2.1564385890960693,0.16012372076511383,0.21574771,0.6630422905584707,3.286398410797119
0,0.0375957116484642,0.24166222,0.7354621015815087,2.7683892250061035,0.01345489639788866,0.15490843,0.5488513074602197,1.9527150392532349,0.0002845479757525027,0.13295726,0.32179983589817995,0.8477394580841064,0.10922497510910034,0.3218356,0.9667713852146741,1.99687659740448,0.1869347244501114,0.24178758,0.9509441744064038,2.0087316036224365,0.11395261436700821,0.36843064,0.9369732434539885,1.8270617723464966,0.20576611161231995,0.30747396,0.9637860908117715,1.4889650344848633,0.1287682056427002,0.24481647,0.9495870519596181,2.0287833213806152,0.2988322377204895,0.16808999,0.9690912243085666,1.7518301010131836,0.0998426079750061,0.40176815,1.0004365554113936,1.8877829313278198,0.1570439338684082,0.3007612,0.9871648704922995,1.7699213027954102,0.11404702812433243,0.44992667,1.0173357466779345,1.8283557891845703,0.18073152005672455,0.20475043,0.9777574567196982,2.357426643371582,0.1341027170419693,0.29144362,0.9903834699067467,2.657822608947754,0.16815650463104248,0.2622655,0.9791878100570083,2.216869831085205,0.1821555644273758,0.26631665,0.9856460853374954,2.1827778816223145,0.1564410924911499,0.38272822,1.0125398769069367,2.1330442428588867,0.14409829676151276,0.42636958,0.9559722383571079,1.9947023391723633,0.14471083879470825,0.47746536,0.9503623117254041,1.8686182498931885,0.18778160214424133,0.32602054,0.9700722894486491,1.722316026687622,0.256256639957428,0.47383526,0.9019333414307563,2.349482536315918,0.5757189989089966,0.50603235,0.4741176180877084,1.9675893783569336,0.2512642741203308,0.23093353,0.38525700144082425,2.1720306873321533,0.15289908647537231,0.2129095,0.6504833931949928,3.2935657501220703
1,0.03645233064889908,0.26979765,0.7301249520338929,2.9920578002929688,0.01868930272758007,0.17666326,0.5314911594887924,2.168083906173706,0.00050772336544469,0.1375102,0.31634094717190675,1.3410520553588867,0.1209786906838417,0.3616037,0.966281242909951,1.5482466220855713,0.16071631014347076,0.27250004,0.9514360016401894,2.1521189212799072,0.12198548018932343,0.40640897,0.9479226389206297,1.585780143737793,0.21121206879615784,0.32889596,0.9596187064267707,1.9447654485702515,0.12054966390132904,0.2556736,0.9524778310251705,1.9027262926101685,0.3043905794620514,0.18216987,0.9620494213818388,1.5606120824813843,0.07927237451076508,0.47011638,0.986671393311516,2.0544679164886475,0.17323976755142212,0.30360663,0.9748945019298251,1.7889118194580078,0.08542633801698685,0.51486146,1.0006004038143173,2.1578493118286133,0.18551990389823914,0.24956223,0.9733190767205423,2.148171901702881,0.08873265236616135,0.4067535,0.9841383314151717,2.4057774543762207,0.15601956844329834,0.2977664,0.9687381474204939,2.3341665267944336,0.1623556762933731,0.29788575,0.9763554812814647,2.171616315841675,0.13001024723052979,0.4062838,1.0046855551486489,2.28560733795166,0.13504914939403534,0.47860676,0.9574376649324277,2.166473150253296,0.11694072186946869,0.5066647,0.9500083788290355,1.7663124799728394,0.13907237350940704,0.37630206,0.9730260674776569,1.790905475616455,0.19724446535110474,0.5099268,0.9216588371831327,2.4935638904571533,0.5516678094863892,0.47222003,0.477965209214196,2.1017777919769287,0.23556093871593475,0.2042491,0.3945121116923695,2.3330061435699463,0.1405533403158188,0.16749871,0.6852512376712395,3.4664549827575684
1,0.039156608283519745,0.26514885,0.7495063313270304,3.0385706424713135,0.02033492922782898,0.17764632,0.5749987558130758,2.2681853771209717,0.0005023264675401151,0.14288163,0.31414829324955384,1.207004427909851,0.12475471943616867,0.38732892,0.9666685522601667,1.342110276222229,0.21764612197875977,0.31500733,0.9526460434943763,1.5322624444961548,0.09865149110555649,0.42538044,0.9517189517464955,1.927303433418274,0.26332658529281616,0.28754985,0.952097746876792,1.6956579685211182,0.09848681837320328,0.33560833,0.9518059789553802,1.5271093845367432,0.2787650525569916,0.19797201,0.9628732418723746,1.548262119293213,0.06796218454837799,0.46817592,0.9867654868646226,1.8922033309936523,0.18145635724067688,0.29352036,0.9714707589654925,1.7924703359603882,0.08192631602287292,0.48390868,0.9904610751999811,2.146965742111206,0.19145797193050385,0.28581843,0.9734922125789047,1.9772891998291016,0.08991287648677826,0.34352514,0.9891511513819935,2.141808271408081,0.17952989041805267,0.2445688,0.9732721500728658,2.050459623336792,0.2171168178319931,0.26617566,0.970247594697311,2.1058194637298584,0.05323329567909241,0.40832716,1.0164225325437732,2.115349292755127,0.1673617660999298,0.48213503,0.9479121082060329,1.6904323101043701,0.1657543033361435,0.41266274,0.9208140687079786,1.83054518699646,0.2131422460079193,0.3049195,0.9157113233729145,1.5935537815093994,0.23520343005657196,0.42451432,0.8667868561943081,2.32053279876709,0.6226312518119812,0.4852426,0.4050663101832467,1.7254464626312256,0.2018386572599411,0.15802169,0.28944468222663877,2.019252061843872,0.16421018540859222,0.14112628,0.5199889478914164,2.809093713760376
0,0.05173978582024574,0.23384646,0.7340505607287094,3.1648318767547607,0.015337335877120495,0.16873159,0.5410132013063551,2.3431007862091064,0.0004949590656906366,0.14187634,0.32039908218267554,1.5133373737335205,0.10920175909996033,0.35434365,0.9641085101905363,1.7951421737670898,0.2193882018327713,0.27898687,0.9478777481928542,1.8302713632583618,0.11762351542711258,0.40464398,0.9513544726323255,2.00496506690979,0.20221349596977234,0.33719298,0.9546361096962669,2.022979736328125,0.13487225770950317,0.27507305,0.9542579204470973,1.8619110584259033,0.2911055386066437,0.20139667,0.9576486338625588,1.498834490776062,0.064241923391819,0.49021858,0.9809202039687618,1.7785396575927734,0.1696929633617401,0.29954928,0.9691176221934291,1.376535177230835,0.059738799929618835,0.56240636,0.9971586749050276,2.319713592529297,0.2000914067029953,0.25823456,0.9669372571163891,2.0505545139312744,0.07453229278326035,0.38507152,0.9823944234303199,2.2456698417663574,0.15245044231414795,0.2512038,0.965345801196953,2.4027299880981445,0.1523350328207016,0.30762854,0.9739317008960888,2.0868935585021973,0.03864982724189758,0.39651835,1.004633675980889,2.05298113822937,0.09064900875091553,0.47797632,0.9576144195716945,1.7719897031784058,0.09675635397434235,0.46700284,0.9490803565159398,1.8483158349990845,0.1286601424217224,0.34472024,0.9691376061752425,1.9673388004302979,0.1640433818101883,0.49382222,0.9236874902890315,2.5177876949310303,0.522653341293335,0.46879265,0.48853223946642405,2.266018867492676,0.22493575513362885,0.17612337,0.4024974755260333,2.4562768936157227,0.13845275342464447,0.14918491,0.6824042831707542,3.4143950939178467
0,0.04828887805342674,0.24589567,0.7357435675981968,3.1551802158355713,0.033499110490083694,0.17673494,0.5569897551645921,2.381256103515625,0.0005135251558385789,0.14796351,0.31259851718248205,1.4664173126220703,0.10450021922588348,0.37060466,0.9664059654423596,1.7775925397872925,0.18570293486118317,0.29269293,0.9485484441841083,1.9018903970718384,0.10156268626451492,0.41094685,0.9487793779667419,1.834011197090149,0.21153782308101654,0.3295006,0.9566560311306033,1.9880073070526123,0.11828714609146118,0.2707572,0.9542290064894976,2.0197558403015137,0.29623520374298096,0.19832487,0.9599663854884305,1.7250094413757324,0.05834965780377388,0.48964983,0.9844412287596391,1.9288718700408936,0.15950463712215424,0.32231736,0.9729631922483032,1.9220882654190063,0.07066221535205841,0.5405185,0.9998043029274969,2.338467836380005,0.16738013923168182,0.27626535,0.9692118451694056,2.303391218185425,0.09306283295154572,0.3965905,0.9859519516116622,2.557077646255493,0.13946589827537537,0.27827296,0.9697815689023915,2.3826935291290283,0.16674651205539703,0.30369753,0.9772040148454438,2.164915084838867,0.08399466425180435,0.39573845,1.0072661291956806,2.1861557960510254,0.09673148393630981,0.46691313,0.9617483477307351,1.8964461088180542,0.10228807479143143,0.48531386,0.9575823097063032,1.7577934265136719,0.151222825050354,0.34736636,0.9738217168289954,1.6827521324157715,0.17134003341197968,0.4909935,0.925898819173395,2.588468074798584,0.5032364130020142,0.497901,0.4834952510736202,2.184565305709839,0.21601055562496185,0.1914868,0.39771842428785836,2.3670804500579834,0.1374778151512146,0.16152465,0.6894805950789779,3.4946789741516113
0,0.03989559784531593,0.25545087,0.7413711777764195,2.8800973892211914,0.016825377941131592,0.14694579,0.5617557653981993,2.1347227096557617,0.00027169976965524256,0.12834503,0.31620282354082624,1.0782455205917358,0.11521746963262558,0.34259486,0.9684599884831062,1.7356358766555786,0.19545085728168488,0.25145116,0.9524174626892866,1.6591346263885498,0.12378840893507004,0.36975503,0.946696546242179,1.7538079023361206,0.2428642064332962,0.26048326,0.9601721934336375,1.6669799089431763,0.11529102921485901,0.2613509,0.952773996786042,1.5732357501983643,0.28728237748146057,0.1838647,0.9658488824987811,1.45193612575531,0.07995911687612534,0.44218266,0.9905614431217139,1.9916163682937622,0.1694304645061493,0.2767085,0.9784367277666268,1.735558271408081,0.11407363414764404,0.47158673,1.0028586553814522,2.039647340774536,0.15948614478111267,0.23593347,0.9735718449442976,2.246427059173584,0.09862764179706573,0.343477,0.9827049764758067,2.0580952167510986,0.18220174312591553,0.24066168,0.9738716152403301,2.241698980331421,0.17869453132152557,0.27557844,0.977894075399388,1.8932240009307861,0.09581118822097778,0.39375255,1.005830370690922,2.3379364013671875,0.14432890713214874,0.45759967,0.9480849207629609,2.1262123584747314,0.12421238422393799,0.4425526,0.9382646011856052,2.051666021347046,0.15953165292739868,0.32257637,0.9636215579094058,1.982102394104004,0.22835105657577515,0.4711334,0.9018279087111036,2.4136290550231934,0.5341611504554749,0.48184294,0.4854240940759583,2.146383762359619,0.2198203206062317,0.20200722,0.39002202158163346,2.2292842864990234,0.12585219740867615,0.18362373,0.6608959312605274,3.3051934242248535
0,0.03931782394647598,0.24920471,0.744479230628435,2.868384599685669,0.014678364619612694,0.14987995,0.5471134069884147,2.0726068019866943,0.00046982496860437095,0.12326078,0.3177981897772687,1.0656174421310425,0.11746978759765625,0.33931932,0.9679468560680874,1.6483770608901978,0.15111221373081207,0.24168523,0.9515680438818701,1.6600900888442993,0.10711093991994858,0.3662761,0.9418558858903874,1.729284405708313,0.23763246834278107,0.26695997,0.9646013479170324,1.7135810852050781,0.11080939322710037,0.26149783,0.9524426130264373,1.9745408296585083,0.29196444153785706,0.18613903,0.9685834877266924,1.4715553522109985,0.0809103399515152,0.451365,0.992450161055183,1.9328269958496094,0.16601034998893738,0.28893775,0.9790700769690771,1.8949295282363892,0.10434144735336304,0.48587713,1.0006692409612454,1.9635556936264038,0.2187051773071289,0.23536722,0.973337011126099,2.161536693572998,0.1104912981390953,0.3473828,0.9800248049267696,2.4616143703460693,0.17965100705623627,0.24518734,0.972703145529749,2.1154770851135254,0.18700051307678223,0.29685163,0.9784264782456609,2.0243546962738037,0.11530715972185135,0.40652958,1.0054762480178592,2.1718499660491943,0.1700550764799118,0.42457154,0.9523565514951247,2.29538631439209,0.15060684084892273,0.45236003,0.9395823645458259,1.9765264987945557,0.18383316695690155,0.3114931,0.9616675999052853,1.6193625926971436,0.21291518211364746,0.45918393,0.906763750067588,2.5685367584228516,0.5209729075431824,0.48746178,0.49141126050262224,2.1958465576171875,0.20105354487895966,0.21052061,0.41786502349105736,2.348886728286743,0.1331188976764679,0.19173144,0.6714813233660482,3.3410427570343018
0,0.031854528933763504,0.25463244,0.7689961973440204,2.7617390155792236,0.0152299664914608,0.15534197,0.5893066264005339,1.818921685218811,0.0005090560880489647,0.11946565,0.3230300586230017,1.4199409484863281,0.14004828035831451,0.3523699,0.9625945808336484,1.543436884880066,0.1872125267982483,0.2817244,0.9465738078488362,1.6951943635940552,0.12371022254228592,0.42232212,0.9269069939659986,2.0880839824676514,0.2763529419898987,0.28858814,0.9566195678468788,1.684424877166748,0.12408129870891571,0.27245194,0.9241742711358102,1.5523229837417603,0.29784902930259705,0.17184652,0.968262852961058,1.3324602842330933,0.11354529112577438,0.35067108,1.009429023134521,2.099437952041626,0.2167072892189026,0.270068,0.9915626453284515,2.054290533065796,0.12739306688308716,0.46715957,1.0133026544380805,2.1862430572509766,0.24850817024707794,0.22036032,0.9884173797826457,1.9811644554138184,0.12770900130271912,0.1731224,1.004046526818883,2.5422940254211426,0.20984375476837158,0.22973555,0.9896494986053062,1.969904899597168,0.2570231556892395,0.24764492,0.9770497290330816,2.038658618927002,0.17868761718273163,0.3382844,1.0428277150147172,2.4652984142303467,0.2535778880119324,0.3997198,0.9249827281690841,2.1878890991210938,0.28966525197029114,0.41664922,0.8925339897700045,1.9367804527282715,0.3086512088775635,0.22509405,0.885419990462848,1.857892394065857,0.33968135714530945,0.4142327,0.8083344606427291,2.152961015701294,0.5435781478881836,0.4789457,0.4064944556551263,1.7136101722717285,0.2164515256881714,0.205873,0.314534893599404,1.9058010578155518,0.17507682740688324,0.17308655,0.5420929252231488,2.7733988761901855
0,0.04244671389460564,0.2322134,0.7269975488279017,3.08640718460083,0.01800624094903469,0.16087005,0.5353772112357227,2.3188161849975586,0.00043098872993141413,0.14019148,0.31574259505164365,1.270989179611206,0.09864762425422668,0.3573204,0.9646766410711439,1.8887048959732056,0.17329923808574677,0.30191854,0.9487236241775024,1.8758070468902588,0.10880900919437408,0.3979663,0.9468743958543229,1.5848820209503174,0.20180755853652954,0.33377,0.9562262227676869,1.8473856449127197,0.11352922767400742,0.27013776,0.952175020674848,1.6989412307739258,0.26093244552612305,0.20595886,0.9584458335598877,1.581271767616272,0.05951238423585892,0.47954154,0.981668111770875,2.0303516387939453,0.15300333499908447,0.31760234,0.9711586359895741,1.6826404333114624,0.07269132882356644,0.5227088,0.9946847417878565,1.9949462413787842,0.20647750794887543,0.27319786,0.9681545316985586,2.470404863357544,0.0771377682685852,0.37471992,0.9808008824703862,2.292914390563965,0.1340867280960083,0.2669333,0.9670328813881108,2.324141025543213,0.1306440532207489,0.3186602,0.9748005128713862,2.20261549949646,0.09609688818454742,0.4061939,0.9991421822679649,1.9068937301635742,0.08863407373428345,0.47837496,0.9552699879058006,2.1521830558776855,0.09625481069087982,0.5123513,0.948219671090186,1.8100666999816895,0.12427553534507751,0.37409618,0.9716085719625116,1.7619432210922241,0.16028262674808502,0.5171583,0.9296988746503759,2.3518145084381104,0.5033385157585144,0.4878415,0.49616089482359305,2.2611281871795654,0.2372986227273941,0.1909209,0.40413212643789415,2.4137041568756104,0.13119852542877197,0.16044433,0.6934092223970922,3.5301918983459473
0,0.0323779471218586,0.25323978,0.7313243071974687,2.9027016162872314,0.01682480052113533,0.14547956,0.535497673815482,2.0253188610076904,0.0005942675634287298,0.13904159,0.3222253695069389,1.4697370529174805,0.11980241537094116,0.35865116,0.9678404905646816,1.7150769233703613,0.1923220306634903,0.2718618,0.9526723674678237,2.0190067291259766,0.11615172028541565,0.42779315,0.9468409941306374,1.7876619100570679,0.21300281584262848,0.33643278,0.9625810161367323,1.8729820251464844,0.14122506976127625,0.25742087,0.9543030999436874,1.9679534435272217,0.28157588839530945,0.20015647,0.9669023526406977,1.433057188987732,0.0909213200211525,0.47152317,0.9935483901172957,1.52097487449646,0.19389493763446808,0.30204102,0.9806391489526175,1.737093210220337,0.09454783797264099,0.5367499,1.014707141001973,1.7347331047058105,0.21090339124202728,0.25718305,0.9800254953957312,2.4125680923461914,0.09727749228477478,0.36237875,0.9884421186321672,2.0861361026763916,0.18609265983104706,0.25499585,0.9743746839804093,2.28094744682312,0.21823403239250183,0.29900077,0.9859668029242802,2.0227417945861816,0.08005498349666595,0.38416085,1.0176569929435348,2.2206168174743652,0.1584450900554657,0.47035146,0.9547902054444487,1.9442074298858643,0.12159918248653412,0.46620154,0.9493400927071322,1.9486808776855469,0.16579237580299377,0.3399747,0.9706706389597977,1.7098413705825806,0.21529865264892578,0.47545323,0.91124564515923,2.4480555057525635,0.583138108253479,0.45902342,0.47915833746670466,2.0435078144073486,0.2607550621032715,0.19245037,0.3997726350611103,2.2796695232391357,0.144021138548851,0.17091739,0.6687317922162634,3.388803482055664
1,0.04106844589114189,0.25116962,0.7515125188344881,3.071326732635498,0.02344905398786068,0.1446769,0.5832731845636907,2.346341609954834,0.00035540328826755285,0.13384706,0.31358196215133427,1.2457895278930664,0.11240357905626297,0.3876951,0.9660661448992056,1.3837175369262695,0.1997215747833252,0.30494758,0.9526837450159436,1.6286245584487915,0.10038278251886368,0.43034515,0.9510418932719621,1.6416456699371338,0.2512757480144501,0.33503622,0.9561641686932182,1.6734951734542847,0.09224055707454681,0.3301741,0.9491231943638433,1.4821910858154297,0.25890499353408813,0.21967916,0.9656760581459883,1.4740772247314453,0.08277362585067749,0.4736415,0.9835302973372098,1.5149434804916382,0.15816327929496765,0.36459464,0.9795462161298618,1.6876895427703857,0.09256595373153687,0.51499987,0.993738946895791,1.7612864971160889,0.18571974337100983,0.3103167,0.9775112540492815,1.8013391494750977,0.09287690371274948,0.3698153,0.9907179805455641,1.864848256111145,0.19456174969673157,0.28763378,0.9786505416881776,1.8172988891601562,0.19594240188598633,0.3139489,0.977868953700908,2.05062198638916,0.07346281409263611,0.40762326,1.027633650276303,2.158832311630249,0.1649145483970642,0.47394618,0.95331640752044,1.8650155067443848,0.1648930013179779,0.45056504,0.9311926236873673,2.0070817470550537,0.23250707983970642,0.33023548,0.9248522750293229,1.7460548877716064,0.23291164636611938,0.46454108,0.863967152874984,2.438136100769043,0.5747491717338562,0.5012929,0.418333239262266,1.8358590602874756,0.2086528092622757,0.18029681,0.302015425559867,2.0619871616363525,0.15650755167007446,0.13843149,0.51842251143485,2.8384907245635986
0,0.05451646074652672,0.27230468,0.7434154100851617,3.0530941486358643,0.018162591382861137,0.14450279,0.5572274058242824,2.17930006980896,0.00033043744042515755,0.14658508,0.3154125123719092,1.272470474243164,0.1170458048582077,0.33978778,0.9667415225599827,1.7586338520050049,0.20633836090564728,0.25320402,0.9508693772694113,1.7004895210266113,0.12558865547180176,0.39059222,0.9479379819569499,1.777538776397705,0.2250266820192337,0.29823563,0.958646052401153,1.8304587602615356,0.12689971923828125,0.26579663,0.9538111622568253,1.7610334157943726,0.28687208890914917,0.18509619,0.9646831626226777,1.6166542768478394,0.07122370600700378,0.4612174,0.987410277029045,2.007848024368286,0.19058680534362793,0.29558516,0.9746531688627739,1.4985069036483765,0.07851956784725189,0.5597109,1.0026096805716052,2.099777936935425,0.22518575191497803,0.24705544,0.9725714335548163,2.067172050476074,0.0852273553609848,0.3679772,0.9856056467797265,2.300722122192383,0.21151304244995117,0.25613073,0.9694213043950226,2.1868643760681152,0.1802271157503128,0.32282645,0.9763499353678482,2.1719446182250977,0.05746573209762573,0.39838538,1.0059440787519125,1.9131009578704834,0.11614221334457397,0.45615193,0.9483357564127178,1.98471200466156,0.12842608988285065,0.48586103,0.9367132515502252,1.9246609210968018,0.13922643661499023,0.34955513,0.9622177384858762,1.8295196294784546,0.23330354690551758,0.5154764,0.9070501075164732,2.4293622970581055,0.539493203163147,0.46814525,0.49283102509173504,2.0927937030792236,0.25128066539764404,0.17882022,0.39501652631200873,2.309391498565674,0.14878816902637482,0.16075048,0.6818329143680856,3.388118028640747
1,0.04698548838496208,0.2561843,0.7523441755077481,3.4526588916778564,0.03160259500145912,0.2080938,0.5786283211266895,2.71317982673645,0.0007265767781063914,0.15803437,0.31521964127555185,1.6191291809082031,0.1026102751493454,0.4217951,0.9612940442521166,1.84496009349823,0.1610383689403534,0.32919967,0.942629692775305,1.943135142326355,0.11228079348802567,0.4349215,0.9481542121824554,1.9301371574401855,0.2057308852672577,0.31168628,0.9455738607321197,2.045008420944214,0.08497254550457001,0.3593342,0.9509228370225045,2.194441318511963,0.21875956654548645,0.218115,0.9501909439451044,1.7047845125198364,0.052828822284936905,0.48534322,0.9731964585728441,1.7254116535186768,0.11916212737560272,0.31880248,0.9655251285585871,2.107496738433838,0.04825419932603836,0.4774764,0.9824368072019657,2.352475881576538,0.1262497454881668,0.26982015,0.9599238339015953,2.1967415809631348,0.08811816573143005,0.38610882,0.9744651161005222,2.445207357406616,0.11301034688949585,0.23415981,0.9652138634383484,2.272489547729492,0.14173327386379242,0.30147663,0.9681761508379985,2.5328004360198975,0.026717690750956535,0.3757315,0.9998454132929521,1.8242449760437012,0.07612307369709015,0.5234302,0.9543978467710221,1.8015011548995972,0.07631321996450424,0.44442564,0.9429338847891725,1.7725882530212402,0.12280772626399994,0.32706857,0.9514475668355689,1.9062385559082031,0.09833980351686478,0.4557562,0.921079437323334,2.661282539367676,0.44700872898101807,0.5251364,0.5217877215700063,2.4627435207366943,0.18448218703269958,0.15287893,0.41238141149329927,2.6072278022766113,0.13232120871543884,0.13206969,0.6765409566887585,3.4670283794403076
0,0.053638190031051636,0.22094077,0.7306130174992136,3.232919692993164,0.028694484382867813,0.18188995,0.5470582780328122,2.528987169265747,0.000414304988225922,0.15746532,0.31761977296252386,1.65372896194458,0.1055273488163948,0.37041542,0.9630939704221122,1.5809662342071533,0.2179899960756302,0.29863626,0.9450601209772234,2.0232186317443848,0.09594177454710007,0.42298514,0.949844225731077,1.9059282541275024,0.17071153223514557,0.35587922,0.951714182753082,2.1996922492980957,0.11860157549381256,0.28596142,0.9539526979742043,1.6920801401138306,0.2709345817565918,0.19515198,0.9547424930973356,1.7440911531448364,0.05570119246840477,0.51542187,0.9798230315946417,2.066246509552002,0.1544245481491089,0.33766875,0.9674838940306394,1.8767824172973633,0.07068350911140442,0.57823247,0.9912083391599512,2.4616198539733887,0.17127013206481934,0.27365017,0.9632627103046024,2.036317825317383,0.07109777629375458,0.4274785,0.9791236815595417,2.3051156997680664,0.13031920790672302,0.29989615,0.963910015448797,2.3342018127441406,0.13293221592903137,0.30477986,0.969896595956321,2.1808698177337646,0.04180852696299553,0.39714792,1.0020866110133768,1.9295496940612793,0.08540794253349304,0.47400016,0.9601068066504376,1.8162511587142944,0.0776398628950119,0.4273795,0.9547041792565991,1.9142545461654663,0.11915191262960434,0.31939596,0.9671414739970514,2.05728816986084,0.1324073076248169,0.50853974,0.9258263466055371,2.630376100540161,0.4946344792842865,0.5075804,0.4799862902218424,2.359781265258789,0.20827707648277283,0.17071743,0.38583070889881854,2.4592766761779785,0.1329459846019745,0.14489955,0.6781228025786269,3.4897797107696533
1,0.04428568854928017,0.25660554,0.7547519018842592,3.212141752243042,0.027718424797058105,0.18906905,0.5704472418989847,2.493499755859375,0.0008736393065191805,0.15262964,0.3096585713951475,1.382616400718689,0.09538033604621887,0.4354729,0.963302902914593,1.826503872871399,0.18452703952789307,0.35658738,0.946641629113433,1.5794670581817627,0.0923347920179367,0.44827414,0.9478856873783635,1.7520924806594849,0.21258239448070526,0.35200098,0.9505301503552872,1.9161947965621948,0.07932612299919128,0.39776576,0.9515754964962541,1.5337685346603394,0.24575938284397125,0.22224607,0.9572413129898488,1.5289374589920044,0.05547351390123367,0.5224905,0.9775185256307025,1.7948927879333496,0.14624746143817902,0.34944078,0.9706358830417844,1.8375451564788818,0.07122170180082321,0.5798619,0.9853167941819747,2.2016971111297607,0.14778849482536316,0.35660282,0.9686443688469482,2.092146635055542,0.0984736904501915,0.4347274,0.9869277269856432,2.324265480041504,0.1631133109331131,0.28567004,0.9689686646012229,2.0450222492218018,0.1998700201511383,0.30847204,0.9627330532891017,2.3396191596984863,0.04396809637546539,0.41609702,0.9895566920625667,2.141599178314209,0.1416831612586975,0.488202,0.9420456029162418,1.8384350538253784,0.13947096467018127,0.4235193,0.9204113354852961,1.7695924043655396,0.20450855791568756,0.33145517,0.9199577338510007,1.8060050010681152,0.200781911611557,0.48838753,0.8704440806996002,2.219311237335205,0.5929099321365356,0.4864951,0.44236675711852663,1.855803370475769,0.22127026319503784,0.14546391,0.3075428107335927,2.2154107093811035,0.23539327085018158,0.11609447,0.5289403194099007,2.9078924655914307
1,0.047836996614933014,0.2539182,0.7251036763290024,3.2705562114715576,0.021975945681333542,0.21934862,0.5410958801319994,2.484945058822632,0.0005609302315860987,0.15458627,0.3107337813576593,1.7128700017929077,0.10170681774616241,0.41712156,0.9611483621744912,1.9537581205368042,0.1749695986509323,0.3158823,0.9421377792261553,2.0678093433380127,0.09992949664592743,0.44256955,0.9475293134734571,2.0778791904449463,0.15906645357608795,0.39475104,0.9502797154390966,2.2964327335357666,0.09820302575826645,0.30051872,0.9514608590313062,1.9276190996170044,0.24190612137317657,0.24052942,0.9528062459798758,1.8147151470184326,0.0414702445268631,0.5152737,0.9768049679289891,2.110854387283325,0.16010816395282745,0.33995938,0.9646778022737388,1.6943073272705078,0.07204966992139816,0.58673704,0.9906093585407251,2.4300730228424072,0.15551839768886566,0.31189758,0.9618930326836304,2.3078227043151855,0.07005180418491364,0.42793667,0.9778937476864092,2.2977817058563232,0.13801607489585876,0.30703804,0.9628868970672102,2.3849070072174072,0.1182081326842308,0.4018881,0.9719017198648775,2.1616361141204834,0.03927204757928848,0.42459664,0.9963758829166752,2.0129306316375732,0.07261204719543457,0.4858217,0.9599067436805692,2.2132508754730225,0.07355446368455887,0.5352577,0.9543209831387642,1.8614503145217896,0.10579606145620346,0.3934416,0.9713332699465896,2.030200242996216,0.1266389638185501,0.5378306,0.9314361650497199,2.5912222862243652,0.490825355052948,0.46914542,0.49666980946932615,2.357619524002075,0.22647802531719208,0.16602117,0.39525620641293313,2.4857938289642334,0.14891400933265686,0.14649123,0.6905505888780776,3.5269932746887207
0,0.04249149560928345,0.2480091,0.7316950154922776,3.092111587524414,0.018246730789542198,0.16181336,0.5457240520061439,2.278961658477783,0.0005023739649914205,0.14894581,0.31193548779791197,1.4501599073410034,0.1158890426158905,0.35801473,0.9660370560438607,1.516994833946228,0.17077837884426117,0.27693132,0.9511309031816038,2.150986671447754,0.10831336677074432,0.39889038,0.951098504791214,1.9231175184249878,0.20658497512340546,0.33082584,0.9591693449718546,1.9511301517486572,0.10973255336284637,0.28225031,0.9566127345955753,1.9317706823349,0.28112080693244934,0.2116833,0.9625674379005131,1.5690343379974365,0.06130994111299515,0.4891457,0.9836703672874326,2.145315647125244,0.15146280825138092,0.31897908,0.9729748424060034,1.6816238164901733,0.07192922383546829,0.54692054,0.9978447903627422,2.087859869003296,0.17615501582622528,0.26859802,0.9708079337018386,2.152259588241577,0.08837509155273438,0.38947538,0.9834053865112146,2.196037530899048,0.1498827040195465,0.28806004,0.9692880689051931,2.2940452098846436,0.14428554475307465,0.33073533,0.9774877189803612,2.326193332672119,0.06477513909339905,0.40326548,1.0068041490131239,2.2711009979248047,0.10681777447462082,0.48049343,0.9525552058716907,2.076226234436035,0.0979912206530571,0.474806,0.944864085100917,1.9643211364746094,0.14528121054172516,0.35783267,0.9657788303184605,1.951888084411621,0.18278248608112335,0.52160877,0.9175181735410891,2.364525079727173,0.5412555932998657,0.4679114,0.4917633109004735,2.110358476638794,0.22756002843379974,0.17968671,0.3913765585253761,2.2695319652557373,0.15791456401348114,0.15953906,0.6758406279266792,3.429858922958374
0,0.044084999710321426,0.26079544,0.7235168950100307,2.6311774253845215,0.007349082734435797,0.14915611,0.5286005286818202,1.6743807792663574,0.00011374948371667415,0.11905765,0.3180321059392665,1.3247028589248657,0.12029518932104111,0.36180305,0.9687308227382613,1.3749654293060303,0.20730344951152802,0.30221477,0.953468346579393,1.7638401985168457,0.13216158747673035,0.40852,0.9418817331338006,1.6187927722930908,0.232012540102005,0.2975317,0.9676526334437595,1.5438207387924194,0.17364639043807983,0.22827943,0.9517858755856438,1.627808928489685,0.3024994730949402,0.18263233,0.9709200204035686,1.5894379615783691,0.09735175222158432,0.44924784,0.9974813093994755,2.101365566253662,0.18654467165470123,0.29505917,0.9851313105718327,1.680854082107544,0.1161467507481575,0.4251202,1.0276969705882126,1.8772653341293335,0.20154070854187012,0.24380535,0.9863232611767608,2.1982147693634033,0.1127302497625351,0.28199515,0.9985228987712471,2.552812337875366,0.20279212296009064,0.23236625,0.9834203572169461,1.9288957118988037,0.21660783886909485,0.26461264,0.9948446911367219,1.9081546068191528,0.16644902527332306,0.39899996,1.0308610899548303,2.115177631378174,0.17545928061008453,0.45973,0.9633950236423259,2.055338144302368,0.17454466223716736,0.45526576,0.9608797019696099,2.101912260055542,0.20744416117668152,0.35246626,0.9945770269119656,1.6906077861785889,0.2930107116699219,0.482076,0.9170091771220437,2.4296531677246094,0.6184354424476624,0.43741617,0.48144274443842405,1.872086524963379,0.24567289650440216,0.2056494,0.4137279739960205,2.2012665271759033,0.1675068736076355,0.19573778,0.6868346870068823,3.402735471725464
0,0.026317033916711807,0.27767974,0.7288056121222919,2.6318886280059814,0.00939961802214384,0.1359764,0.5294073828801985,1.7344717979431152,0.00010824139462783933,0.119602524,0.31866029162318993,1.1940913200378418,0.123305544257164,0.32244965,0.9698526369517387,1.747752070426941,0.18541018664836884,0.2660789,0.9558460011586578,2.024500846862793,0.10823819786310196,0.38931677,0.9429297472982932,1.4883277416229248,0.24428790807724,0.29736832,0.96838343854945,1.6231237649917603,0.1410072147846222,0.27672994,0.9532996894077527,1.648878574371338,0.2909505367279053,0.18758073,0.9713077844996638,1.755953073501587,0.1037551537156105,0.40990698,1.0027052820229516,1.8186073303222656,0.18576282262802124,0.28768873,0.986171301670229,1.895583987236023,0.13269424438476562,0.4824519,1.0256342109749106,2.088656425476074,0.22290755808353424,0.25063083,0.9869155023582085,2.3332390785217285,0.14093008637428284,0.27181312,0.9952744397093067,2.3077330589294434,0.19534379243850708,0.2599535,0.9844725203936491,2.1994550228118896,0.2154139280319214,0.26841015,0.9903294882381575,1.9522802829742432,0.20632998645305634,0.38328522,1.0210186143799989,2.2000789642333984,0.1991400122642517,0.4666589,0.9555225971888676,2.064701557159424,0.17575982213020325,0.4487696,0.9451971821684696,1.9956278800964355,0.17995893955230713,0.31741044,0.9743428301370586,2.049945831298828,0.29176440834999084,0.46737564,0.9106113089226412,2.465719223022461,0.6046558022499084,0.4651681,0.47141779319930144,1.9106724262237549,0.2646787166595459,0.23070475,0.3915882623213289,2.279723644256592,0.16526252031326294,0.22655122,0.6737880811274944,3.3569161891937256
0,0.04404757171869278,0.2582821,0.7266113588598669,3.041480302810669,0.010048498399555683,0.18925978,0.5325311373475276,2.226797103881836,0.0007555210613645613,0.15322213,0.31726892286474057,1.4093056917190552,0.10225140303373337,0.3742251,0.9669276450456719,1.6763713359832764,0.21071097254753113,0.26982033,0.9497804182752249,1.8925273418426514,0.11307099461555481,0.38522118,0.9493601092246187,1.8069168329238892,0.21524542570114136,0.29307392,0.9559892324807294,1.860654592514038,0.12871891260147095,0.26413602,0.9537052437360237,1.926742434501648,0.31798407435417175,0.18000469,0.9584747413779332,1.7014644145965576,0.08238688856363297,0.39769578,0.9868460250383999,1.7265172004699707,0.1715492159128189,0.2986389,0.9754365352038468,1.5178534984588623,0.07434869557619095,0.44107404,1.0020864414595665,2.1717851161956787,0.1886611133813858,0.22098427,0.9670681349443696,2.220654010772705,0.0908714309334755,0.26428932,0.9811482224355758,2.32489275932312,0.1334945410490036,0.23255348,0.9678739819056491,2.459120750427246,0.17120788991451263,0.2379229,0.9752934912658624,2.052363634109497,0.08828186988830566,0.399275,1.0043554181278367,2.418494462966919,0.10377927124500275,0.47221434,0.9581236838273469,1.75657057762146,0.10398153960704803,0.45898515,0.9526267791262378,1.752400517463684,0.1312391608953476,0.3140704,0.9673194935650341,1.8848421573638916,0.22103145718574524,0.46248528,0.9203029999780848,2.4901113510131836,0.5400910377502441,0.4792649,0.4721569541123371,2.1480460166931152,0.22065754234790802,0.2011244,0.38800505011206066,2.3632888793945312,0.14812135696411133,0.15972795,0.661576750069587,3.416543483734131
0,0.047865912318229675,0.25286195,0.7270999862574489,2.8979499340057373,0.015164363197982311,0.16362986,0.5350856482009042,2.039128303527832,0.0005875470233149827,0.14362445,0.32068028382394353,1.164937973022461,0.1207522600889206,0.35395747,0.9688778072104014,1.8813364505767822,0.22090162336826324,0.29570985,0.9533086128249305,1.76529860496521,0.10681807994842529,0.40843105,0.9476707818710608,1.959023356437683,0.24043551087379456,0.3113094,0.9610872442938411,1.841468095779419,0.1288197934627533,0.26570114,0.954361891670643,1.7465200424194336,0.28880631923675537,0.20547642,0.9681333155556764,1.3908820152282715,0.08521052449941635,0.47614175,0.9950350320903035,2.003885507583618,0.19926941394805908,0.3006448,0.9806959201059732,1.7574516534805298,0.09660611301660538,0.5252534,1.014469155157554,2.137359619140625,0.18073375523090363,0.25675187,0.9813599445908325,2.087399959564209,0.09339240193367004,0.36430892,0.9932659914345581,2.2828149795532227,0.19428014755249023,0.25572178,0.9768380543714501,2.0852298736572266,0.19909758865833282,0.29337615,0.9858527505817068,2.0856635570526123,0.08725495636463165,0.38599867,1.0143888726987915,2.2128005027770996,0.13635845482349396,0.47785294,0.9562344859843745,1.9588829278945923,0.12952125072479248,0.43966135,0.9478133448157144,2.0099010467529297,0.16520018875598907,0.32915613,0.9688604435532081,1.7875235080718994,0.23183433711528778,0.4681034,0.914581217165591,2.4165940284729004,0.5867432951927185,0.44307652,0.46414320856462615,1.9721002578735352,0.2517862915992737,0.17829958,0.3917422193948356,2.254695415496826,0.15495222806930542,0.17305282,0.6762878284776213,3.414947748184204
0,0.05022569000720978,0.26602063,0.7275834820981395,2.9631998538970947,0.01267989818006754,0.15765129,0.5301036613326617,2.129277229309082,0.00022518722107633948,0.1414416,0.3188019656697641,1.177911639213562,0.10697560012340546,0.3518944,0.9670565914342659,1.9813385009765625,0.19999802112579346,0.28485796,0.9514685825330013,1.9113609790802002,0.12827813625335693,0.40520236,0.9504476023776574,1.8947421312332153,0.21475934982299805,0.3312779,0.961204672062461,1.9756171703338623,0.1330047994852066,0.27698517,0.9564316492745927,1.7554535865783691,0.28186506032943726,0.22165175,0.9625767268397042,1.5179786682128906,0.0724385604262352,0.45290917,0.9848094267500197,2.061892032623291,0.16455115377902985,0.3238709,0.9752514306370471,1.664478063583374,0.08220003545284271,0.54817134,1.0036160188613268,2.1918540000915527,0.16421376168727875,0.2771072,0.971068361124946,2.20266056060791,0.09326207637786865,0.36969864,0.9830571683540518,2.501448154449463,0.15189824998378754,0.29723388,0.9707687972724194,2.167137384414673,0.18980570137500763,0.3083966,0.9788265444250298,2.088364839553833,0.10538993030786514,0.39418814,1.007438474169687,2.5812509059906006,0.10299103707075119,0.47667778,0.9592697378431083,2.127187490463257,0.10873611271381378,0.47515967,0.9530957109212689,1.9334481954574585,0.15588702261447906,0.34123558,0.9802899385168242,1.7626062631607056,0.20092609524726868,0.5010335,0.929529710078942,2.484487771987915,0.5577340126037598,0.47402686,0.4912783915508907,2.119702100753784,0.23466143012046814,0.19943105,0.40904079434724855,2.3635993003845215,0.16250739991664886,0.17758626,0.6894631477138622,3.4717369079589844
0,0.03541552275419235,0.26724255,0.7466236244086477,2.708014726638794,0.008658697828650475,0.13675734,0.5670431885147802,1.959894061088562,0.00030125328339636326,0.117057055,0.32261452675490526,1.1330757141113281,0.13110753893852234,0.33112627,0.9672829503618333,1.6631380319595337,0.18136872351169586,0.24776986,0.953123277862921,1.8919401168823242,0.12323279678821564,0.36183554,0.9447638722923166,1.4827998876571655,0.24738620221614838,0.27172664,0.9642500320674895,1.7021942138671875,0.1309594064950943,0.25441125,0.9489748193028228,1.39602792263031,0.31297749280929565,0.18322138,0.970725177022636,1.35557222366333,0.09966003149747849,0.43450215,0.9968447159828807,1.9508612155914307,0.196454256772995,0.2757466,0.984058877898844,1.5458734035491943,0.11681695282459259,0.46265104,1.0061611220595867,1.9078834056854248,0.210443913936615,0.22291109,0.978482249172024,2.0536251068115234,0.11515000462532043,0.30587596,0.9909006092193946,2.2481689453125,0.20367640256881714,0.2307318,0.9762522741297581,2.122091770172119,0.2014080137014389,0.2698134,0.9807410375747306,2.095978260040283,0.11490393429994583,0.39463657,1.0077266699071297,2.3762624263763428,0.1915678083896637,0.4246279,0.9367736168517687,2.1037518978118896,0.15775516629219055,0.42895907,0.9158455085648943,2.146155595779419,0.2030600905418396,0.30685556,0.946920091748599,1.8849031925201416,0.27229222655296326,0.44014558,0.8808119477701768,2.420039176940918,0.5574095249176025,0.4923424,0.4536343156329444,1.94484543800354,0.20071691274642944,0.2120072,0.36979129888141493,2.167590379714966,0.128628671169281,0.19317062,0.6170092903857485,3.072016477584839
0,0.034185219556093216,0.2404833,0.7483886438995051,2.974944829940796,0.01837323233485222,0.11688051,0.5579651932113183,2.1589853763580322,0.0003818183031398803,0.13379681,0.3193041454537713,1.1012550592422485,0.11421794444322586,0.33342722,0.9682089273054801,1.7785083055496216,0.17539846897125244,0.2507609,0.9517700037170674,1.9741462469100952,0.12015075236558914,0.35842606,0.9421432699105644,1.7991337776184082,0.24017828702926636,0.26331505,0.9586992415139236,1.7670446634292603,0.10172524303197861,0.24524763,0.9476096609533221,1.7355155944824219,0.2942871153354645,0.1777102,0.9660970405889157,1.406020164489746,0.08320698142051697,0.4331514,0.9891103827164857,1.655043601989746,0.1811681091785431,0.27288315,0.9763902429321274,1.692051887512207,0.07793106883764267,0.48994514,1.0033095288768201,1.9885106086730957,0.21362526714801788,0.22475362,0.9745245995970211,2.2018959522247314,0.09433772414922714,0.32375368,0.9893349755239419,2.033996820449829,0.16875430941581726,0.21708082,0.9707108723713651,2.225644588470459,0.1704166978597641,0.27400777,0.9768749840759003,2.0649425983428955,0.08505069464445114,0.40628216,1.0132654649549664,1.881561517715454,0.1501687914133072,0.44752795,0.9364882190697071,2.15483021736145,0.1368563175201416,0.462198,0.9209498828024993,1.9731794595718384,0.1747385710477829,0.32002786,0.9452014893580017,1.7790495157241821,0.24805723130702972,0.44774413,0.8886032461051043,2.5403950214385986,0.5620850920677185,0.4889666,0.4839370543519603,2.05035662651062,0.27524542808532715,0.20178305,0.39263463964926965,2.25787353515625,0.15088948607444763,0.18973774,0.6394823482118779,3.143874168395996
0,0.042277589440345764,0.2397094,0.7432629467362994,3.1985340118408203,0.016008848324418068,0.16479851,0.5573076281973032,2.3734617233276367,0.000509842240717262,0.13886195,0.31802025829788855,1.2799887657165527,0.10331730544567108,0.3611853,0.9650364896776401,2.11677622795105,0.2059893161058426,0.27804512,0.9474614782330415,1.9357423782348633,0.10675715655088425,0.39756647,0.946901061625293,1.720473051071167,0.2191600203514099,0.33376092,0.955715097475785,1.7840805053710938,0.12633450329303741,0.26488578,0.9537797835259355,1.7111687660217285,0.2760032117366791,0.20896341,0.9608387551282582,1.3961695432662964,0.05809060111641884,0.49426407,0.9806882076350604,2.039412498474121,0.16609975695610046,0.30750042,0.972458288547901,1.7651675939559937,0.06631003320217133,0.5176752,0.996280350880019,1.8875296115875244,0.16229061782360077,0.26240343,0.9690632082933225,2.105945110321045,0.07736784219741821,0.3780215,0.9827383749338487,2.192556619644165,0.1537533849477768,0.27932122,0.9692653982114936,2.2333154678344727,0.168777734041214,0.32362592,0.9755373503916913,2.0803985595703125,0.060780785977840424,0.3986806,1.0098345759558038,2.074018955230713,0.10904847830533981,0.48291272,0.9577703121824764,2.037156105041504,0.08753271400928497,0.47428977,0.9517403969180572,1.9585777521133423,0.13848038017749786,0.3446801,0.9690642044681201,1.8646774291992188,0.15670928359031677,0.5070791,0.9249874691541554,2.3959505558013916,0.5254178047180176,0.49151695,0.4798311946763326,2.2290122509002686,0.23394376039505005,0.18199345,0.3887513306122852,2.3837225437164307,0.15460294485092163,0.15423648,0.6763683471754628,3.419729232788086
0,0.04099412262439728,0.26028392,0.7330825456899936,2.890017032623291,0.012858536094427109,0.15791275,0.5390718339357543,2.133453607559204,0.00032329605892300606,0.1292587,0.31878864088958386,1.1722265481948853,0.12590062618255615,0.33572546,0.9681604388785313,1.6008139848709106,0.19706347584724426,0.2701264,0.9519060929353386,2.0050649642944336,0.12963330745697021,0.37756374,0.9479443084682759,1.4854280948638916,0.20732654631137848,0.31943163,0.9627873849029712,1.9059587717056274,0.14563806354999542,0.26700684,0.9544705369920586,1.7256745100021362,0.30224066972732544,0.1886675,0.9649672793769469,1.598997950553894,0.07767269015312195,0.42686203,0.9903325669670736,2.1063928604125977,0.18095183372497559,0.2850809,0.9797144415442752,1.6744197607040405,0.08477137982845306,0.456678,1.0084052900764726,1.7617449760437012,0.180619016289711,0.22987333,0.9770083437311725,2.0767061710357666,0.10993940383195877,0.35731122,0.9890033205686877,2.0091726779937744,0.17137792706489563,0.259205,0.9742102255843189,2.1867377758026123,0.18256041407585144,0.24734876,0.9797319680492164,2.126861810684204,0.10282544791698456,0.39564535,1.0061456294753386,2.498997211456299,0.16084538400173187,0.46383506,0.9540870334665092,2.0758557319641113,0.12533099949359894,0.42984048,0.9460038909955456,2.1166470050811768,0.16147485375404358,0.29017547,0.9726308512388019,1.872591257095337,0.22532185912132263,0.45055938,0.9156001209173604,2.5433053970336914,0.5486448407173157,0.48271722,0.4780110036385401,2.0385565757751465,0.2253842055797577,0.20128869,0.40018834860775193,2.228555679321289,0.163982555270195,0.20242663,0.6666972725343012,3.329854726791382
1,0.05054587870836258,0.22155732,0.74862986527828,3.2134182453155518,0.03171025961637497,0.15170835,0.5796397931901095,2.4507384300231934,0.0003125114308204502,0.14141648,0.31264765865609984,1.1656489372253418,0.10574061423540115,0.3931053,0.9637692366585694,1.550180196762085,0.16312386095523834,0.3264579,0.9508269990390034,1.9084875583648682,0.09829212725162506,0.45412818,0.9498362609671943,1.8590352535247803,0.22522930800914764,0.36544296,0.9519183610367733,1.922394037246704,0.09935316443443298,0.3268535,0.9500262175987061,1.5108977556228638,0.2537573575973511,0.22480601,0.9596452239285964,1.4601495265960693,0.06564438343048096,0.48928007,0.9792778334502769,1.5556507110595703,0.1482311338186264,0.376118,0.9744266541027085,1.608405590057373,0.07567990571260452,0.51179355,0.9850730231822504,1.7914345264434814,0.17658454179763794,0.33975068,0.969917016818031,2.0678205490112305,0.08813145011663437,0.36256692,0.9800709227486376,2.2205734252929688,0.17748014628887177,0.30459622,0.9676855570718895,2.1346499919891357,0.1845434159040451,0.317207,0.9640137034510134,2.156500816345215,0.061289407312870026,0.40451357,0.9994412548493778,2.0600075721740723,0.11627279222011566,0.49193165,0.9459018376745327,2.209608793258667,0.15356895327568054,0.4331133,0.9287906675740477,1.6984657049179077,0.17310087382793427,0.3295501,0.9277638958278452,1.7257447242736816,0.24286067485809326,0.5008033,0.8805405412941372,2.331188440322876,0.5736709237098694,0.5061408,0.42040429528835727,1.890751600265503,0.20141549408435822,0.16008705,0.2924314646472776,2.090099334716797,0.1277017742395401,0.12141633,0.5458874687000137,3.0738537311553955
0,0.04900917038321495,0.26781392,0.7362244333056822,3.04429030418396,0.019785042852163315,0.16358173,0.5514801744299795,2.194781541824341,0.000577011436689645,0.14788657,0.3150914901542916,1.5593372583389282,0.10587938129901886,0.35040465,0.9665922516709817,1.6903135776519775,0.18220466375350952,0.27617878,0.951549119136569,1.8154412508010864,0.09618555009365082,0.39642498,0.9509642289818714,1.7819818258285522,0.21883144974708557,0.3249977,0.9598810200974818,1.8913335800170898,0.11176455765962601,0.27931666,0.9560845554779027,1.8029322624206543,0.302592933177948,0.20208734,0.963639355862147,1.510566234588623,0.059668827801942825,0.4801078,0.9851369572098249,2.30621337890625,0.15953181684017181,0.31466752,0.9742063620672865,1.8449337482452393,0.095517098903656,0.53642964,0.9993154684071022,2.2571585178375244,0.17151492834091187,0.26180357,0.9714216343343778,2.216766119003296,0.08662215620279312,0.40186107,0.9845520015788641,2.5586891174316406,0.17357070744037628,0.29775843,0.9700304347423884,2.1976006031036377,0.1568705141544342,0.32910693,0.9772672541272394,2.1437618732452393,0.06811901181936264,0.3937656,1.0090469699703435,2.02705454826355,0.11070091277360916,0.46914235,0.9505371078542035,2.1804261207580566,0.1047750785946846,0.45719594,0.941936663311613,2.069849729537964,0.144087016582489,0.3598508,0.9636759316821172,2.017782211303711,0.18069876730442047,0.52335715,0.9125018797283985,2.5419325828552246,0.5426926612854004,0.49417958,0.48543268244118015,2.08211612701416,0.22372546792030334,0.17961314,0.3858527282853296,2.3427844047546387,0.13856984674930573,0.16117404,0.6730445235372977,3.360727310180664
0,0.038113925606012344,0.27919367,0.7230366443296989,2.4856903553009033,0.009716235101222992,0.15054674,0.5227567713548924,1.6089739799499512,0.00031779814162291586,0.11257859,0.30956393308461405,1.3346292972564697,0.1174820214509964,0.3436912,0.9716766697367326,2.0809757709503174,0.19098445773124695,0.28843158,0.9597648980636178,1.9950246810913086,0.11360304802656174,0.41031837,0.9436894419332906,1.6825438737869263,0.2480565756559372,0.32072523,0.9703780752990602,1.6660993099212646,0.12512873113155365,0.2758379,0.9509050882641572,1.9507150650024414,0.29395434260368347,0.20563701,0.9717960736821057,1.6857423782348633,0.10476531088352203,0.42450505,1.0032310779960945,1.8245124816894531,0.20541584491729736,0.33029568,0.9862218935901984,1.9228557348251343,0.1276964694261551,0.5173116,1.0321802141481282,2.1495704650878906,0.21956421434879303,0.2822548,0.9871168684681036,2.2445220947265625,0.13766217231750488,0.34195054,0.9982544631673322,2.3853909969329834,0.21892650425434113,0.29635248,0.9838650489245437,2.200441598892212,0.21039029955863953,0.31938562,0.9918200674197931,1.9737234115600586,0.13469958305358887,0.384545,1.0280940557167262,2.476384401321411,0.22212889790534973,0.49315605,0.9506873766919605,2.284346342086792,0.1828506737947464,0.44902632,0.9344259326189007,2.196417808532715,0.19649387896060944,0.3322774,0.9669304548853508,2.0632152557373047,0.3140834867954254,0.49865395,0.8989640506851294,2.3821730613708496,0.6113361716270447,0.46486625,0.46418460487649843,1.8949308395385742,0.2579101324081421,0.24600063,0.3963246732685569,2.191352128982544,0.19564636051654816,0.2430213,0.6746077425207164,3.3512001037597656
0,0.03602338209748268,0.24940172,0.7379811793994077,3.055248975753784,0.01648874208331108,0.13661914,0.5512375885784605,2.239938497543335,0.0005477138911373913,0.14599265,0.3138261435198233,1.062455415725708,0.1328798532485962,0.33985883,0.9669922202593355,1.1720656156539917,0.2203059196472168,0.24922103,0.9498605848293467,1.9707391262054443,0.11231741309165955,0.38314322,0.9471475843770494,1.7733114957809448,0.2235323190689087,0.27950895,0.9577173973358146,2.0929815769195557,0.12433314323425293,0.25412896,0.953375753998757,1.5901298522949219,0.2926196753978729,0.1796,0.9620634514624674,1.5136643648147583,0.07835771143436432,0.4466061,0.9864328164543882,1.6075093746185303,0.16897264122962952,0.29574722,0.974796532679447,1.6392055749893188,0.07750795036554337,0.5306969,1.003554233543588,1.838137149810791,0.18948714435100555,0.24652115,0.9721913900259276,1.7721772193908691,0.10394845902919769,0.37311774,0.9856307641120666,2.283749580383301,0.1536714732646942,0.2603377,0.9712088328791478,2.2433841228485107,0.15559886395931244,0.28825423,0.9817856465974294,2.042908191680908,0.07349682599306107,0.40020683,1.0159628873909199,2.3463661670684814,0.12062374502420425,0.47157392,0.9598385266433913,1.970293402671814,0.11718529462814331,0.48106292,0.9503836287073141,2.0011651515960693,0.152703657746315,0.3283888,0.9708235430588821,1.7952440977096558,0.18264950811862946,0.4808546,0.9177019253118193,2.6716959476470947,0.5502776503562927,0.48974726,0.4863821432116541,2.164999008178711,0.23324960470199585,0.18083508,0.4003115802443269,2.357863187789917,0.13435284793376923,0.1639561,0.6752187955485459,3.395224094390869
0,0.047594599425792694,0.25212368,0.7224329722436251,3.1058549880981445,0.016776710748672485,0.20866908,0.5398660655542936,2.2801496982574463,0.0003230485017411411,0.15217017,0.31191491611596595,1.740920901298523,0.1125895082950592,0.38856685,0.9651167524259064,1.7908878326416016,0.18226538598537445,0.2980755,0.9477145575020799,2.082737922668457,0.1109633520245552,0.4097014,0.9486658603766297,2.168091058731079,0.18578660488128662,0.36443898,0.9558943406371402,2.1701314449310303,0.14815665781497955,0.28258064,0.9548012597850121,1.8828139305114746,0.2919931411743164,0.2060529,0.9590716126278539,1.4532636404037476,0.06846312433481216,0.49698767,0.9852555451702365,2.0449817180633545,0.17580483853816986,0.32224187,0.9722358295400408,1.786039113998413,0.06623999774456024,0.51316714,0.9995688285327073,2.3223671913146973,0.16438543796539307,0.27923778,0.9675125636329829,2.3342044353485107,0.08281020075082779,0.37858486,0.9823536316931865,2.0580008029937744,0.14088888466358185,0.29804966,0.9691026103913408,2.203406810760498,0.16387714445590973,0.32990384,0.977285150828972,1.9289628267288208,0.07101862132549286,0.3860811,1.001118299252898,2.622452974319458,0.09643585979938507,0.4804877,0.9616521650389829,1.9593749046325684,0.08947961032390594,0.5088271,0.9557367813731508,1.7712137699127197,0.13518932461738586,0.37724793,0.9721679015973683,1.9257078170776367,0.16476978361606598,0.5298778,0.9267848749197974,2.389754056930542,0.531182587146759,0.4955734,0.4810693374874893,2.205362558364868,0.22774331271648407,0.18073271,0.3928999144288002,2.343039035797119,0.13287459313869476,0.1581888,0.6849402671119561,3.516890048980713
0,0.039542220532894135,0.2680318,0.7347715841844363,2.8320064544677734,0.01201416552066803,0.13928187,0.5377207341501887,2.0008492469787598,0.00030162042821757495,0.13222365,0.31231795729921646,0.962593138217926,0.1098722368478775,0.346469,0.9680963820027851,1.5666563510894775,0.19689756631851196,0.28401363,0.9530037215361464,1.9260871410369873,0.11448253691196442,0.39887133,0.9460233171487665,1.7670100927352905,0.23357094824314117,0.31711057,0.9633491523239118,1.6691100597381592,0.1247929036617279,0.24611072,0.9537451921665804,1.8800208568572998,0.2774267792701721,0.19880061,0.97003407576222,1.3966625928878784,0.06615106016397476,0.47091433,0.9925451491133848,1.8812828063964844,0.1917811781167984,0.29401428,0.9812164745234387,1.6302311420440674,0.08469937741756439,0.5088532,1.0145006442544948,2.1962103843688965,0.1910150796175003,0.26284176,0.9822219646828609,2.3292505741119385,0.08711029589176178,0.34841767,0.9904251495454727,2.250854015350342,0.16964222490787506,0.2483724,0.9773899727123695,2.179736375808716,0.18554027378559113,0.29357144,0.9862800703522966,2.077864170074463,0.08480151742696762,0.3854632,1.018540975692409,2.466162919998169,0.15002140402793884,0.47448224,0.9536105344440047,1.8072856664657593,0.1340358704328537,0.47401127,0.9469518493999368,1.6987804174423218,0.17620834708213806,0.36012924,0.9713735042482624,1.7558202743530273,0.23277060687541962,0.49932984,0.9108578669223502,2.410236358642578,0.5894490480422974,0.43764144,0.4664257887636628,1.9563802480697632,0.25110936164855957,0.20763697,0.38722415259361825,2.1437604427337646,0.1444515734910965,0.17653605,0.6767581858534486,3.3899476528167725
0,0.03617384284734726,0.25109643,0.7280845268809797,3.13672137260437,0.023365963250398636,0.20517342,0.5386113879854324,2.375295639038086,0.0013302152510732412,0.14189903,0.3159029620374993,1.665286898612976,0.11887289583683014,0.38564765,0.96414186106738,1.60817289352417,0.1739623099565506,0.30177602,0.9464122685383772,2.030200958251953,0.10891184955835342,0.414967,0.9480953423003908,1.6803971529006958,0.2028706818819046,0.35315642,0.9542690290043974,1.9480972290039062,0.13446110486984253,0.27613974,0.952880637572368,1.9439713954925537,0.30083489418029785,0.20652136,0.9566113698155624,1.550337791442871,0.059906575828790665,0.48419046,0.9799163913818809,1.9726831912994385,0.17533260583877563,0.3137085,0.9687711494940411,1.3945411443710327,0.06653183698654175,0.5862268,0.9968494798826955,2.1518166065216064,0.1850450336933136,0.29376486,0.967060053031505,2.2831308841705322,0.08376407623291016,0.38402852,0.9822990383700521,2.0833182334899902,0.1351078301668167,0.2661134,0.9662308694726985,2.374582052230835,0.15467236936092377,0.3488331,0.9753514484959906,2.0905141830444336,0.04147661477327347,0.3886367,0.9999656771985358,2.3030083179473877,0.07982765138149261,0.47879136,0.9583661555120249,2.0659120082855225,0.0955900102853775,0.49862403,0.9537525291520689,2.0473525524139404,0.12300220131874084,0.3592327,0.9735396083309984,2.0388827323913574,0.13919588923454285,0.5264383,0.9296156467655625,2.6220662593841553,0.5111399292945862,0.4809764,0.4866697241015789,2.253793239593506,0.21822679042816162,0.17217356,0.40334899428306,2.350848913192749,0.13187095522880554,0.15066041,0.6870825670109287,3.477983236312866
0,0.044400524348020554,0.24118471,0.7433113377532659,3.0644078254699707,0.017925750464200974,0.156947,0.5476562453460851,2.254951238632202,0.0004878492036368698,0.14247195,0.31706363970174867,1.342263102531433,0.11255685240030289,0.34954348,0.9659643046854052,1.3805209398269653,0.17492607235908508,0.2557415,0.9503174705807851,2.0155832767486572,0.10459693521261215,0.3892169,0.9469512935746387,1.8581738471984863,0.21284206211566925,0.31417313,0.9606736222170815,1.9043341875076294,0.1031118780374527,0.27069,0.955190173045561,1.9496514797210693,0.2883838415145874,0.19516216,0.9632089665004501,1.4536385536193848,0.05702436715364456,0.4830649,0.9830496857045206,1.9109501838684082,0.15482693910598755,0.29847497,0.9727438961053556,1.9089313745498657,0.07011403143405914,0.5325967,0.9959138176205748,2.167656421661377,0.18766258656978607,0.25247338,0.9692127409916117,2.133345127105713,0.09389115869998932,0.37920937,0.9804332234075055,2.0156948566436768,0.14932891726493835,0.2536616,0.9724832323752199,2.256636142730713,0.158352792263031,0.32457763,0.979205551337674,2.190904140472412,0.07410678267478943,0.4054263,1.011485151397999,2.2461724281311035,0.1186322271823883,0.46175325,0.9527086140740938,1.8498934507369995,0.10801970958709717,0.48797062,0.9417650007219813,1.9381369352340698,0.1467747837305069,0.34565783,0.9622066088212238,1.8147116899490356,0.17429447174072266,0.49246675,0.9111705083954534,2.569652795791626,0.5288548469543457,0.48001984,0.5106764465609162,2.194309711456299,0.24301451444625854,0.18824022,0.41803877735830686,2.4077680110931396,0.14865900576114655,0.17406684,0.6899049864665011,3.47090744972229
0,0.024210060015320778,0.26156348,0.7223254530553073,2.665153741836548,0.003071398939937353,0.15579858,0.5427241995515973,1.978096604347229,0.00020514307834673673,0.12002785,0.3235268598615283,1.02028489112854,0.13728228211402893,0.3197987,0.9673257420330884,1.7909868955612183,0.2244359701871872,0.24846758,0.9508781778682375,1.75412917137146,0.13138245046138763,0.34778175,0.9355046537175974,1.778029441833496,0.2258249670267105,0.30059174,0.9621132571978854,2.102003335952759,0.14809489250183105,0.22860765,0.9477680297923826,1.705075740814209,0.3015877306461334,0.1743881,0.9669072676197653,1.6070375442504883,0.0993565022945404,0.4211476,1.000108062916251,1.6984187364578247,0.17285574972629547,0.29985872,0.9869469008348166,1.7522509098052979,0.1047448068857193,0.45695323,1.012948744601102,1.9114075899124146,0.18196554481983185,0.22545813,0.9780762166770114,2.31172251701355,0.1150084063410759,0.30220446,0.9889287537235645,2.368637800216675,0.20191341638565063,0.27899888,0.9804185155132835,2.3236684799194336,0.17813093960285187,0.29399398,0.9867830777238271,2.005124092102051,0.16485695540905,0.33543983,1.0030200036150612,2.46256422996521,0.1609579622745514,0.4440395,0.9442022472159787,2.09733247756958,0.1544496864080429,0.4658981,0.9385445109022986,1.8211055994033813,0.2025446593761444,0.32552844,0.9589599920534148,1.7098042964935303,0.25601935386657715,0.47113857,0.8886787170766429,2.4814705848693848,0.5889443159103394,0.5052089,0.4718335233524587,1.927386999130249,0.24968968331813812,0.21902682,0.372993236669098,2.1324210166931152,0.1776125729084015,0.19153364,0.6448730861182035,3.1621973514556885
0,0.040271956473588943,0.24784072,0.7461161133734378,2.759840726852417,0.0049390364438295364,0.13637798,0.5650839018041379,1.880064845085144,0.00014875776832923293,0.10524403,0.31914387427510693,1.0651686191558838,0.13399624824523926,0.32030478,0.9670870012397219,1.443556785583496,0.20280224084854126,0.24413337,0.951323170981608,1.551633358001709,0.11373300105333328,0.35420826,0.9375812083886303,1.7204210758209229,0.25595176219940186,0.2672808,0.9646995566622097,1.6196839809417725,0.14874722063541412,0.2374155,0.9447869527724053,1.4112491607666016,0.2986103892326355,0.16914326,0.9696289429065792,1.4728220701217651,0.09711409360170364,0.40676168,0.9999413638398557,1.646593451499939,0.20181231200695038,0.2530258,0.9860709704505836,1.919230580329895,0.1267882138490677,0.4262188,1.012422152352656,2.0898096561431885,0.22997698187828064,0.20591296,0.9841343823264912,2.122617244720459,0.1385667324066162,0.2732673,0.994380766993529,2.621155261993408,0.20211778581142426,0.22118846,0.9800699318120756,2.2519850730895996,0.21456247568130493,0.23518391,0.980136050512109,2.073646068572998,0.17656707763671875,0.37701872,1.019815347326285,2.45882511138916,0.23144324123859406,0.44837144,0.9443164962463862,2.191711187362671,0.1742391586303711,0.41367885,0.928871914710055,2.038295269012451,0.22369854152202606,0.30273098,0.9421612326075408,1.8379826545715332,0.2627764046192169,0.4191744,0.8756929988353432,2.444847583770752,0.5802150964736938,0.50095,0.4447376892022443,1.8676855564117432,0.23833473026752472,0.22356619,0.3576923592589356,1.998694896697998,0.14912718534469604,0.19893426,0.5967719456733206,2.9207327365875244
0,0.037757448852062225,0.2670692,0.7355782885859355,3.0570268630981445,0.019308894872665405,0.17104924,0.5526973073928994,2.248328447341919,0.0004133194452151656,0.15227143,0.3189083911330386,1.3170257806777954,0.10325934737920761,0.36312374,0.9670920253255434,1.7910692691802979,0.18553976714611053,0.27817705,0.9507031893181886,1.89771568775177,0.11768479645252228,0.37984398,0.950182820055169,1.8014739751815796,0.22321122884750366,0.32668784,0.9587354223857412,1.9343130588531494,0.12829433381557465,0.27401432,0.9569985847241026,1.642781376838684,0.28474506735801697,0.19635709,0.9634914898377132,1.5701268911361694,0.06870277971029282,0.4757751,0.987015219486997,2.0724942684173584,0.17420125007629395,0.3010911,0.975391224517517,1.7746607065200806,0.08125557005405426,0.5261378,1.0010972548024215,2.12277889251709,0.16675135493278503,0.2590561,0.9723633521256241,2.064857006072998,0.08922237902879715,0.39281654,0.9823873836555245,2.2018420696258545,0.1463269740343094,0.2823031,0.9709442862270035,2.4824399948120117,0.1677578091621399,0.3036257,0.9765089198408261,2.2475709915161133,0.059682585299015045,0.40470046,1.0064732850354388,2.1239190101623535,0.12482917308807373,0.46273747,0.9524752329902124,1.7286224365234375,0.11767356842756271,0.4817194,0.9437217649386271,2.031888961791992,0.15155600011348724,0.34701344,0.9654812326428108,1.9269423484802246,0.2068823128938675,0.48448625,0.9112502005089873,2.466527223587036,0.5389591455459595,0.47179565,0.48187495610154757,2.128929376602173,0.22210532426834106,0.19421726,0.3851439746592341,2.3218884468078613,0.13965359330177307,0.15533729,0.6719958765910543,3.3962900638580322
1,0.04102092608809471,0.27413929,0.7591944610721927,3.1292314529418945,0.04043566435575485,0.13680007,0.6002027084149323,2.3478405475616455,0.0010896488092839718,0.13395219,0.32063294223010047,1.1341825723648071,0.1121097207069397,0.40960068,0.9659174283053613,1.807839274406433,0.1734246164560318,0.33724824,0.9497255328363692,1.7924323081970215,0.08815228193998337,0.4462252,0.9450032813130768,1.7403333187103271,0.2324860692024231,0.3490549,0.9516479366782012,1.8756940364837646,0.09304289519786835,0.3643319,0.9468516720931119,1.4093748331069946,0.2696022093296051,0.20968667,0.9641371998559952,1.49306058883667,0.06986839324235916,0.5516746,0.9858731880025212,1.6658579111099243,0.15355174243450165,0.3936828,0.9757039539977659,2.011950969696045,0.0699891671538353,0.5557816,0.9915933285432693,2.089679718017578,0.1696426272392273,0.31635505,0.9751578724906966,2.091881513595581,0.08283643424510956,0.43655682,0.9909360596459245,2.119788408279419,0.1449192464351654,0.35349867,0.9734127223713925,1.9519412517547607,0.16780441999435425,0.3655801,0.9665868422547799,2.345733642578125,0.05858583748340607,0.41151628,0.996914151269951,2.168412685394287,0.16266442835330963,0.50076455,0.9296955091497678,1.9556219577789307,0.1493465155363083,0.44960797,0.908803500064011,1.7828619480133057,0.19257237017154694,0.30703744,0.9056459145624797,1.8895541429519653,0.22375784814357758,0.51374394,0.8486842087544173,2.3305795192718506,0.5247088670730591,0.47648412,0.4254228922726115,1.9958953857421875,0.2147751748561859,0.15252212,0.2983429122970944,2.1490519046783447,0.1505833864212036,0.12526095,0.5369735563600504,2.8776700496673584
0,0.03365330025553703,0.23277779,0.7505408233980025,2.8576314449310303,0.014240729622542858,0.15143451,0.5591845553023154,2.006568193435669,0.0004247080360073596,0.116234615,0.3214355787528202,0.9831874370574951,0.11295061558485031,0.33682212,0.9674504953089108,1.6690397262573242,0.17462970316410065,0.24397878,0.9513304100791906,1.8206614255905151,0.10723289847373962,0.3593678,0.9386675284609894,1.8054860830307007,0.24548009037971497,0.25991103,0.9644721769938529,1.807815432548523,0.10842851549386978,0.25740412,0.9476056762821709,1.6942039728164673,0.2930542826652527,0.1852632,0.9692562767530372,1.2577173709869385,0.0816337913274765,0.4394418,0.9937895494861798,1.8933908939361572,0.17024828493595123,0.2809535,0.9797263833277321,1.9931526184082031,0.10619983822107315,0.47904682,1.0017182259824646,2.0365183353424072,0.2002849578857422,0.2239844,0.9731239054399171,1.9608172178268433,0.112070232629776,0.33410433,0.9827070108674603,2.3239259719848633,0.20824451744556427,0.24769476,0.973564035941505,2.2828733921051025,0.19217020273208618,0.30271593,0.9793338328399557,2.0734267234802246,0.12164603918790817,0.38325557,1.0050310815447325,2.2934744358062744,0.15377560257911682,0.4199032,0.941400901787856,1.803183913230896,0.1570996344089508,0.4566243,0.9270695625371954,1.9418375492095947,0.19377148151397705,0.3094697,0.955543978923883,1.7791388034820557,0.21567896008491516,0.45596504,0.8915998704052858,2.619691848754883,0.5261602401733398,0.49331856,0.49712300630135076,2.1013917922973633,0.20026437938213348,0.20880176,0.41510763600108286,2.272531747817993,0.15008583664894104,0.21189322,0.6520450037821466,3.1607377529144287
0,0.05387333035469055,0.2506234,0.7325689247194764,3.190488338470459,0.03805694729089737,0.17494419,0.5572572028344991,2.3523993492126465,0.0005068365135230124,0.14397329,0.31591420567573947,1.1234068870544434,0.10183829814195633,0.39597854,0.9662850118258391,1.6410752534866333,0.2110796421766281,0.30866984,0.948723718161628,1.8322144746780396,0.09215500950813293,0.4180342,0.9499031562802268,1.5898486375808716,0.20982572436332703,0.34727448,0.9565641209823189,2.0154056549072266,0.14396588504314423,0.2887268,0.9540833656375728,1.8313852548599243,0.2914426922798157,0.2085013,0.9590157025012225,1.6890186071395874,0.060203664004802704,0.4808909,0.9832802837655324,2.0575156211853027,0.15745599567890167,0.3226905,0.9719029252324481,1.9057735204696655,0.06377962976694107,0.4726427,0.9988517899509176,2.257927179336548,0.16565555334091187,0.29984882,0.9693194372013408,2.2441611289978027,0.10395513474941254,0.37860838,0.9861689678048335,2.5044822692871094,0.17900703847408295,0.3025368,0.9700607683377414,2.372745990753174,0.17305487394332886,0.30288583,0.9767858738931433,2.1125974655151367,0.06355123221874237,0.40035757,1.0051534760329983,2.265219211578369,0.10376107692718506,0.4844622,0.9615407910756077,1.8938453197479248,0.10493265092372894,0.4174815,0.9566526141068856,1.6367372274398804,0.14607957005500793,0.3618922,0.9721777704280532,1.927181601524353,0.15640246868133545,0.51547754,0.9267781777058597,2.541231870651245,0.5111343860626221,0.49150828,0.47847338247607907,2.1757521629333496,0.23955145478248596,0.17568454,0.39648020315569743,2.422305107116699,0.12877532839775085,0.15656428,0.6794195453422398,3.454929828643799
1,0.04744994640350342,0.2623042,0.7617611093692453,2.935903310775757,0.018268728628754616,0.14594802,0.5969951471743173,2.174042224884033,0.00033712497679516673,0.121583596,0.3206349154837957,1.182401180267334,0.1264231652021408,0.35089788,0.9641387423901103,1.4001870155334473,0.18004991114139557,0.26352796,0.9452920800513344,1.776745319366455,0.09878960251808167,0.38702747,0.9400337954028998,1.844447374343872,0.25283652544021606,0.29539305,0.9586259651888948,1.9741886854171753,0.11801750212907791,0.29117754,0.946171255504164,1.464929461479187,0.3040638864040375,0.2015887,0.9676954630905885,1.5343806743621826,0.0899365171790123,0.46537954,0.9873273063677795,1.720630407333374,0.1625494658946991,0.3260154,0.9800507131222531,1.9299595355987549,0.08519287407398224,0.52873474,0.9999431452218407,2.0273072719573975,0.20575343072414398,0.2758591,0.9842535749349537,1.9492133855819702,0.10952536016702652,0.33936074,0.999653292871808,2.2939155101776123,0.25924041867256165,0.28921306,0.977989467642176,2.166417121887207,0.21548239886760712,0.3180368,0.970966640986303,1.783216953277588,0.10294244438409805,0.4257622,1.0204359302089276,2.0404052734375,0.18949666619300842,0.45236057,0.9512573552187883,2.242873191833496,0.1705939620733261,0.44244948,0.9390221109960949,1.8814265727996826,0.20170851051807404,0.29089323,0.9209719813355347,2.049816608428955,0.23934276401996613,0.49820286,0.855122936456557,2.5259792804718018,0.4912755787372589,0.48202744,0.43270016760011276,2.140700578689575,0.19514961540699005,0.20102325,0.33588759167193455,2.013554573059082,0.13653087615966797,0.17577285,0.5225711840494075,2.8554224967956543
0,0.04280924052000046,0.27605748,0.7339200545311331,2.8558754920959473,0.012828927487134933,0.14258324,0.5443168562700073,2.039003610610962,0.00030828805756755173,0.12531717,0.31730680430896885,1.1453404426574707,0.12477633357048035,0.33387348,0.9693362478715649,1.9998525381088257,0.2111513465642929,0.2594359,0.9540830118459627,1.8141424655914307,0.11276788264513016,0.37967557,0.9465348662852695,1.9180299043655396,0.2532370686531067,0.25939977,0.9612810062202095,1.8533236980438232,0.1252206265926361,0.25696623,0.9539635293971592,1.9439220428466797,0.28128546476364136,0.18219015,0.9673555273079918,1.6359875202178955,0.09449059516191483,0.44146967,0.9923672010342901,1.9602680206298828,0.1722368746995926,0.28897452,0.980346645518284,1.8472676277160645,0.09947570413351059,0.526535,1.0113087550407678,1.9520490169525146,0.20635448396205902,0.22589403,0.9757533408949963,2.278953790664673,0.09836532175540924,0.37816867,0.9872610763521098,2.2418854236602783,0.18185225129127502,0.27930686,0.9746055294127381,2.466392755508423,0.1859918236732483,0.29199752,0.9823855549926276,2.2674450874328613,0.11204194277524948,0.37254852,1.0176865893113207,2.198065996170044,0.12261911481618881,0.46550474,0.9508722599567305,1.964600682258606,0.13052760064601898,0.46469975,0.9423140884675838,2.0759634971618652,0.16578589379787445,0.31789598,0.9595335700594844,1.7363027334213257,0.23711271584033966,0.4762675,0.9001306966604922,2.2507665157318115,0.5670446157455444,0.48012596,0.45906897576093325,2.050398588180542,0.25282517075538635,0.20784368,0.3812215703812764,2.267533540725708,0.14965292811393738,0.186794,0.6437985676712045,3.2063493728637695
0,0.058013178408145905,0.2121691,0.7329200338049344,3.2515087127685547,0.019731776788830757,0.1643427,0.5416817211834095,2.417191505432129,0.0005033733323216438,0.14598803,0.314188467087535,1.7626761198043823,0.12079484760761261,0.37451988,0.9631964907101102,1.795702338218689,0.19800421595573425,0.29501283,0.9458333508565284,2.019646167755127,0.1097317710518837,0.4089479,0.9484079496815458,2.06693172454834,0.19065533578395844,0.34774458,0.954292869859324,2.019049644470215,0.1075388565659523,0.26544073,0.9541354962363902,2.173121452331543,0.2733883857727051,0.21561089,0.9581962745429876,1.4350051879882812,0.04922708123922348,0.51420957,0.9785449661558216,1.9724087715148926,0.17118526995182037,0.3213876,0.9691612196757712,1.483701229095459,0.04639191925525665,0.58000654,0.9937578468535464,2.3868143558502197,0.1657721996307373,0.2842883,0.9667863622899702,2.2870187759399414,0.07516240328550339,0.3998182,0.9815711114364694,2.3720619678497314,0.11616117507219315,0.2855436,0.9668537565266243,2.413099527359009,0.14208899438381195,0.34459272,0.9734730087716243,2.122260808944702,0.044325511902570724,0.37579325,1.0061221157401115,2.1733617782592773,0.09868276119232178,0.4793916,0.9612162550093585,2.08204984664917,0.08178144693374634,0.4906616,0.9560926713338903,1.9404678344726562,0.12645012140274048,0.36376008,0.9722761191362408,1.8815791606903076,0.14171825349330902,0.5119986,0.9318441842564295,2.472839593887329,0.5195567011833191,0.47639558,0.48247883076887116,2.2331383228302,0.23143334686756134,0.17468041,0.39405794130776384,2.460510730743408,0.13925525546073914,0.14836735,0.6831874867201674,3.479421377182007
0,0.06044268235564232,0.27475646,0.7175503891698293,3.2884581089019775,0.01889880560338497,0.1902013,0.5263669978611023,2.5473151206970215,0.0008500146795995533,0.15186188,0.3137532102623455,1.748030662536621,0.10813979804515839,0.40235046,0.959070001137352,1.7691848278045654,0.17803698778152466,0.3298931,0.9400028071230302,1.7334318161010742,0.09934279322624207,0.43171763,0.9487883205791379,1.889082431793213,0.15139122307300568,0.37211946,0.9486278572006637,2.095733165740967,0.1141849011182785,0.28954226,0.952093407625486,2.255288600921631,0.2630294859409332,0.22249354,0.9492997174215614,1.868883490562439,0.0518626905977726,0.50248885,0.9756280446084572,2.277784585952759,0.14435218274593353,0.3371899,0.9624675725538336,1.8150875568389893,0.06881795078516006,0.59173894,0.9895104307419033,2.406409978866577,0.15766072273254395,0.329982,0.9589019734517678,2.2763946056365967,0.06188565120100975,0.42266336,0.975092172619127,2.265139579772949,0.1178036779165268,0.31040683,0.9600341289519884,2.5526530742645264,0.1339695304632187,0.37960202,0.9697331691110921,2.1616759300231934,0.04656355082988739,0.39118236,0.9961513082983396,2.256099224090576,0.07415279000997543,0.47263518,0.9603375388540103,1.9939048290252686,0.066154345870018,0.52904326,0.9574515981378658,1.8590724468231201,0.1021258607506752,0.38025638,0.9709232162369933,1.89821457862854,0.10941077023744583,0.54369634,0.9363002364829244,2.407900094985962,0.4867500364780426,0.49705005,0.5023333592805905,2.456450939178467,0.23125724494457245,0.15456933,0.4025167270531259,2.5034542083740234,0.13770648837089539,0.1368557,0.694308803402359,3.5728113651275635
0,0.03673967719078064,0.24791116,0.7371799821901778,2.810758113861084,0.020964711904525757,0.15176977,0.547193871346718,1.9907172918319702,0.0003735933278221637,0.12405058,0.3125572414589697,1.0498042106628418,0.12844723463058472,0.33260393,0.9696704677704271,1.7947163581848145,0.22572164237499237,0.2539965,0.9540043684312335,1.6835094690322876,0.12354576587677002,0.3653297,0.9484932390992568,1.6519275903701782,0.23365162312984467,0.27408874,0.9620524857896835,1.7885013818740845,0.12606850266456604,0.25865048,0.9523098329017181,1.6331470012664795,0.28563398122787476,0.17730579,0.9652823480387784,1.4838389158248901,0.08513988554477692,0.44212243,0.9949630378108772,1.69565749168396,0.1769004911184311,0.28696626,0.9851190754107954,1.4514799118041992,0.10692084580659866,0.44583756,1.013994008567189,2.062905788421631,0.22606579959392548,0.21890172,0.9756146303208434,1.923365831375122,0.11862305551767349,0.29109251,0.991580533960602,2.402993679046631,0.18787597119808197,0.23113306,0.9761163982854988,2.115724563598633,0.18001791834831238,0.2541232,0.980678965716532,2.0176267623901367,0.11835269629955292,0.38714936,1.0167279705765582,2.1407132148742676,0.13641028106212616,0.4531528,0.9606715712591808,1.8591153621673584,0.12787078320980072,0.45660022,0.9490745678981936,2.0358681678771973,0.17552368342876434,0.31821585,0.9748134073764262,1.748401165008545,0.23900076746940613,0.44374368,0.90409984346303,2.371453046798706,0.5489945411682129,0.51584333,0.46891719475930355,2.0431559085845947,0.20209188759326935,0.21227348,0.38736420021548756,2.330338478088379,0.12864463031291962,0.19808237,0.6441217355150737,3.2243690490722656
0,0.028182445093989372,0.22923458,0.750831543002634,2.8648526668548584,0.010821012780070305,0.13529138,0.5584181334955074,2.033897876739502,0.00021826947340741754,0.122753195,0.3177116449090847,0.9975395202636719,0.11544656753540039,0.33307326,0.9670676499325549,1.8909828662872314,0.16432954370975494,0.2471809,0.9512782073028274,1.9147047996520996,0.12083659321069717,0.36068982,0.9387001165218616,1.8162298202514648,0.23510071635246277,0.2519548,0.9645373946317376,1.6993600130081177,0.11747448146343231,0.25218883,0.948095611211386,1.6639853715896606,0.29207444190979004,0.18402863,0.9693189560554596,1.2575416564941406,0.0741773322224617,0.44052652,0.9937949095819574,1.999948501586914,0.16333931684494019,0.27521384,0.9790641823591155,1.8378344774246216,0.11898922175168991,0.48616076,1.000712998624959,2.1992433071136475,0.21096383035182953,0.23292129,0.9720538449936371,2.1516246795654297,0.1042352020740509,0.33849388,0.9813405149164136,2.491769790649414,0.19196093082427979,0.24456263,0.9726857579073352,2.3829565048217773,0.18449437618255615,0.2988092,0.9787334269384972,2.2114381790161133,0.11749200522899628,0.40493357,1.003069884816042,2.4409310817718506,0.1515217423439026,0.419439,0.9412440632928402,2.4325032234191895,0.15046446025371552,0.45097488,0.9276790715148352,1.8921762704849243,0.19062067568302155,0.31319818,0.9568194679611831,1.9012037515640259,0.2079346925020218,0.45442152,0.8930230415863986,2.5446791648864746,0.5189375877380371,0.4881063,0.49786786062632493,2.1212422847747803,0.21358433365821838,0.22216079,0.41431425912706504,2.220757484436035,0.14373309910297394,0.20762022,0.6548460882870862,3.204960823059082
1,0.02847941219806671,0.25261363,0.7410963618957681,2.6990725994110107,0.008624809794127941,0.15085337,0.571387084243098,1.7986334562301636,0.0003769421891774982,0.12709437,0.3204529296361459,1.2175437211990356,0.13428698480129242,0.3662896,0.966227071678804,1.301122784614563,0.1955632120370865,0.31372628,0.956632130447678,1.4361824989318848,0.11637863516807556,0.44229597,0.947693402343867,1.6318048238754272,0.27147752046585083,0.33307874,0.9588967131079614,1.686399221420288,0.12363754212856293,0.2875935,0.9407196708986754,1.604518175125122,0.3130936920642853,0.17088029,0.9658338294077917,1.3901677131652832,0.09842724353075027,0.37568167,0.9920589788532653,1.9575591087341309,0.2085614800453186,0.34145835,0.9794877730847893,1.4392234086990356,0.11221639066934586,0.45430514,0.992010143744612,1.9316514730453491,0.23398448526859283,0.22889797,0.9737083103779468,1.879257082939148,0.11263687908649445,0.26065695,0.9824896643218561,1.9511208534240723,0.2596651315689087,0.2489553,0.97530585145473,1.895799160003662,0.2187415063381195,0.2598798,0.9721410450346021,2.0290145874023438,0.15249204635620117,0.40322983,1.012908123444523,2.0318310260772705,0.2402576059103012,0.40450063,0.9249425483106852,2.0561063289642334,0.23198044300079346,0.40045694,0.9014885397719665,2.0296013355255127,0.25386157631874084,0.28786796,0.9002966043487045,1.8031026124954224,0.31190937757492065,0.4730614,0.841590446728931,2.137669563293457,0.6215229034423828,0.4976561,0.3909438548725893,1.6503688097000122,0.2027847319841385,0.2014465,0.29751058468806346,2.026831865310669,0.14174461364746094,0.16175738,0.4976174417199549,2.729215145111084
0,0.04285867512226105,0.22470564,0.7315706722963107,3.1133697032928467,0.013733633793890476,0.18436484,0.5358238328394883,2.27445387840271,0.00046864067553542554,0.14810356,0.3143587065994683,1.579906702041626,0.11077489703893661,0.36495507,0.9644320592834885,1.9031568765640259,0.16752763092517853,0.27930072,0.9486336094147754,2.11576247215271,0.09545451402664185,0.4046001,0.9480812147992488,1.9734448194503784,0.18068984150886536,0.33137622,0.9584500336360684,1.9151047468185425,0.0957188606262207,0.28683564,0.9554293219890413,2.0392258167266846,0.2780736982822418,0.20193872,0.960280700269675,1.475809097290039,0.0642029345035553,0.48383725,0.9818589191135395,1.965213656425476,0.15124061703681946,0.31693077,0.9703545799905673,1.9515503644943237,0.06922567635774612,0.5436878,0.9951487884992378,2.086123466491699,0.24631930887699127,0.27751115,0.9672317039213952,2.3626840114593506,0.08842963725328445,0.39422065,0.9785862536889093,2.183047294616699,0.15059970319271088,0.28729823,0.9675262240657111,2.1186482906341553,0.15774498879909515,0.35335228,0.9750122085820213,2.2413008213043213,0.05897815525531769,0.3969718,1.004384697705488,2.106315851211548,0.12797962129116058,0.44652575,0.9588068711036823,2.2030465602874756,0.09833508729934692,0.5099508,0.950090436648083,1.9023151397705078,0.12650182843208313,0.35461006,0.9696305549849963,1.8354153633117676,0.14134275913238525,0.5307269,0.9251332947989561,2.5019049644470215,0.5203831791877747,0.47243133,0.5067953506950107,2.2363545894622803,0.23059727251529694,0.16793445,0.42485815087519085,2.4270923137664795,0.14046894013881683,0.16351545,0.6964104671580994,3.4927918910980225
0,0.03481951355934143,0.2664929,0.7256993347695746,2.675137758255005,0.011759095825254917,0.15689886,0.5283690089635182,1.7806377410888672,0.0002397388161625713,0.12661867,0.31435163192316246,1.2356458902359009,0.1269649863243103,0.35134354,0.970148271525775,1.3914110660552979,0.1888483315706253,0.29966483,0.9552281419564981,1.9090758562088013,0.1292051374912262,0.4185927,0.9451779739601305,1.85993230342865,0.25294485688209534,0.32164887,0.9649413912172389,1.6719682216644287,0.15441618859767914,0.23885673,0.9537384324637413,1.7915959358215332,0.28895312547683716,0.19546358,0.9704167049920749,1.5917530059814453,0.0904153510928154,0.46688256,0.9983242496400323,1.871088981628418,0.18604274094104767,0.29799846,0.983281986269127,1.9184619188308716,0.10769292712211609,0.53233916,1.0216879034617778,2.058454751968384,0.16958701610565186,0.26841778,0.9840065445079975,2.2772257328033447,0.10685315728187561,0.37839752,0.9959524683016233,2.505012035369873,0.20096459984779358,0.235725,0.9797877986581623,2.156345844268799,0.21604210138320923,0.29536974,0.9914636022549792,1.788675308227539,0.11546424776315689,0.38735273,1.0213689094476874,2.3382673263549805,0.16544018685817719,0.45622456,0.9536239771424129,1.939597725868225,0.14728973805904388,0.44915226,0.946263010233088,2.0268380641937256,0.1914820373058319,0.3189751,0.9686185263570978,1.7820013761520386,0.27495276927948,0.4656318,0.9055229689717894,2.4977402687072754,0.6091218590736389,0.46089974,0.45780381961367567,1.9392976760864258,0.2635991871356964,0.21158588,0.37846152968956676,2.218958854675293,0.14893046021461487,0.1964452,0.6581853823351289,3.312178611755371
0,0.04623856768012047,0.23810837,0.7370563490281888,3.145075559616089,0.02945958636701107,0.1802381,0.5580487851172642,2.301968574523926,0.0005977183463983238,0.14197695,0.31679135128024405,1.5656081438064575,0.11610600352287292,0.3771339,0.9671755302397241,1.6744705438613892,0.19370301067829132,0.27150202,0.9497635619335965,2.0139148235321045,0.09547128528356552,0.4090733,0.9495554506857673,1.7100815773010254,0.23987828195095062,0.33868745,0.9578475704220271,1.9930591583251953,0.11966872215270996,0.2791307,0.9544616313521616,1.5787906646728516,0.26781636476516724,0.20573999,0.9616750338062491,1.6905460357666016,0.06556025892496109,0.486475,0.98634647078846,2.2303543090820312,0.15968571603298187,0.32270306,0.9742509169456238,1.6003429889678955,0.09407687932252884,0.56838214,1.0012957123246844,1.9627043008804321,0.20771461725234985,0.29244524,0.970265644954503,2.134852170944214,0.08996386080980301,0.40722913,0.9857753291032219,2.291902542114258,0.18000517785549164,0.30746412,0.9710909690942114,2.2574143409729004,0.17362599074840546,0.35926905,0.9769922313142734,2.080688238143921,0.05689027160406113,0.39917734,1.005717399399693,2.1049742698669434,0.10579580813646317,0.4836444,0.9550630116158543,2.0149896144866943,0.1130485087633133,0.49874872,0.9503794575844596,1.9367834329605103,0.14829137921333313,0.34995037,0.9704246668429374,1.7724764347076416,0.1925722360610962,0.527575,0.9191023895651345,2.3872971534729004,0.5114620327949524,0.5041202,0.4745902625341059,2.1540756225585938,0.2014731913805008,0.18502983,0.3927726769180238,2.3544294834136963,0.12022363394498825,0.16259794,0.6752627727898064,3.4709019660949707
0,0.06031413376331329,0.2445725,0.7350524113117085,3.2160072326660156,0.020415984094142914,0.16885385,0.5536714969135497,2.493129014968872,0.0006480242009274662,0.1522909,0.31244669967157923,1.5707151889801025,0.10458025336265564,0.36273652,0.9631939299079976,1.9625892639160156,0.18460528552532196,0.27147815,0.9443921041297129,2.139207601547241,0.0949990451335907,0.4192321,0.9475271515207848,2.0314886569976807,0.16384762525558472,0.31937307,0.9518597480445269,2.1507198810577393,0.10390781611204147,0.28634793,0.9524951360019993,2.0456926822662354,0.27125561237335205,0.18950394,0.9554427228010928,1.6489893198013306,0.04961008578538895,0.49856663,0.9785204474938131,1.8688416481018066,0.15311799943447113,0.30256897,0.9668942212630862,1.7809561491012573,0.06078490614891052,0.5796609,0.9921341544554785,1.9726241827011108,0.1700538545846939,0.26330853,0.9635618316059764,1.627290964126587,0.0642402395606041,0.4233436,0.978823801899033,2.070462226867676,0.1305764615535736,0.25754622,0.9648958737878288,2.3709897994995117,0.13740260899066925,0.34911042,0.9727817045615575,1.9741766452789307,0.05249715968966484,0.40466484,0.9971183520352088,1.890648603439331,0.08243431895971298,0.47493032,0.9525056033114686,2.1769795417785645,0.07595043629407883,0.4846221,0.9465546699556086,2.100621223449707,0.11086521297693253,0.3567729,0.9623096918625424,2.085221767425537,0.13237161934375763,0.5205562,0.923053804479869,2.3899130821228027,0.5206579566001892,0.50380325,0.5074019003711723,2.292898654937744,0.2502831518650055,0.18778294,0.4088702841757179,2.4921467304229736,0.1481596976518631,0.14281163,0.6883675494884133,3.4960992336273193
0,0.033814311027526855,0.27712107,0.7310272217859812,2.9500932693481445,0.01588301919400692,0.17387053,0.5457225145859564,2.155487537384033,0.00024034769739955664,0.13539153,0.31510971878407684,1.325560450553894,0.10745992511510849,0.35878626,0.967780155349346,1.764333963394165,0.18700365722179413,0.27557057,0.9519327803825602,1.9643809795379639,0.11292389035224915,0.3859702,0.9489717604320852,1.7170873880386353,0.22305159270763397,0.3168452,0.9599328934961694,1.838371753692627,0.12038102000951767,0.27276078,0.9547386395999885,1.7293905019760132,0.3130594491958618,0.18804859,0.9628702945779012,1.6455070972442627,0.06031498312950134,0.4706812,0.9870926320037272,1.8605238199234009,0.16541825234889984,0.30258277,0.9754352745570771,1.6230976581573486,0.07331516593694687,0.50285727,1.0009632144305218,1.9626222848892212,0.1776554435491562,0.24731407,0.9712676512004967,2.2830543518066406,0.09532029181718826,0.36262786,0.9826629051572803,2.3968262672424316,0.17156542837619781,0.25594148,0.971483635217264,2.181656837463379,0.16890747845172882,0.29115018,0.9763145985971087,2.1772899627685547,0.08320635557174683,0.40796977,1.0012798562589973,2.148226499557495,0.11267747730016708,0.46895555,0.9499768074818399,2.3032073974609375,0.11487987637519836,0.45770565,0.9393508484942048,1.9740564823150635,0.14412178099155426,0.3079939,0.9648459122010935,1.8049912452697754,0.19584260880947113,0.52171516,0.9085485286460009,2.546103000640869,0.537254810333252,0.4829457,0.4836274712044563,2.145029067993164,0.22226080298423767,0.18269189,0.39092054362145423,2.1908349990844727,0.13926494121551514,0.17427233,0.6706956310692426,3.356135129928589
1,0.03200284764170647,0.2461243,0.7335626899987975,2.786116123199463,0.016142189502716064,0.13147075,0.5447276111822668,1.960893988609314,0.0002660060999915004,0.11405412,0.3193485741834106,0.9520133137702942,0.12172860652208328,0.3423685,0.9680699621950211,1.574834942817688,0.16877400875091553,0.24956201,0.9542968957927285,1.7318929433822632,0.1133970245718956,0.3675405,0.9471725737931911,1.4739658832550049,0.23434768617153168,0.2688548,0.962700133565576,1.7969377040863037,0.11561186611652374,0.2468261,0.94790726325863,1.5446265935897827,0.2840554118156433,0.18395343,0.9682744352826581,1.4652490615844727,0.08086589723825455,0.4496752,0.9909361968496786,1.8452767133712769,0.17105090618133545,0.27077103,0.9807597163603332,1.861534833908081,0.09947624057531357,0.4818646,1.0087326008372988,2.0107290744781494,0.21276667714118958,0.22571221,0.9787559719299236,2.195549488067627,0.1093476265668869,0.33696777,0.9886641558958105,2.1068239212036133,0.17716923356056213,0.22336732,0.9752676559984593,2.237837791442871,0.20123304426670074,0.2601571,0.9800711958808437,2.022557258605957,0.10036569833755493,0.42401505,1.0125291453107135,1.9639250040054321,0.17383578419685364,0.4368091,0.940071152617713,1.8439902067184448,0.14875490963459015,0.44594577,0.9256519476103451,2.129865884780884,0.19530917704105377,0.32596442,0.959066959155605,1.7370009422302246,0.2659788131713867,0.45268646,0.8946538941038867,2.3722805976867676,0.5696300268173218,0.50279087,0.4595206169781604,2.034342050552368,0.22686269879341125,0.21519579,0.38363473699306017,2.169050693511963,0.14506398141384125,0.20498857,0.6643497726738734,3.3238682746887207
1,0.05084305256605148,0.231292,0.7421125744074676,3.1661999225616455,0.028353197500109673,0.16720852,0.577152672520754,2.5071732997894287,0.0005275256698951125,0.13969944,0.3099426182686572,1.3202844858169556,0.11543768644332886,0.4152292,0.9647760965597565,1.5707826614379883,0.1906384974718094,0.33525908,0.9505739105364105,1.7181035280227661,0.1100604236125946,0.44529918,0.9535051347295909,2.0041391849517822,0.2301475554704666,0.33149752,0.9515600369932532,1.6777753829956055,0.10857564210891724,0.36020404,0.9531895234606249,1.3236360549926758,0.2791368365287781,0.23460962,0.9612075322769663,1.4112629890441895,0.06845516711473465,0.48605752,0.9800408955604522,1.7886791229248047,0.16606628894805908,0.33804142,0.9693468209345556,1.667540192604065,0.07463989406824112,0.5254777,0.9840447038333495,2.270047664642334,0.18653392791748047,0.29772952,0.9710583321720557,1.8894007205963135,0.08583774417638779,0.35040668,0.9807123087778163,2.1930155754089355,0.1980951428413391,0.27769315,0.9637070023941597,1.7986433506011963,0.2298806607723236,0.27400193,0.9629916262392293,2.019244909286499,0.05342347174882889,0.3899393,0.9990228293805803,2.362614631652832,0.1274736076593399,0.47785246,0.947618990044018,1.82078218460083,0.14089632034301758,0.45039186,0.9334671550512493,1.8718187808990479,0.19172795116901398,0.31949055,0.9323451173407018,1.5838117599487305,0.2113463133573532,0.45371845,0.8918782241576461,2.17954683303833,0.5548621416091919,0.4762131,0.4181259084313637,1.8554978370666504,0.2044142335653305,0.15796468,0.3130122223701164,2.1252784729003906,0.1737845540046692,0.118449464,0.578011573311752,3.1085751056671143
0,0.04092862457036972,0.24481454,0.7379758908464698,3.0487823486328125,0.023259762674570084,0.15085833,0.5419374703015558,2.310609817504883,0.00032085878774523735,0.13675314,0.31800350386650816,1.3487902879714966,0.09922436624765396,0.3553966,0.9651749559825331,1.8638041019439697,0.17653147876262665,0.2610308,0.948105702783314,2.2493956089019775,0.10408613830804825,0.38197318,0.9493672705508946,1.5652508735656738,0.242649644613266,0.31339386,0.9582650636742803,1.8139805793762207,0.11380203813314438,0.2597959,0.955351244089897,1.498023509979248,0.2822529971599579,0.18430685,0.9604551862870974,1.5641340017318726,0.057189278304576874,0.47414702,0.9854749907013866,2.0420467853546143,0.16253188252449036,0.29421568,0.9722875469251576,1.5212994813919067,0.055736005306243896,0.5301724,0.9991674292965348,2.2325432300567627,0.20314033329486847,0.25522304,0.9705237500397023,2.1672613620758057,0.09474508464336395,0.33302462,0.9848487861676495,2.4741744995117188,0.19322273135185242,0.2625033,0.9703436500167355,2.164531707763672,0.1869232952594757,0.31528378,0.9789782585409551,2.124419689178467,0.047551002353429794,0.38479415,1.0106580804078529,2.1857621669769287,0.112421914935112,0.45552683,0.9595909868777717,1.9763257503509521,0.0973682850599289,0.4333744,0.9517166427420493,1.75192391872406,0.12268010526895523,0.31799382,0.9691753300349435,1.9615973234176636,0.1742403209209442,0.48316455,0.9187705467428425,2.6376795768737793,0.5230941772460938,0.48710406,0.4830844617982482,2.255225896835327,0.2233186513185501,0.17992648,0.39796707416829935,2.3798811435699463,0.12190289050340652,0.17656034,0.6651092264052836,3.347574234008789
0,0.05241753160953522,0.23439296,0.7367937380800202,3.1287808418273926,0.01985558308660984,0.177511,0.5432817535568888,2.271606683731079,0.0005082108546048403,0.15020584,0.3130446156969171,1.3978787660598755,0.11017096787691116,0.35959646,0.9650938170759755,1.869766116142273,0.17994104325771332,0.27737874,0.9479455029653729,1.8967235088348389,0.1166750118136406,0.4045891,0.9473551695653899,1.958378553390503,0.18898354470729828,0.34031805,0.9550434995187213,2.1844184398651123,0.1228804662823677,0.2681099,0.951785748717411,1.9476594924926758,0.2842186689376831,0.2007848,0.9588705503668352,1.7336242198944092,0.05884803831577301,0.49465474,0.98201010477258,2.2162349224090576,0.16112355887889862,0.31458545,0.9718610755003242,1.7159488201141357,0.08866377174854279,0.54608744,0.9997442050762315,2.1973068714141846,0.17631089687347412,0.27232295,0.96976270655983,2.170027017593384,0.07661072164773941,0.4133242,0.9847075332512278,2.5104482173919678,0.1369437277317047,0.30318186,0.9702536476848924,2.49053692817688,0.15323901176452637,0.352262,0.975757872273011,2.1377482414245605,0.056381020694971085,0.4060524,0.9994976854434983,2.1989898681640625,0.09695520997047424,0.48242956,0.9517257430570566,2.103522539138794,0.09525580704212189,0.4928405,0.9439949028734781,1.9153814315795898,0.12938673794269562,0.36231107,0.9640440313330437,1.9678194522857666,0.15115632116794586,0.5115969,0.9185498086127931,2.6666455268859863,0.5151013135910034,0.49383792,0.48505222650507995,2.233103036880493,0.2189740091562271,0.1841389,0.4006571763729562,2.542361259460449,0.13104325532913208,0.14440195,0.6768444893364244,3.41304349899292
0,0.036042872816324234,0.27933446,0.736725697672634,2.61690092086792,0.010020353831350803,0.14463714,0.5442170121320358,1.7285758256912231,0.00019975243776571006,0.12097758,0.3177364087209954,1.1276434659957886,0.12971137464046478,0.33173382,0.968924256580431,1.5690268278121948,0.1954609900712967,0.25792414,0.9566495894832561,2.002830743789673,0.12024019658565521,0.39716882,0.94578751493575,1.670884609222412,0.2665150463581085,0.31362236,0.9690550074019646,1.7223949432373047,0.15197035670280457,0.25230908,0.9534010459298726,1.491374135017395,0.29900386929512024,0.1904166,0.9742606666513296,1.604640245437622,0.11400856822729111,0.44271213,1.0045756350770327,1.858269453048706,0.19137753546237946,0.2933743,0.989043131507062,1.8491394519805908,0.1311570405960083,0.47190064,1.0213766094046897,2.030731439590454,0.1927395761013031,0.24760364,0.987325431124113,2.2145442962646484,0.11403939872980118,0.3586484,0.9925813759343556,2.3692221641540527,0.2065962702035904,0.28776538,0.9795655037036963,2.1986706256866455,0.19411377608776093,0.3100543,0.9894228467212947,2.0088062286376953,0.16001249849796295,0.38973457,1.0190379148695723,2.4758360385894775,0.19057920575141907,0.45574862,0.9449835298961795,2.0206027030944824,0.16848039627075195,0.44360042,0.9338772615314216,2.1061668395996094,0.20918072760105133,0.32603073,0.9589929267133329,1.8379969596862793,0.2878091335296631,0.49178925,0.8892746972955169,2.317073345184326,0.6215527653694153,0.45475307,0.4645471836287399,1.8356279134750366,0.2617202699184418,0.20887718,0.37922163718708435,2.2351176738739014,0.16665439307689667,0.1877976,0.6554183597690022,3.237419843673706
1,0.04156570881605148,0.25421852,0.7459300859363116,2.956850051879883,0.019229894503951073,0.17816676,0.5744358800107575,2.1876120567321777,0.00043125919182784855,0.12731685,0.31888505132302547,1.1663085222244263,0.11492723226547241,0.3996121,0.9663117195687793,1.4194682836532593,0.1629527509212494,0.33629036,0.9540977227138605,1.7417891025543213,0.09660729765892029,0.44222265,0.9517438421204714,1.7551932334899902,0.2826671302318573,0.3459792,0.9587384126739238,1.7898082733154297,0.08649588376283646,0.37947917,0.9498121827228732,1.4480252265930176,0.2861206829547882,0.20135185,0.9662407329128998,1.441089391708374,0.06675364077091217,0.5201074,0.9828667582609404,1.951893925666809,0.16928941011428833,0.3596609,0.978219830544217,1.9621129035949707,0.09091569483280182,0.49620616,0.9893863951020816,2.1636159420013428,0.1855935901403427,0.28665975,0.9778835198140289,1.8202242851257324,0.09549819678068161,0.3364095,0.9878639569345387,2.2684249877929688,0.20610670745372772,0.28638777,0.9745296147991097,2.2146663665771484,0.22328737378120422,0.30928096,0.973692968807667,1.9127070903778076,0.06924345344305038,0.4145362,1.0131530656942949,2.6002635955810547,0.21695543825626373,0.48735133,0.9484852528132265,2.191232442855835,0.196478009223938,0.45211723,0.9297799836786957,1.8430910110473633,0.24784834682941437,0.33567432,0.9370964821117842,1.595677137374878,0.25041669607162476,0.48968747,0.8848153131670257,2.3112668991088867,0.5616804957389832,0.50185525,0.43052901499822654,1.8761578798294067,0.2301652729511261,0.20699032,0.31307018263578673,2.0714831352233887,0.17550526559352875,0.1403725,0.5274708663711201,2.816561222076416
0,0.04811398684978485,0.25462663,0.7354089504544075,3.085510492324829,0.02532508596777916,0.16810143,0.5446721340001744,2.297358751296997,0.0005735832965001464,0.14251797,0.3179708613372553,1.189202904701233,0.10451474785804749,0.35517696,0.9655184265368656,1.840019941329956,0.20004664361476898,0.27297956,0.9471757734820573,1.857025384902954,0.10975068062543869,0.38486773,0.9460780376120997,2.0242390632629395,0.20551596581935883,0.3080464,0.9564895677569315,1.9340144395828247,0.08940789103507996,0.26471934,0.9508730128390324,1.9271491765975952,0.29654133319854736,0.18918498,0.9597526536748412,1.4833240509033203,0.06542610377073288,0.45256963,0.9811560525032659,2.130112648010254,0.16101156175136566,0.3055258,0.9720316719151922,2.016611099243164,0.07230956852436066,0.53697,1.000674489758457,2.173391819000244,0.1762639731168747,0.2542435,0.9689731715225383,2.357677459716797,0.08968441933393478,0.37569153,0.9827432559118009,2.1995060443878174,0.13943877816200256,0.2980159,0.9723015461089708,2.372269868850708,0.1963619589805603,0.32587364,0.976884223102607,1.9400811195373535,0.059259310364723206,0.4042343,1.001905892942893,2.135674476623535,0.10312686115503311,0.48743677,0.9533466311720247,2.050476551055908,0.10748844593763351,0.5284927,0.9502793691789994,1.8496055603027344,0.1356038898229599,0.3601947,0.9681594330094929,2.090754270553589,0.16688616573810577,0.49999166,0.9187898600758099,2.4210410118103027,0.5134384632110596,0.50442487,0.4867380626871899,2.2352590560913086,0.22500137984752655,0.17722064,0.41535028216822967,2.4327142238616943,0.1469973623752594,0.16500959,0.6878333564917815,3.4594287872314453
1,0.04050121828913689,0.2543942,0.7545039675131467,3.025163412094116,0.02150154300034046,0.13812068,0.5714834639423924,2.1767542362213135,0.0007611100445501506,0.14901212,0.31936153147763613,1.1319894790649414,0.129909947514534,0.3648416,0.966819565600998,1.6715248823165894,0.1601579189300537,0.26351017,0.9474741290390197,1.9587252140045166,0.09239835292100906,0.383834,0.941917468309022,1.9162187576293945,0.1846485733985901,0.30382666,0.9572016016047603,2.1560449600219727,0.11328988522291183,0.26166052,0.945376722133696,1.6214351654052734,0.28828856348991394,0.19295856,0.9638492454659495,1.508086085319519,0.06484866887331009,0.48512205,0.9868950733588039,1.9647074937820435,0.17853108048439026,0.2858837,0.9785302908714242,1.8729192018508911,0.07459242641925812,0.5342933,1.0031225174202725,2.1134557723999023,0.1724003702402115,0.24339144,0.9739464933283472,1.9559566974639893,0.1031060665845871,0.33908147,0.9908662335269138,2.2655692100524902,0.1557912528514862,0.24776745,0.9754757198589755,2.0464653968811035,0.17676885426044464,0.3185514,0.980767118379205,1.9623613357543945,0.06866505742073059,0.36007062,1.026981805898202,1.7770862579345703,0.17421765625476837,0.45449507,0.9463618510236906,1.8790141344070435,0.14164498448371887,0.4220691,0.9293607815965351,2.0646629333496094,0.17117589712142944,0.33274466,0.9492492246421155,1.897355318069458,0.24638795852661133,0.47710317,0.8812412546076376,2.3441004753112793,0.5166051387786865,0.4881624,0.4724295482544429,2.037489175796509,0.2329612821340561,0.19482435,0.39788239447565715,2.249131202697754,0.12347688525915146,0.16151953,0.6410497354241962,3.133286952972412
0,0.052999600768089294,0.21755758,0.7289821798941584,3.274395227432251,0.02146485075354576,0.21059065,0.5399810923993306,2.4694817066192627,0.0005203759064897895,0.1450197,0.31295389013103525,1.7616883516311646,0.10761183500289917,0.3805407,0.9619794036401723,1.7005549669265747,0.17732375860214233,0.2987754,0.9444552502018492,1.8815631866455078,0.11370550096035004,0.4086602,0.9490563257649757,1.8172571659088135,0.20045898854732513,0.35151234,0.9511328432334326,1.8303132057189941,0.10979714244604111,0.28571272,0.9543351417001948,2.016339063644409,0.2713448107242584,0.22094813,0.9552871855824697,1.6851952075958252,0.05115644261240959,0.52217686,0.9791987747122384,2.31648850440979,0.14614559710025787,0.34007376,0.9665334609309844,1.8424797058105469,0.052551597356796265,0.5433688,0.9911010887147814,2.364331007003784,0.14641927182674408,0.28639543,0.9619559037794354,2.331380605697632,0.0631265714764595,0.394469,0.9787157035686163,2.346181631088257,0.18269895017147064,0.27930874,0.9649053438107772,2.4959068298339844,0.13210929930210114,0.38288164,0.9725203950193216,2.087573528289795,0.05536290630698204,0.39802113,0.999910399145045,1.6542850732803345,0.07802882790565491,0.47672126,0.9584223554395366,1.9028668403625488,0.07131606340408325,0.49464878,0.9559668768204646,1.8638569116592407,0.11526791006326675,0.30534434,0.9709701319965639,2.012687921524048,0.11811093986034393,0.5287334,0.9322054178688879,2.3521816730499268,0.474759042263031,0.4836061,0.5019584191137568,2.4331517219543457,0.21544279158115387,0.17667295,0.4135631827733882,2.5585317611694336,0.1434417963027954,0.15083456,0.681276757267659,3.467264175415039
0,0.03982408344745636,0.28018337,0.728463461217856,2.9768595695495605,0.016706572845578194,0.17220199,0.5419283068532147,2.258647918701172,0.00021398800890892744,0.14495935,0.31384417366163714,1.2129251956939697,0.10432930290699005,0.37413728,0.9659388102839194,1.8387835025787354,0.18428732454776764,0.29029685,0.9519955589129379,2.1336567401885986,0.11899235844612122,0.3956244,0.9480283847570641,1.4644744396209717,0.22769217193126678,0.34688574,0.9604083106271621,1.790948510169983,0.11179038137197495,0.28215504,0.9563935224544782,1.937499761581421,0.2898164987564087,0.20593306,0.9651993468897968,1.5454928874969482,0.07048311829566956,0.46883926,0.9891281289940824,2.1114492416381836,0.17142899334430695,0.3512692,0.9758682893215573,1.9405176639556885,0.07101524621248245,0.5163898,1.0028055436100474,2.0829782485961914,0.1827831119298935,0.28189337,0.9710623198863819,2.2175636291503906,0.09468527883291245,0.42157015,0.9837620854781576,2.302525520324707,0.17679408192634583,0.3048896,0.9713268362180322,2.029068946838379,0.15530231595039368,0.36244974,0.9811367052206676,2.167508602142334,0.10454894602298737,0.39102447,0.9960945110258574,2.2172632217407227,0.175948828458786,0.46626577,0.9472323167875106,2.101806640625,0.11032810807228088,0.48678777,0.9393387607721748,1.9658617973327637,0.1442696452140808,0.3338818,0.9666074377895426,1.788883924484253,0.18082262575626373,0.51412797,0.9181151039644345,2.491969585418701,0.5627764463424683,0.50244963,0.4972890515867631,2.1226084232330322,0.23345860838890076,0.18574193,0.39710247484003697,2.2919867038726807,0.15124203264713287,0.17379186,0.6733122580770757,3.365344285964966
0,0.039918575435876846,0.26122877,0.7301662837184467,3.0333266258239746,0.018296174705028534,0.1668509,0.538040914455545,2.2288262844085693,0.00023877748753875494,0.14530288,0.31301202098095354,1.328682541847229,0.12779904901981354,0.3461672,0.9665565772757416,1.8025057315826416,0.2105577439069748,0.27868068,0.9501385522547259,1.9430407285690308,0.08624133467674255,0.40394518,0.94864506839385,2.132936477661133,0.21827192604541779,0.34562922,0.9578603552887383,1.9389314651489258,0.11297383904457092,0.26231334,0.9539580718016324,1.6443445682525635,0.28826719522476196,0.19479533,0.9615702128541881,1.5794379711151123,0.0725007951259613,0.48956764,0.9863677256712714,1.9309767484664917,0.16823957860469818,0.31648353,0.9733068261160913,1.4682456254959106,0.0773649513721466,0.57019794,0.9995963595047614,1.980668544769287,0.16302131116390228,0.26485625,0.9712408026815854,2.0812838077545166,0.09422989189624786,0.40996996,0.9853609354734112,2.5858519077301025,0.15482379496097565,0.30408642,0.9697380015570424,2.2628519535064697,0.17087039351463318,0.326298,0.9765888837113637,2.1610846519470215,0.05812511220574379,0.408073,1.0038051779578678,2.241001605987549,0.106465183198452,0.4789453,0.9483360872920938,2.0023207664489746,0.09843146055936813,0.48058733,0.9385796288929757,2.0185158252716064,0.143432155251503,0.34145966,0.9585076397389545,1.8232383728027344,0.1956855058670044,0.49701685,0.9130390117982649,2.306396722793579,0.5435704588890076,0.48811582,0.4732790621117315,2.09765887260437,0.22535143792629242,0.18523644,0.38264898952689363,2.2968242168426514,0.12592336535453796,0.16501167,0.6634228485970181,3.3545150756835938
0,0.03569214046001434,0.24463792,0.7343359256054945,2.952958345413208,0.012585962191224098,0.16213746,0.5527865033523939,2.17294979095459,0.000320344784995541,0.12814742,0.320535569753978,1.1097859144210815,0.10180532187223434,0.33584055,0.9676061442998807,1.8136274814605713,0.1947183459997177,0.25443053,0.9515508552290675,1.8086411952972412,0.10652556270360947,0.38775513,0.9464802231187218,1.5081019401550293,0.22215695679187775,0.28568503,0.9621063168642838,1.9785683155059814,0.1297817975282669,0.25117594,0.9512822222918959,1.6967785358428955,0.3098382353782654,0.17759219,0.963216686556238,1.4247792959213257,0.0822417214512825,0.43038046,0.9855971364580606,1.8356050252914429,0.18307387828826904,0.2818973,0.9754067453303031,1.7544842958450317,0.09640191495418549,0.4896078,0.9983683932277526,1.8906452655792236,0.1873948872089386,0.23776363,0.9709549106815912,2.3412609100341797,0.09018504619598389,0.32823592,0.9833888735154156,2.548248529434204,0.1679317057132721,0.24295014,0.9718955646771087,2.101696491241455,0.17783279716968536,0.28993788,0.9754233324750337,1.9522522687911987,0.09799158573150635,0.39990315,0.9924510091147573,2.1678435802459717,0.12464774399995804,0.43516245,0.9367821170515694,2.1568539142608643,0.11056245863437653,0.4499396,0.9263639595990594,2.0316011905670166,0.16327126324176788,0.30235064,0.9528525251901373,1.829401969909668,0.21333186328411102,0.495101,0.8963468232819161,2.2552456855773926,0.535646915435791,0.47942823,0.4797032657396869,2.1385087966918945,0.22280940413475037,0.19653429,0.3827507132218015,2.276939630508423,0.14265504479408264,0.17721899,0.6621865710346538,3.286208152770996
1,0.04164465516805649,0.2439589,0.7683034995079272,3.15346360206604,0.037094369530677795,0.19915968,0.6033443340836373,2.4187915325164795,0.0008295406005345285,0.15117337,0.3204560241130612,1.4134323596954346,0.10831725597381592,0.41559595,0.9681090536894318,1.7178761959075928,0.18779286742210388,0.3410627,0.951593108118324,1.63812255859375,0.1109791025519371,0.443636,0.9460866833762661,1.7599773406982422,0.2513168454170227,0.3393557,0.953223541766453,1.8438141345977783,0.09545272588729858,0.35941255,0.9439524912536643,1.3607434034347534,0.3128422200679779,0.205745,0.9618245490545527,1.5551027059555054,0.07979841530323029,0.50515807,0.9860314677833011,1.8617109060287476,0.15737760066986084,0.36435333,0.9772529382597656,1.556198239326477,0.09822683781385422,0.54363,0.9950782952157653,2.267549991607666,0.17333337664604187,0.28612635,0.9745122790501413,2.127106189727783,0.09215167164802551,0.37352514,0.9933830825173732,2.232834815979004,0.19878172874450684,0.29127604,0.9746454915916613,1.8289821147918701,0.1983930617570877,0.338816,0.9697809906065237,1.9743866920471191,0.07557524740695953,0.41512802,1.019446710856601,2.0061404705047607,0.20639918744564056,0.49869287,0.9448216096635683,1.9979629516601562,0.1920434534549713,0.40876502,0.9250124552987518,2.0028371810913086,0.20791494846343994,0.29689947,0.9154935374611272,1.98317289352417,0.26046785712242126,0.50228494,0.8566902217526446,2.2410106658935547,0.5845460891723633,0.4849239,0.41405887327059865,1.8693721294403076,0.24010054767131805,0.15829913,0.3099547408421075,2.088435649871826,0.2020713984966278,0.13115074,0.48125776953414806,2.6592602729797363
0,0.03697565197944641,0.2586854,0.7340863739033746,3.0267233848571777,0.018783990293741226,0.16345593,0.5537289409729698,2.2840774059295654,0.0003981066693086177,0.15077716,0.3207258166997128,1.4224241971969604,0.11216840147972107,0.36186373,0.9673146807731666,1.8470638990402222,0.1869874894618988,0.2827074,0.9511422919417873,1.7552709579467773,0.12263928353786469,0.38401785,0.9515175337196576,1.521209478378296,0.2163422852754593,0.31998485,0.9591285782542796,2.0362813472747803,0.11367502808570862,0.2789568,0.9575899184690767,1.6866999864578247,0.2938253879547119,0.20777452,0.9641629673433278,1.5074281692504883,0.059688467532396317,0.47868216,0.9851449713595942,1.9694522619247437,0.1574172079563141,0.31430313,0.9743516847872087,1.8082243204116821,0.06756621599197388,0.54144186,0.9996303636795071,2.1939680576324463,0.17815791070461273,0.27114832,0.9719759319131416,2.055035352706909,0.08855723589658737,0.4072407,0.9828984699578106,2.393475294113159,0.15377074480056763,0.29747117,0.9713929374752589,2.4647841453552246,0.1619623750448227,0.30956975,0.9771571372860502,1.947749376296997,0.05384916439652443,0.40562865,1.0069581382446282,1.9422194957733154,0.1152927502989769,0.47740614,0.9526797193666473,2.0580461025238037,0.11683978885412216,0.4763683,0.9470717867698861,1.8858389854431152,0.14319133758544922,0.34716383,0.9698280253832685,1.8910518884658813,0.21270400285720825,0.50505376,0.9142996179672543,2.5103204250335693,0.5339332818984985,0.48179072,0.4876587028220587,2.131089448928833,0.23321367800235748,0.17599304,0.3905824398147951,2.3122594356536865,0.1412113606929779,0.15610147,0.6804438966839422,3.4174869060516357
0,0.04344901069998741,0.26343372,0.7456501391882612,2.9465529918670654,0.01813746988773346,0.11994428,0.5506857214754546,2.104745864868164,0.0002656281285453588,0.13148764,0.3194987681035064,0.9357993006706238,0.11555996537208557,0.339102,0.9686164868204293,1.7084336280822754,0.20954683423042297,0.24501748,0.9518946003515619,1.7417669296264648,0.11356323212385178,0.37181008,0.9440977925763719,1.6065922975540161,0.24568581581115723,0.27298838,0.9615850852834937,1.8140701055526733,0.12421883642673492,0.25363845,0.9512631408444095,1.4027202129364014,0.2833583354949951,0.18185301,0.9660395756235486,1.4768999814987183,0.0774497240781784,0.4282377,0.98706602098921,1.870452642440796,0.18001022934913635,0.27947474,0.9796619029329215,1.8335436582565308,0.08653153479099274,0.4938279,1.008761884973443,1.7398951053619385,0.201381117105484,0.22897074,0.9753755032328806,2.092013359069824,0.10470572859048843,0.33267397,0.9867423757363702,2.0710511207580566,0.18302001059055328,0.2278995,0.9735563412726226,2.0371270179748535,0.18530717492103577,0.28138018,0.9786731079063067,1.9012411832809448,0.07984574884176254,0.38219467,1.0100329833277837,1.9751883745193481,0.14830216765403748,0.46084285,0.9401700266672842,1.8277132511138916,0.14622633159160614,0.4509106,0.9298593478405962,2.0757217407226562,0.18370893597602844,0.32850483,0.9616820482042903,1.7821308374404907,0.2607986330986023,0.46274334,0.9017864962080427,2.3154714107513428,0.5701675415039062,0.4883533,0.4984275615003574,2.0841403007507324,0.24396800994873047,0.20483959,0.4154207000235807,2.3337607383728027,0.15499117970466614,0.18202537,0.6700035922704853,3.299403667449951
0,0.034098491072654724,0.26064235,0.7329042001742284,2.7158420085906982,0.01403944380581379,0.13876764,0.5381239344637857,1.8294697999954224,0.00024239826598204672,0.13077322,0.3159140239224726,1.2378077507019043,0.12505879998207092,0.34072125,0.969327680590299,1.8442637920379639,0.20892952382564545,0.28353155,0.9551945416617811,1.7635985612869263,0.11008910089731216,0.40993556,0.9449605735518327,1.568786859512329,0.22957439720630646,0.30897123,0.9656248596861734,1.8993687629699707,0.14462512731552124,0.24796847,0.9534595690087251,1.5135154724121094,0.28477489948272705,0.18959597,0.9713263010097064,1.538902997970581,0.10215070098638535,0.4522568,0.9980704584356251,2.243447780609131,0.17568174004554749,0.3033595,0.9847614727507761,1.885432243347168,0.11401495337486267,0.5262308,1.0219685017382685,2.1309587955474854,0.24150116741657257,0.2483933,0.9846123575377882,2.293164014816284,0.11110001802444458,0.37633017,0.9956761064628438,2.524651288986206,0.20827700197696686,0.2315555,0.9796094153385442,2.0618081092834473,0.2055395096540451,0.27911356,0.9911727901689883,2.045701503753662,0.16028080880641937,0.38171718,1.0241602140550852,2.1032912731170654,0.16724684834480286,0.46684808,0.9528515922404159,1.9005448818206787,0.1600390523672104,0.43284988,0.945791973114779,2.1080143451690674,0.1902763694524765,0.31468263,0.9671376000864214,1.731391191482544,0.27058708667755127,0.44729337,0.900063377730682,2.417149782180786,0.6045916080474854,0.46143255,0.46170398535854756,1.899950385093689,0.2455470860004425,0.2101531,0.3816147837120921,2.1481566429138184,0.16352255642414093,0.20036949,0.6687344100954163,3.3564884662628174
1,0.029004991054534912,0.25077438,0.7755690549694879,2.4629433155059814,0.01795043610036373,0.14817183,0.5907865279842828,1.556937575340271,0.000258628191659227,0.10125908,0.3228673393808616,1.359873652458191,0.17070968449115753,0.35181,0.9653464591007727,1.4010510444641113,0.22615185379981995,0.26764536,0.954357237884011,1.4390181303024292,0.12729746103286743,0.4164064,0.9415608541043339,1.7756825685501099,0.29167407751083374,0.3175886,0.96045680170581,1.8057130575180054,0.1413082778453827,0.27033937,0.9257552963361944,1.6726129055023193,0.31218644976615906,0.1731638,0.9734944936962209,1.4165229797363281,0.15233704447746277,0.40511796,1.014506082272213,2.1439545154571533,0.25706449151039124,0.32590684,0.9929332719683982,1.5709760189056396,0.16261178255081177,0.5112787,1.0206923866722177,1.9257614612579346,0.284608393907547,0.22133142,0.9933913516495397,1.8991739749908447,0.16176992654800415,0.26829174,1.0129125210532315,2.6509714126586914,0.26249560713768005,0.26002327,0.9901044538304721,2.3267319202423096,0.27243348956108093,0.2508187,0.9857280353779017,1.9204506874084473,0.23329241573810577,0.43662563,1.055911676208362,2.442073345184326,0.32146409153938293,0.41030324,0.9305361432665439,1.9893667697906494,0.3316841721534729,0.44101474,0.881593354340563,1.8736385107040405,0.35074684023857117,0.30511627,0.8814429623178593,1.7566419839859009,0.38718345761299133,0.4810219,0.7854893299350338,2.0319983959198,0.5823178291320801,0.47614577,0.3904307554074573,1.765033483505249,0.1653711199760437,0.23850793,0.32112255460997996,1.755897045135498,0.13420940935611725,0.21353188,0.5072841892513101,2.6007347106933594
0,0.02851238287985325,0.25388834,0.7322525872540286,2.64070463180542,0.007200346328318119,0.15658052,0.5258687004937532,1.771703839302063,0.0002451773325446993,0.13009459,0.3168219336716869,1.0936734676361084,0.12535235285758972,0.35559365,0.9688262858104885,1.7719156742095947,0.16755469143390656,0.27538118,0.9548190843556597,2.295790672302246,0.1198047325015068,0.39985594,0.9430805209255405,1.6602632999420166,0.25391194224357605,0.32283026,0.9694472012552254,1.4573441743850708,0.1245131641626358,0.25509784,0.9556337938147416,2.0229742527008057,0.29140934348106384,0.19091368,0.9729309931874308,1.519033670425415,0.09166285395622253,0.4355944,0.999366823052557,1.8597078323364258,0.1678997278213501,0.31164032,0.9841468676838825,2.0040228366851807,0.11233771592378616,0.50531214,1.0162996090911292,1.8803536891937256,0.18232810497283936,0.27210894,0.9830824046686758,2.300724983215332,0.10762091726064682,0.36386374,0.9871232478526306,2.2752010822296143,0.19324898719787598,0.28394058,0.9800706323953384,2.254422426223755,0.19227907061576843,0.3325638,0.9908496871441005,1.9104323387145996,0.1611785888671875,0.37852508,1.0166728818136228,2.3782973289489746,0.1843739151954651,0.46011966,0.9513124273375498,2.0518064498901367,0.1652119755744934,0.5020984,0.9402835577244576,1.963884711265564,0.20371319353580475,0.3603962,0.9660476868743476,1.5913125276565552,0.25193366408348083,0.5136019,0.9072091601795791,2.403966188430786,0.6074275374412537,0.45658168,0.4855650536892115,1.912592887878418,0.2728472054004669,0.2131238,0.40950307101664063,2.3114569187164307,0.14899641275405884,0.20810032,0.6819933626432897,3.389115571975708
0,0.03225390985608101,0.2337931,0.7364800020837754,2.7950029373168945,0.010215497575700283,0.13141546,0.5452623969562733,1.8544403314590454,0.00018952788377646357,0.10587235,0.31998922091963583,0.9182843565940857,0.13206014037132263,0.3190294,0.9684334126284719,1.6947100162506104,0.18746048212051392,0.23411472,0.9542191492617799,1.7788703441619873,0.12626288831233978,0.351472,0.9437364026565803,1.7791086435317993,0.23134875297546387,0.24978755,0.9644245803364514,1.7515478134155273,0.13326360285282135,0.24290788,0.9469020050231176,1.5198572874069214,0.30539432168006897,0.16825825,0.9677266110412459,1.4514825344085693,0.08387346565723419,0.40227073,0.9886609583718067,1.9560626745224,0.17303691804409027,0.26445487,0.9819227166403364,1.5969361066818237,0.10869435220956802,0.44576898,1.007677848037354,2.1156036853790283,0.2297862321138382,0.20844795,0.978092372749569,2.0797595977783203,0.1128803938627243,0.27527714,0.993174521836838,2.429708957672119,0.22015896439552307,0.21304972,0.9789274898123242,2.3786356449127197,0.1911422163248062,0.24471217,0.9847437430239612,2.2116189002990723,0.11217357963323593,0.38509881,1.0149758337457389,2.454373598098755,0.1819741576910019,0.39894077,0.9447772700297129,2.3331823348999023,0.1450890749692917,0.40416598,0.9296147010321806,2.0229408740997314,0.20230354368686676,0.3117333,0.9646299648368316,1.854475498199463,0.26881352066993713,0.42874992,0.9038740195190117,2.4245080947875977,0.555731475353241,0.50407296,0.472347606221191,2.0691347122192383,0.23110857605934143,0.22361897,0.39738940306445386,2.225329637527466,0.15078960359096527,0.21759182,0.6488081869475806,3.1927876472473145
0,0.04023473709821701,0.25907463,0.7424913133792055,3.046959638595581,0.01680750586092472,0.14879286,0.5570665819842087,2.1719820499420166,0.00036238206666894257,0.14160888,0.31998568190842797,1.271653175354004,0.12153168022632599,0.32991248,0.9677177174751126,1.7750990390777588,0.20010539889335632,0.23990768,0.9516448801066296,1.7434757947921753,0.10502830892801285,0.37706035,0.9469777251581406,1.75311279296875,0.23786364495754242,0.2941931,0.9587947570788097,1.9120261669158936,0.1269945204257965,0.24859652,0.9529637580186523,1.8179104328155518,0.3136005103588104,0.18244696,0.964274898789727,1.4260008335113525,0.0687139704823494,0.45263955,0.9891818755309049,2.149583339691162,0.17250357568264008,0.2921964,0.9775390231314119,1.7007501125335693,0.10109301656484604,0.53371036,1.0095447682459857,2.1618611812591553,0.19011834263801575,0.23532695,0.973457456274814,2.2408673763275146,0.10206299275159836,0.35202307,0.9891435311485113,2.253931999206543,0.1302480548620224,0.24258563,0.9734871346283159,2.4827768802642822,0.15863633155822754,0.2899414,0.9816428786825558,2.2088847160339355,0.06098616123199463,0.38811788,1.0112374643270565,2.3111448287963867,0.14274254441261292,0.46061397,0.9505831784090992,1.9302395582199097,0.1285492330789566,0.42117155,0.9414520671239831,1.9463045597076416,0.15734511613845825,0.32354873,0.9594024661313422,1.8118059635162354,0.19952282309532166,0.47306854,0.9047374098625547,2.5589680671691895,0.5626007318496704,0.49171096,0.48114153198102494,2.0578229427337646,0.22592268884181976,0.187766,0.3877798987838463,2.3017213344573975,0.1310335248708725,0.18203586,0.6627557910485122,3.283907413482666
0,0.03037932701408863,0.21699506,0.7439784177817027,2.486489772796631,0.00976451113820076,0.117757566,0.5475625175185846,1.7571895122528076,0.0005324120866134763,0.09358811,0.32327250708361,1.4879518747329712,0.12765932083129883,0.31094643,0.9682314653361809,1.9315484762191772,0.20031040906906128,0.23117799,0.9514789268738909,1.7765840291976929,0.11007009446620941,0.35268423,0.9311116112921154,1.767956018447876,0.27291372418403625,0.24280974,0.9690186237518837,1.5946791172027588,0.1494121253490448,0.23655902,0.9457042332076266,1.475609540939331,0.30689823627471924,0.17255183,0.9753530281003913,1.4622454643249512,0.12722866237163544,0.3938594,1.007285707568428,1.9428365230560303,0.19584210216999054,0.2633458,0.988132119338544,1.892604112625122,0.14078359305858612,0.4245524,1.0206828618618244,1.9259639978408813,0.23445343971252441,0.21840864,0.9838022964336177,2.2531960010528564,0.11749815195798874,0.27880934,0.985513194124209,2.137849807739258,0.23288902640342712,0.21162245,0.9781938549827072,2.1937856674194336,0.22887054085731506,0.25804317,0.9872017899776117,2.0267539024353027,0.22268790006637573,0.3851536,1.0216413774646536,2.2964606285095215,0.23917870223522186,0.40814024,0.9426530106353573,2.3162362575531006,0.22650866210460663,0.4219216,0.9286781003664215,2.01399564743042,0.2428617924451828,0.29518563,0.9597099824217195,1.8591687679290771,0.28879743814468384,0.43074894,0.8795149828672871,2.4098494052886963,0.5846835374832153,0.4671858,0.48820442391735663,1.8946661949157715,0.22129641473293304,0.22325693,0.41348924577595275,2.2059988975524902,0.1283719390630722,0.22142105,0.6680198549216817,3.307089328765869
0,0.060938235372304916,0.25444657,0.7149609370995209,2.955845832824707,0.011378518305718899,0.18043888,0.5298762635117918,2.164426803588867,0.0001622934069018811,0.16024317,0.3180803411786077,1.5204355716705322,0.11763707548379898,0.36390537,0.9665193449597725,1.4542186260223389,0.19984397292137146,0.30129257,0.9504191300492361,1.96677827835083,0.11588909476995468,0.3981543,0.9490065175388948,1.6320358514785767,0.22557294368743896,0.33621874,0.9594614265947423,1.8502870798110962,0.15250201523303986,0.27559784,0.952817783118204,1.9131536483764648,0.29498347640037537,0.19931504,0.9592897311071935,1.8219242095947266,0.07665278017520905,0.46308288,0.9840120194725585,2.0273118019104004,0.1610158383846283,0.33138293,0.9758755063744002,1.8454697132110596,0.09450744092464447,0.4654502,1.0061773606186215,1.9076355695724487,0.19056862592697144,0.26626155,0.9732412202202652,2.092594861984253,0.10075198858976364,0.28970906,0.9897680260047281,2.034482479095459,0.15136907994747162,0.28611797,0.9740380079022265,2.363400459289551,0.175702303647995,0.29557794,0.9826236764136096,2.112185001373291,0.12187757343053818,0.37404975,1.0173911478752795,2.0815446376800537,0.11567157506942749,0.46530443,0.9734445885872367,1.8114335536956787,0.10926233977079391,0.45608175,0.9709207410236251,1.8025516271591187,0.12956693768501282,0.37473074,0.9948300320349642,1.7778797149658203,0.1712341010570526,0.55006313,0.9389150363847781,2.627528429031372,0.5255382657051086,0.4626822,0.5128547558408829,2.29205322265625,0.2264048010110855,0.19039515,0.43748144350714174,2.4462387561798096,0.15706698596477509,0.15901923,0.6961067978016016,3.509676694869995
0,0.029008714482188225,0.26224604,0.7321725787600186,2.9971132278442383,0.017446188256144524,0.18643112,0.5421958173419371,2.112745761871338,0.00040103253559209406,0.14508505,0.31440525501220573,1.2383745908737183,0.11742281168699265,0.35988757,0.9664703060607455,1.6451979875564575,0.19626660645008087,0.29578438,0.9512324911806277,1.8357701301574707,0.11934332549571991,0.4018221,0.9488756623619842,1.8893406391143799,0.21757210791110992,0.33230764,0.9589495381393845,1.9627227783203125,0.12147679924964905,0.2647523,0.9561463464435891,1.7784345149993896,0.303308367729187,0.209661,0.9630618632169943,1.7648653984069824,0.07587281614542007,0.44388685,0.9861252058720911,1.8143810033798218,0.151700958609581,0.3437361,0.9751470967995771,1.8363101482391357,0.07182128727436066,0.55244106,1.0037961916300797,2.194192886352539,0.17502720654010773,0.28499502,0.9696146266248526,2.0917739868164062,0.10242075473070145,0.39562705,0.9837944072498319,2.4053268432617188,0.15187716484069824,0.31322968,0.9719558908067757,2.40384578704834,0.16731421649456024,0.38057134,0.9825053415905711,1.8959609270095825,0.07752353698015213,0.3874658,1.008276997643405,1.9398744106292725,0.11293675005435944,0.47844255,0.9611863102778219,1.809363603591919,0.10649015009403229,0.45201817,0.9576450784808446,1.7381603717803955,0.15000124275684357,0.33284083,0.9791811984276494,1.8097383975982666,0.1905452311038971,0.543325,0.9281893240330849,2.596752882003784,0.538504958152771,0.50073135,0.5003575084331422,2.1887714862823486,0.24088793992996216,0.19635043,0.4125917447815369,2.3536930084228516,0.13082602620124817,0.17052904,0.6932182722797814,3.477856397628784
0,0.04537909850478172,0.21967712,0.7419313409991865,3.242518186569214,0.02195725589990616,0.18719466,0.5534171736649035,2.5146186351776123,0.000565387774258852,0.14641276,0.31303193969066195,1.569550633430481,0.10552726686000824,0.38090438,0.9638137174608127,2.028263807296753,0.18512126803398132,0.29618683,0.9464238199578909,2.0807576179504395,0.10817647725343704,0.4125602,0.9481228403843566,1.9325528144836426,0.18726351857185364,0.35855645,0.9536533172301422,1.8138740062713623,0.11848695576190948,0.27510503,0.953912209614961,1.7979236841201782,0.2793923020362854,0.21651985,0.9586090900065076,1.4468436241149902,0.05200545862317085,0.5085999,0.9786180265745671,1.9702212810516357,0.16192945837974548,0.3176501,0.9700755418010966,1.7605335712432861,0.06581682711839676,0.5554996,0.9926457863462957,2.2020320892333984,0.19937299191951752,0.27971166,0.9670438771706749,2.225503444671631,0.0806446224451065,0.41465104,0.9811997288907268,2.386655330657959,0.1379634290933609,0.28313076,0.9668386821734287,2.1834027767181396,0.12321004271507263,0.329837,0.9742022274572328,2.263484001159668,0.04193434491753578,0.40284675,1.0060854159823724,2.1113181114196777,0.08935588598251343,0.45551473,0.9581054448264378,2.1111416816711426,0.08161631971597672,0.50074774,0.9520578826913346,1.9569143056869507,0.129654660820961,0.36627117,0.9683006793784499,1.8430931568145752,0.1498526632785797,0.52145797,0.9267658064758794,2.75803542137146,0.5077926516532898,0.4863349,0.4792912570179164,2.2817511558532715,0.23066124320030212,0.17926164,0.3880474405039747,2.4248080253601074,0.1408267617225647,0.13791893,0.6843268142278282,3.4584743976593018
0,0.06091579794883728,0.24986243,0.728220588383657,3.246519088745117,0.02496185153722763,0.18605696,0.544417640157786,2.5017385482788086,0.0005141706205904484,0.15256786,0.31578117664311733,1.5405561923980713,0.0996098667383194,0.3762022,0.9630352002012611,1.8025463819503784,0.191323921084404,0.30799964,0.9452380372548532,2.054619073867798,0.10161079466342926,0.41618985,0.9486307631498285,1.9025392532348633,0.19110742211341858,0.37429443,0.9515928480928423,2.065537452697754,0.09586154669523239,0.2817067,0.953286532895253,2.124490261077881,0.24438907206058502,0.22143558,0.9558934284409295,1.6487267017364502,0.05262426659464836,0.5214309,0.9802500361136771,2.267609119415283,0.1641252040863037,0.32564396,0.9675209911704146,1.746551275253296,0.09610117226839066,0.5383941,0.9926947351982622,2.4244790077209473,0.15278270840644836,0.296129,0.9638303211711146,2.3023104667663574,0.07140199095010757,0.42205614,0.980561921838074,2.4242677688598633,0.1303958147764206,0.29316467,0.9649697432881822,2.3687901496887207,0.13958251476287842,0.3430538,0.9721784014137885,2.257544994354248,0.043373268097639084,0.3801948,0.9996837277828062,2.1376004219055176,0.07813699543476105,0.4882304,0.9599716559951801,2.023944616317749,0.0774221196770668,0.5114683,0.9527861913555246,1.9827880859375,0.11481612175703049,0.36091393,0.9709246266966989,1.9586822986602783,0.13800780475139618,0.52675605,0.9271736450941209,2.5267927646636963,0.4894244372844696,0.47332463,0.49126472867658527,2.3223814964294434,0.22185643017292023,0.16762963,0.39497306779383856,2.4317944049835205,0.1420736461877823,0.14383434,0.683345588762068,3.509718179702759
0,0.035947222262620926,0.25635317,0.7305407682924886,3.0363993644714355,0.019853699952363968,0.18355277,0.5413087918955128,2.2360098361968994,0.0008329491247422993,0.1555579,0.3161274549964853,1.3146930932998657,0.11147519201040268,0.3670827,0.9654794551126078,1.9002485275268555,0.18917107582092285,0.28914142,0.9499784759067887,1.914021372795105,0.10368713736534119,0.4028528,0.9516419806738204,1.9364452362060547,0.22299593687057495,0.33872676,0.9583392111870608,1.7944092750549316,0.131839781999588,0.2777184,0.9547778504985763,1.7056143283843994,0.30170533061027527,0.20210455,0.9605042970878773,1.5174925327301025,0.06689142435789108,0.47703993,0.9842971312206601,2.1274802684783936,0.17557674646377563,0.31148505,0.9718069266633231,1.7915616035461426,0.0787259042263031,0.54487175,1.0031774759190848,2.080923557281494,0.1690443605184555,0.2620795,0.9705677140365443,1.911490559577942,0.09177297353744507,0.36961114,0.9866339530603327,2.0718417167663574,0.1569189876317978,0.28301877,0.9707158564176913,2.383039712905884,0.17176054418087006,0.3265403,0.9779642850077023,1.9906506538391113,0.07961643487215042,0.38550165,1.0082717375378834,2.0576188564300537,0.09652183204889297,0.48364645,0.9584535918306694,1.7672550678253174,0.11662482470273972,0.48002332,0.9500166400005267,1.8334474563598633,0.14285734295845032,0.3502325,0.9700687719675579,1.7837884426116943,0.18331032991409302,0.49192476,0.9228573988101496,2.548067569732666,0.526434063911438,0.46785113,0.4830407372833378,2.219402313232422,0.2445913553237915,0.19021793,0.40519266767185397,2.3685860633850098,0.1402951180934906,0.17268895,0.6791846354952166,3.4496665000915527
0,0.031297896057367325,0.2702797,0.7264457425424703,2.9625871181488037,0.015698522329330444,0.15758556,0.5308022888451664,2.145343780517578,0.00017442036187276244,0.14567584,0.31563785384012594,1.2856090068817139,0.11709610372781754,0.3638473,0.9673267264302692,1.7534488439559937,0.20399893820285797,0.29852664,0.9516017939064763,2.0526480674743652,0.11021741479635239,0.40574944,0.9502196966670359,1.5878432989120483,0.21194440126419067,0.3441193,0.9614577289367412,1.9440182447433472,0.13161909580230713,0.2747431,0.9561484063038677,1.8881161212921143,0.29268550872802734,0.19937882,0.9620256262648963,1.6671605110168457,0.06209412217140198,0.45684662,0.9853326945203503,1.9923447370529175,0.15837927162647247,0.3246812,0.976082106070246,1.6983407735824585,0.0850444883108139,0.53667873,1.0044285591652944,2.1499500274658203,0.22776253521442413,0.27069116,0.9719366942001899,2.450035333633423,0.10982363671064377,0.36982688,0.9846872921912985,2.2932748794555664,0.14375042915344238,0.28870964,0.9722829262228851,2.346007823944092,0.162748321890831,0.31483334,0.9802010938487796,2.034369945526123,0.07799781113862991,0.3886962,1.008933162279145,2.1580944061279297,0.1274804025888443,0.49001226,0.9607226329947522,2.122791290283203,0.1112896129488945,0.47878698,0.9556569606662011,1.8543287515640259,0.14320631325244904,0.3361726,0.9840083373208439,1.9440935850143433,0.19197408854961395,0.5184669,0.9300467524442566,2.4475531578063965,0.5339479446411133,0.4633316,0.501336640692948,2.203063726425171,0.2521635591983795,0.19578728,0.42262262851246213,2.4040372371673584,0.15762683749198914,0.17720908,0.6955210194842637,3.5014700889587402
0,0.05428528040647507,0.28105858,0.7377376519617127,2.875295639038086,0.011609814129769802,0.14427783,0.5395201010845427,2.0086731910705566,0.00033319697831757367,0.13257839,0.31225029863654313,1.09730863571167,0.11243650317192078,0.3719096,0.9683524022660056,1.842842698097229,0.19173218309879303,0.29415578,0.9526810599878152,1.9561703205108643,0.1079837828874588,0.40655884,0.9450419921128144,1.6040496826171875,0.2386343628168106,0.3065372,0.9651431485849287,1.7711344957351685,0.12660552561283112,0.2637284,0.9559937559255979,1.5942459106445312,0.2919342815876007,0.20195803,0.9719265880835737,1.4137290716171265,0.07679150998592377,0.46469018,0.9951188684571729,2.05973219871521,0.18524937331676483,0.3097125,0.9836255605328881,1.629104495048523,0.09839587658643723,0.5272529,1.0173561606034125,1.9958235025405884,0.18125590682029724,0.27157497,0.9825908319013796,2.2532248497009277,0.09758374840021133,0.36879617,0.9901228369573712,2.3405449390411377,0.18058930337429047,0.24946633,0.9784331646226997,2.1110501289367676,0.18439868092536926,0.30532604,0.9886064286185324,2.0790414810180664,0.10818041861057281,0.39178315,1.0174991465293381,2.233607530593872,0.1436465084552765,0.4623322,0.9496206543951267,1.906989336013794,0.1337263286113739,0.41621923,0.9446752395271314,1.9675726890563965,0.1893697828054428,0.3601576,0.9713882790248954,1.732239007949829,0.22699518501758575,0.49175608,0.90960580956806,2.5767734050750732,0.6079035401344299,0.4336432,0.47089031667622616,1.8839259147644043,0.2479247897863388,0.20231533,0.38721302337754915,2.1983351707458496,0.14500346779823303,0.18701586,0.6769110795425082,3.4018332958221436
0,0.056807734072208405,0.2321462,0.718073029300254,3.2822940349578857,0.0190699715167284,0.18919589,0.5276048235714839,2.5425007343292236,0.0006367239984683692,0.15808447,0.3137620332539255,1.693019151687622,0.10256855934858322,0.40755135,0.9593944515140171,2.096031665802002,0.1709693968296051,0.32456115,0.9404714565722294,2.2141475677490234,0.10742778331041336,0.43577453,0.9490589491629179,1.9236313104629517,0.1605045348405838,0.36881992,0.9487367104184273,2.029148578643799,0.09990133345127106,0.28232142,0.9523325719245039,2.139392852783203,0.2785012125968933,0.22330809,0.9494580563515739,1.804245114326477,0.056547731161117554,0.5019186,0.9758598945578939,2.1990206241607666,0.13934998214244843,0.33989394,0.9626365788374602,1.716934323310852,0.08222412317991257,0.5874757,0.990090072189223,2.3177857398986816,0.14729967713356018,0.32818723,0.9594258213101977,2.011934280395508,0.05424824357032776,0.4176595,0.9758864191177855,2.221140146255493,0.11989336460828781,0.3083451,0.9600487734508314,2.50614333152771,0.11832784116268158,0.37822032,0.9696785115330963,1.8614583015441895,0.04655095934867859,0.39821446,0.997275036636855,1.9576337337493896,0.07100245356559753,0.47619206,0.9608389338500066,2.1560025215148926,0.06898380815982819,0.5161679,0.9577013155111934,1.9169789552688599,0.10144703835248947,0.37649417,0.9710919036365022,2.112586498260498,0.10866217315196991,0.53555596,0.9362039029416871,2.3383877277374268,0.4850856065750122,0.4755536,0.5004692497778935,2.4521446228027344,0.23206593096256256,0.16184194,0.40271810398587254,2.5186970233917236,0.13530047237873077,0.13492356,0.693071123342232,3.5819296836853027
0,0.030574850738048553,0.25845817,0.7415678788277443,2.717921257019043,0.007724027149379253,0.13758583,0.5621280518460033,1.9934381246566772,0.00047466246178373694,0.11042419,0.3213553125249461,0.9939611554145813,0.1079196184873581,0.32683697,0.9671535727812888,1.9056063890457153,0.1961834877729416,0.25168207,0.9521124267970912,1.8993287086486816,0.11134036630392075,0.36445415,0.9394303365488385,1.8104383945465088,0.2553732395172119,0.27101237,0.9634711061904601,1.8004767894744873,0.11718926578760147,0.25086263,0.9502035962314822,1.5375064611434937,0.3019821345806122,0.17741251,0.970875784699218,1.5277984142303467,0.08310522884130478,0.43660936,0.9958318109561941,2.046753168106079,0.19584083557128906,0.29261917,0.9824382799731983,1.6677570343017578,0.104200579226017,0.501037,1.0047991016109046,2.073296546936035,0.21552379429340363,0.23010516,0.9744408397300691,2.2221837043762207,0.10932984203100204,0.32139802,0.9847475820165832,2.5465848445892334,0.2022273987531662,0.26315597,0.9752523242153666,2.0026886463165283,0.19752033054828644,0.304473,0.9798675974997029,2.124157667160034,0.14362287521362305,0.39373565,0.9913075519376428,2.1640682220458984,0.1726476550102234,0.41474417,0.927719532202347,2.0739898681640625,0.15571393072605133,0.44448695,0.9079828129321025,2.041449546813965,0.19180592894554138,0.27275217,0.9495879905326078,1.8623096942901611,0.26669415831565857,0.4943425,0.8923385779072619,2.420400619506836,0.5700696110725403,0.50552875,0.49643880576936184,1.9896457195281982,0.23117348551750183,0.19845255,0.4014328569977981,2.2572336196899414,0.14062514901161194,0.19502269,0.6477746900734096,3.239527702331543
0,0.04437009245157242,0.25906077,0.7281986082095498,3.0677616596221924,0.018697211518883705,0.1574972,0.5357863621185023,2.2757198810577393,0.00061324198031798,0.14317968,0.3132421816337692,1.2625614404678345,0.12310632318258286,0.35269764,0.9658995292869389,1.469894289970398,0.18560606241226196,0.27920595,0.949806249151633,1.9993228912353516,0.10339869558811188,0.39714265,0.9478507484798633,1.6848821640014648,0.20880837738513947,0.34013882,0.9567151099193422,1.9928009510040283,0.11456352472305298,0.26567146,0.9522288079212509,1.928985834121704,0.2985840141773224,0.19211629,0.9597729258872946,1.6888532638549805,0.07401786744594574,0.4630542,0.9843371727733938,1.7816224098205566,0.16972708702087402,0.3156428,0.9728988938973342,1.5853874683380127,0.07516862452030182,0.53367406,0.9984135235104342,1.9456146955490112,0.16838181018829346,0.2670915,0.9714181162845736,2.1618857383728027,0.08642534166574478,0.36420268,0.9844695013798128,2.05427885055542,0.167505145072937,0.28008077,0.9686960977736899,2.1575117111206055,0.15435490012168884,0.3031186,0.9751234180814763,2.1935436725616455,0.09050177037715912,0.4136143,1.00568009910598,2.4555764198303223,0.1544659286737442,0.4833251,0.9563278326189373,2.1512131690979004,0.10683629661798477,0.48637334,0.9481084013426853,1.7987881898880005,0.13148373365402222,0.34900752,0.9680460431603928,1.9092459678649902,0.18433251976966858,0.5015884,0.921780180041042,2.539503574371338,0.5471077561378479,0.4823743,0.48397345450481616,2.1234259605407715,0.2486407458782196,0.19742405,0.3960175715565504,2.3710227012634277,0.12769828736782074,0.16629179,0.6757118962025024,3.4198451042175293
0,0.024958554655313492,0.23332241,0.7414612842235195,2.379150867462158,0.009994816035032272,0.122338675,0.5543827524111533,1.6363734006881714,0.0002288652176503092,0.1003545,0.32535923634651437,1.4150283336639404,0.12250180542469025,0.30810052,0.96770125352587,1.5699925422668457,0.20967230200767517,0.23279232,0.9517553720051442,1.851205587387085,0.13243862986564636,0.3447215,0.9319029374241506,1.462734580039978,0.2820666432380676,0.23561426,0.9678597672742858,1.5994532108306885,0.13793976604938507,0.24088283,0.9439452285622846,1.6398212909698486,0.31294259428977966,0.17138444,0.9756200852173462,1.4808869361877441,0.11600218713283539,0.38170815,1.0102613048829265,1.9323174953460693,0.22062307596206665,0.2495822,0.9925928562647702,1.5911080837249756,0.13486380875110626,0.40308398,1.0286554448845595,2.3364007472991943,0.2594354450702667,0.20610203,0.9884634114919033,2.049121141433716,0.1263507604598999,0.23840496,0.9932250718748431,2.541414737701416,0.25454312562942505,0.20306075,0.9856623053114592,1.966454029083252,0.22260521352291107,0.22801065,0.9903744564071929,2.0562996864318848,0.21897225081920624,0.38370505,1.0115191563511947,2.3631577491760254,0.2532861828804016,0.39186707,0.9165120966545149,2.2950243949890137,0.24711425602436066,0.42405745,0.8976746960333463,2.105682134628296,0.2544734477996826,0.2707065,0.9400009666128876,1.8650330305099487,0.34905940294265747,0.42846972,0.85938879266396,2.3272058963775635,0.6016609072685242,0.46515843,0.4670372383795775,1.8381845951080322,0.2270582616329193,0.235965,0.37831219196577176,2.04971981048584,0.14648786187171936,0.2296032,0.6403710106300757,3.1882288455963135
1,0.054277949035167694,0.28006685,0.7252347557686264,3.566164970397949,0.031209738925099373,0.21571414,0.5526220503969387,2.923779010772705,0.0008720536716282368,0.14619213,0.30741578216505067,1.7392644882202148,0.09363836795091629,0.44228566,0.9506863786871785,2.1236724853515625,0.14935575425624847,0.36775446,0.9312297399988484,2.42574405670166,0.10068310797214508,0.47965962,0.9409165056576084,2.074921131134033,0.13865190744400024,0.38254246,0.9355969736550169,2.3775060176849365,0.08528365194797516,0.36278102,0.944881153227453,2.2331299781799316,0.22184398770332336,0.24984352,0.9376475886106774,1.9675198793411255,0.04646063596010208,0.54468477,0.9629931629065986,2.305039167404175,0.10020628571510315,0.39669332,0.9547229817842624,2.069734573364258,0.042584799230098724,0.5736253,0.9724956764692939,2.5401151180267334,0.112958163022995,0.33278453,0.9473285586990859,2.0950682163238525,0.08143436908721924,0.4578019,0.9633140694269936,2.1950418949127197,0.11098997294902802,0.33744708,0.9505872436205645,2.42107892036438,0.11380916833877563,0.3775462,0.9521828731883708,2.5053281784057617,0.04216347262263298,0.40918675,0.9774436689967634,2.1623597145080566,0.058384209871292114,0.5227931,0.950821280278499,2.0438127517700195,0.05701564624905586,0.54779536,0.9475862916768465,1.850641131401062,0.09428714960813522,0.36368772,0.9544838512306976,2.424938201904297,0.06391151994466782,0.52692825,0.9340919714064636,2.817970037460327,0.423847496509552,0.5321757,0.5177994589826221,2.658154249191284,0.20498239994049072,0.12872867,0.394598019012525,2.7206737995147705,0.15679749846458435,0.10530057,0.6773678334682754,3.5677084922790527
0,0.05683984234929085,0.25017422,0.7381226069367844,3.0834808349609375,0.019000263884663582,0.15443318,0.5479348737827747,2.2109665870666504,0.00031268433667719364,0.14888789,0.319118375861378,1.4370684623718262,0.11932928115129471,0.33886933,0.9665918044462984,1.748674750328064,0.18852153420448303,0.26519805,0.9495940119517805,1.9677751064300537,0.10122932493686676,0.3932871,0.9472650333659641,1.895468831062317,0.22055810689926147,0.31663105,0.957930796043069,1.8714832067489624,0.11229006201028824,0.25915113,0.953442695404104,1.7352315187454224,0.27846211194992065,0.19327113,0.9619852565353155,1.5676862001419067,0.0635572150349617,0.45154276,0.9843276420544889,2.079345941543579,0.15729713439941406,0.31006086,0.9753489690870982,1.5452349185943604,0.07697977125644684,0.54526263,1.0043686058732864,2.0597925186157227,0.1639987975358963,0.277863,0.9727725471153484,2.0135884284973145,0.09414473921060562,0.37470222,0.986166847845145,2.324923515319824,0.14993932843208313,0.2701784,0.9720510935891357,2.5329761505126953,0.1620253473520279,0.3058853,0.9796197304221009,2.1709630489349365,0.054142992943525314,0.3812741,1.0062600911821242,2.6690690517425537,0.10614297538995743,0.47420424,0.9537771559426622,1.9026330709457397,0.11255689710378647,0.47860718,0.9455994218323384,1.9690256118774414,0.1425689160823822,0.33985493,0.9647261925151399,1.9604978561401367,0.1991388499736786,0.5093835,0.9158490235442485,2.517284870147705,0.5579677820205688,0.49594802,0.4816012946799579,2.1649694442749023,0.228427454829216,0.18719159,0.39170254706956037,2.405337333679199,0.131008118391037,0.16079554,0.6747858821273504,3.420441150665283
0,0.04722364991903305,0.26385704,0.7349072323935883,3.0372936725616455,0.01902746595442295,0.15777838,0.5458610461427892,2.191819190979004,0.0005211351672187448,0.14565417,0.31730492545122707,1.4221655130386353,0.12518896162509918,0.34843102,0.9672479567865292,1.5000905990600586,0.20563742518424988,0.26482373,0.9497973333690695,1.9850561618804932,0.1083078384399414,0.39311895,0.9468158018219904,1.8953615427017212,0.23056864738464355,0.32126194,0.9578145725006257,1.8408575057983398,0.11634083092212677,0.26802826,0.9540937666197936,1.9640498161315918,0.29894837737083435,0.19166835,0.9619631493030115,1.3758840560913086,0.06748366355895996,0.46832925,0.985751934265645,2.200756788253784,0.18121783435344696,0.28920078,0.9737417469946953,1.841388463973999,0.0990709438920021,0.5404198,1.0034034178543267,2.315347671508789,0.19038636982440948,0.2552467,0.9732751585472373,2.237614870071411,0.09594764560461044,0.39057222,0.989386651727446,2.276979923248291,0.16217179596424103,0.28048745,0.9715760158674853,2.1984314918518066,0.18012990057468414,0.3188324,0.9809611357664078,2.028747320175171,0.0632668063044548,0.40198004,1.0133599696789786,2.3098132610321045,0.10790321975946426,0.48096335,0.9618796486972857,2.0128097534179688,0.10472363978624344,0.47234026,0.9519532685474013,1.8456748723983765,0.14483219385147095,0.32931066,0.9799247512044161,1.918486475944519,0.20324784517288208,0.5046061,0.9217513068025242,2.4304308891296387,0.5321370363235474,0.47250068,0.49394483113820375,2.204989433288574,0.22512221336364746,0.16867429,0.40865642158483984,2.33439564704895,0.13725602626800537,0.16226122,0.6807954725925749,3.461649179458618
0,0.0426180474460125,0.24466339,0.7424700956411318,3.246253728866577,0.021105367690324783,0.16789106,0.5586927980313757,2.4482123851776123,0.000460282462881878,0.15159151,0.317407167326921,1.4737223386764526,0.10885908454656601,0.37030137,0.9652781486772081,1.5434046983718872,0.21028433740139008,0.28514236,0.9476297122504467,1.8730719089508057,0.09514275938272476,0.409018,0.9493963132796617,1.7096168994903564,0.19847260415554047,0.3199901,0.9533293830528572,2.070070743560791,0.16294221580028534,0.27579826,0.9543159489881717,2.0273070335388184,0.27475884556770325,0.1943175,0.9586458702415489,1.5166668891906738,0.052170827984809875,0.50533825,0.9810807357871111,2.122122049331665,0.17424222826957703,0.30352613,0.9691681505022501,1.5622280836105347,0.06053924188017845,0.59795403,0.9929923379640027,2.5115342140197754,0.16574972867965698,0.27743313,0.9666948607573822,2.0297446250915527,0.08163431286811829,0.4311803,0.9824103229894959,2.236337423324585,0.153534933924675,0.29531875,0.9664925363998226,2.2001736164093018,0.15009456872940063,0.36590448,0.9747912596620043,2.2350668907165527,0.04209718853235245,0.40554,1.00576959989364,2.3949458599090576,0.09138023853302002,0.4721512,0.9563660453270054,1.906322717666626,0.08924319595098495,0.49143085,0.9474950548652069,1.842798113822937,0.13065025210380554,0.35544902,0.965688266622062,1.8188155889511108,0.17073625326156616,0.5295488,0.9205882215845467,2.2548487186431885,0.5134178996086121,0.50919175,0.48646902223287564,2.2274937629699707,0.2536616623401642,0.15817668,0.3991491792710339,2.379093885421753,0.14466948807239532,0.14492244,0.6840499254817661,3.41374135017395
1,0.02807418815791607,0.21312258,0.7378948887964571,3.087256908416748,0.016811177134513855,0.1852951,0.5587017820277594,2.292936086654663,0.0010042006615549326,0.14511473,0.31133471856336026,1.4143564701080322,0.12464607506990433,0.4148625,0.963860220771458,1.463782787322998,0.1974802166223526,0.32371417,0.9491172030482271,1.6138865947723389,0.1014426127076149,0.46905625,0.9469616910770172,1.9057518243789673,0.2140430212020874,0.32204473,0.9496873518295762,1.772287130355835,0.09607341885566711,0.32296178,0.946958271728368,1.7914245128631592,0.26641520857810974,0.2149836,0.9582367539492166,1.5030804872512817,0.0679030641913414,0.4840546,0.98023140241769,1.606590747833252,0.15803152322769165,0.35629803,0.9705412588444872,1.5746945142745972,0.07644761353731155,0.5541591,0.9860708283262655,1.9654330015182495,0.17517641186714172,0.3221195,0.9716156392439713,1.9634419679641724,0.09473761916160583,0.37537897,0.9832609606513736,1.9911673069000244,0.1824306696653366,0.29534844,0.9692352616248274,2.054826498031616,0.1686716377735138,0.2797129,0.9678204871844717,2.1078438758850098,0.05513237416744232,0.3929346,0.9940174682245668,1.9604861736297607,0.2010287046432495,0.45699388,0.9391611939988104,1.9336490631103516,0.13663221895694733,0.4507146,0.9259884635195476,1.7906476259231567,0.20731452107429504,0.30538177,0.9227124313074277,1.5432095527648926,0.21169467270374298,0.46243376,0.8765666303234739,2.270700454711914,0.617081344127655,0.49852237,0.4232983727001756,1.840244174003601,0.23009243607521057,0.16925383,0.2949949428656073,2.019219160079956,0.18763403594493866,0.1395091,0.520571623970508,2.89921236038208
1,0.05291164293885231,0.2782431,0.7405318193294507,3.473285675048828,0.03563521057367325,0.2058803,0.5655632081876409,2.76353120803833,0.00046304328134283423,0.1451774,0.31052122934087223,1.674858808517456,0.10015490651130676,0.41939074,0.9594289765690841,1.8768556118011475,0.15498487651348114,0.3301263,0.9405664207931751,2.054964780807495,0.09442487359046936,0.4149108,0.9482624592146962,2.063666582107544,0.18530699610710144,0.32290483,0.9445447600691798,1.9755027294158936,0.07943293452262878,0.3630758,0.9513484400239292,2.0556535720825195,0.23550580441951752,0.2167824,0.9498560785395364,1.669614553451538,0.06373663246631622,0.51204133,0.9700577223827063,2.0347838401794434,0.12816576659679413,0.3117153,0.9595140504667936,1.9197962284088135,0.04956359043717384,0.5925808,0.980834364563021,2.1761488914489746,0.1233062669634819,0.24802463,0.9557284172090198,2.0751140117645264,0.0862157866358757,0.36131465,0.9721781940470142,2.2049975395202637,0.12822237610816956,0.2496619,0.9619860249250384,2.3361599445343018,0.12599481642246246,0.34792525,0.9639340697335145,2.2057855129241943,0.029056338593363762,0.39838192,0.994800385244255,2.0177454948425293,0.060305822640657425,0.5177426,0.9555676527006937,1.9289158582687378,0.07776662707328796,0.49428427,0.9442021768473048,1.7956032752990723,0.13198372721672058,0.37442136,0.9537165258093344,1.9968676567077637,0.09253022819757462,0.50810903,0.927693260837994,2.415806770324707,0.42319968342781067,0.50454134,0.5254602260067651,2.623138904571533,0.1858021318912506,0.14774393,0.42455541854767376,2.646667957305908,0.13004566729068756,0.11900751,0.6841521487418293,3.5703251361846924
1,0.055521685630083084,0.22972272,0.7487040569148357,3.391982078552246,0.027290737256407738,0.16583242,0.5734591821597739,2.548452138900757,0.0006009117350913584,0.14020824,0.31356452187774875,1.6535929441452026,0.12191829085350037,0.37166747,0.9626380555455899,1.9108953475952148,0.18056710064411163,0.2900098,0.9459390887995602,1.8422868251800537,0.08179617673158646,0.4143841,0.949264038418097,2.0725419521331787,0.2080560326576233,0.28799945,0.948038613190359,1.8711496591567993,0.09572039544582367,0.31475785,0.9512127745639769,1.9350624084472656,0.2664414942264557,0.2078378,0.9559193683729215,1.4780418872833252,0.054345957934856415,0.42593944,0.9793218162112893,1.6449792385101318,0.1604999154806137,0.2998977,0.9696950906467032,1.7713137865066528,0.0565459169447422,0.5182735,0.9870935246578527,2.4111886024475098,0.13957560062408447,0.25013494,0.9642612037985148,2.2284891605377197,0.07394278049468994,0.35487208,0.9781792992563307,2.2597756385803223,0.10317333787679672,0.21785699,0.9676835356536396,2.436983585357666,0.15165603160858154,0.26987886,0.970213448887111,2.2683746814727783,0.03324936702847481,0.4097163,0.996808537807582,1.926596999168396,0.08675862103700638,0.4935754,0.9490859863093083,1.8470001220703125,0.08932200074195862,0.40247348,0.9401482134529165,1.7286386489868164,0.13000935316085815,0.30254382,0.9536093795316257,1.8711196184158325,0.11234667152166367,0.4351235,0.9166951238625171,2.633986234664917,0.5016628503799438,0.5086495,0.506941285717967,2.348879814147949,0.21108147501945496,0.15583436,0.39783308456960753,2.512164831161499,0.1489921659231186,0.12829608,0.6598950181682736,3.4372639656066895
0,0.03963366895914078,0.2567356,0.7351673580036246,2.762683153152466,0.009674783796072006,0.14415325,0.5573979868365874,2.000244379043579,0.00022939268092159182,0.11136983,0.31627689327572883,1.0327486991882324,0.11522459238767624,0.33343342,0.9659808298880279,1.8419349193572998,0.17795848846435547,0.25105363,0.9513133834120664,2.0063748359680176,0.10824964195489883,0.36372858,0.9413731447314024,1.5529502630233765,0.2581062316894531,0.26270407,0.9630480953677919,1.6090123653411865,0.10812123864889145,0.25570238,0.95098711819959,1.637617826461792,0.2898564636707306,0.18054856,0.9694862306298704,1.5013940334320068,0.0845872163772583,0.4184732,0.9922832650713836,1.7996281385421753,0.1769389659166336,0.29255968,0.9797436808567552,1.9913467168807983,0.11477193981409073,0.47984925,1.0016589122039734,2.065946578979492,0.22658637166023254,0.23344173,0.973143325771868,2.2676069736480713,0.10435441881418228,0.32659125,0.9835579748024353,2.255689859390259,0.20367120206356049,0.25128284,0.9726784524202092,2.072664499282837,0.21129591763019562,0.31054395,0.9807978873845813,1.856260895729065,0.12968504428863525,0.389728,0.9878898255943687,2.449533700942993,0.23515892028808594,0.41791734,0.9251129727215152,2.2910399436950684,0.14389754831790924,0.45422736,0.9050788386650982,2.196206569671631,0.1780683547258377,0.307713,0.9473463014015538,1.8951600790023804,0.25522977113723755,0.5014847,0.8947035524978424,2.371805429458618,0.5499829053878784,0.50176823,0.49307519316110754,2.0454115867614746,0.22022226452827454,0.20351598,0.40254146500625376,2.2224111557006836,0.13852785527706146,0.21229507,0.6536497042033717,3.2573671340942383
0,0.05967726558446884,0.23250338,0.7402511975055621,3.2104897499084473,0.023437218740582466,0.15347062,0.5554620786926391,2.3772220611572266,0.0007622388657182455,0.15527964,0.3187959349956983,1.6164573431015015,0.11365431547164917,0.35621157,0.9652297119309997,1.6606757640838623,0.19004949927330017,0.2691141,0.9476007175061812,1.9678069353103638,0.11367997527122498,0.40406087,0.9492073362911527,1.8922547101974487,0.19785737991333008,0.31905738,0.9540655007745504,2.0860917568206787,0.12102340906858444,0.2803061,0.9536548007299219,1.605629324913025,0.2664579749107361,0.19854687,0.9597076752523956,1.373461127281189,0.058139968663454056,0.50300074,0.9836913576272768,1.8258380889892578,0.16747255623340607,0.31080142,0.9706383340690529,1.6725901365280151,0.06032731384038925,0.5843333,0.994298711102089,2.3410701751708984,0.15932394564151764,0.25831723,0.9674892102948033,1.8828701972961426,0.06785467267036438,0.40661243,0.9806931788648072,2.1912922859191895,0.13463467359542847,0.25593498,0.9679135731220364,2.251278877258301,0.14290061593055725,0.31693447,0.9732472245800841,2.294884443283081,0.03443565592169762,0.41185385,0.9985892411079988,1.7785701751708984,0.08796579390764236,0.46848732,0.9458131160500353,1.9106950759887695,0.10452690720558167,0.46161622,0.9384521852026126,1.8243887424468994,0.13794487714767456,0.34907597,0.9582884801875591,1.903734803199768,0.1555924266576767,0.48982337,0.9203947743346853,2.5742452144622803,0.5200536847114563,0.50516987,0.4812284816299898,2.2235000133514404,0.2472086101770401,0.17062132,0.39537767217805564,2.395108461380005,0.1345997452735901,0.14710885,0.6670035685129249,3.417006254196167
0,0.034298378974199295,0.2750525,0.7297990908878155,2.947821617126465,0.019860681146383286,0.16685961,0.542777059356472,2.2587218284606934,0.000357357639586553,0.14583154,0.3210401705036573,1.0145295858383179,0.10261077433824539,0.37343502,0.9662384626379468,1.5365252494812012,0.1748415231704712,0.29497707,0.9524662582668517,2.033161163330078,0.10654091089963913,0.39885774,0.94738411655435,1.3528897762298584,0.21677440404891968,0.34768555,0.960523134684172,1.9829695224761963,0.11696624755859375,0.28393432,0.9559871035172005,1.824044942855835,0.30487340688705444,0.20383492,0.9654187828166693,1.6015965938568115,0.0667089968919754,0.47418422,0.990284643956118,2.1067593097686768,0.17099909484386444,0.34597164,0.9766678622948263,1.8245090246200562,0.07746005058288574,0.5169639,1.0042149037205466,2.1842446327209473,0.2167692929506302,0.27496406,0.9711950967514452,2.378263473510742,0.09530086070299149,0.42046282,0.9856769793048392,2.137598752975464,0.16833175718784332,0.30540812,0.9726578060664804,2.289113998413086,0.17372046411037445,0.35935247,0.9820485957533859,2.02055025100708,0.10995558649301529,0.40119338,0.9988040643448579,2.1373603343963623,0.13910037279129028,0.46378663,0.946001147703149,2.0853333473205566,0.11087659746408463,0.5041784,0.9365528099137238,1.8858839273452759,0.14999604225158691,0.3330504,0.9640082848872783,1.9553194046020508,0.1915087252855301,0.5112609,0.9165906060670392,2.6174075603485107,0.5619990825653076,0.4993549,0.4961026598396344,2.1168224811553955,0.23621776700019836,0.19094238,0.39468305754098765,2.288395643234253,0.14062044024467468,0.18538558,0.666806162928332,3.3345577716827393
0,0.046443402767181396,0.24413024,0.7292861194878922,3.113032579421997,0.021915804594755173,0.18214287,0.5382849085827219,2.266458034515381,0.0008680304745212197,0.15239239,0.31728449684879145,1.500061273574829,0.11912727355957031,0.35423705,0.9662198527228694,1.6677556037902832,0.22942037880420685,0.28029618,0.9495439242190166,1.9366908073425293,0.11476189643144608,0.4082609,0.9500296398974475,1.851863145828247,0.20487403869628906,0.32069921,0.9554848825587599,1.961163878440857,0.13854223489761353,0.2771086,0.9550239878233158,1.9579808712005615,0.2861701548099518,0.19072485,0.9579962470798304,1.843533992767334,0.06413956731557846,0.48319662,0.9853152986847752,1.889310359954834,0.17429864406585693,0.31302044,0.9730909183618884,1.6866816282272339,0.09942974895238876,0.567933,1.0030311189193166,2.236290454864502,0.1870427280664444,0.2467299,0.9668498262203922,2.295137643814087,0.10662540793418884,0.34655756,0.9824464742521384,2.4153316020965576,0.14502352476119995,0.24367355,0.968157458158342,2.428476333618164,0.1544966846704483,0.28779903,0.9772992341522537,2.1552727222442627,0.06445421278476715,0.407022,1.010921539022151,2.146362543106079,0.09662044048309326,0.4637051,0.9628435739256106,2.031346321105957,0.0963510274887085,0.4696861,0.956760989034942,2.129833936691284,0.12397724390029907,0.32687742,0.970497883621058,1.903842806816101,0.1812693178653717,0.50352615,0.9237821767499148,2.5216472148895264,0.5507648587226868,0.49777442,0.4799304681476773,2.1444287300109863,0.2180560678243637,0.195387,0.3931976022033807,2.376878261566162,0.13903577625751495,0.17116502,0.6648488170665969,3.395087718963623
0,0.05150184780359268,0.2331101,0.7415304559237551,3.21287202835083,0.016199033707380295,0.18145837,0.5516296217358386,2.3783388137817383,0.0006833033403381705,0.14860724,0.3181282901899384,1.6319524049758911,0.11696638911962509,0.37713918,0.9646052441635058,1.6546297073364258,0.1961098462343216,0.29384634,0.9463259030339501,1.6627708673477173,0.1041598990559578,0.40152085,0.9483972603655284,1.8062182664871216,0.19409725069999695,0.31068575,0.9531972324025009,1.8952479362487793,0.11716670542955399,0.29402518,0.9543504652652459,2.207613706588745,0.2862588167190552,0.20201299,0.9581894035982544,1.4623489379882812,0.05560540780425072,0.5197543,0.9800071300387246,2.0069589614868164,0.1701379269361496,0.30623382,0.9694709169844585,1.7380168437957764,0.05516437068581581,0.58676887,0.9968076063718836,1.8901084661483765,0.1678554117679596,0.27645522,0.9674233310102262,2.245576858520508,0.07026918977499008,0.4157224,0.9865581433234177,2.378520965576172,0.13347312808036804,0.26393235,0.9712803393681899,2.31831431388855,0.1471032351255417,0.3419525,0.9785511217930369,2.037006139755249,0.035587918013334274,0.4053589,1.0043962946731964,2.241368532180786,0.07817389816045761,0.48359805,0.9579525125718857,1.9910638332366943,0.08165796846151352,0.50506884,0.9483429773723567,1.7697184085845947,0.13677731156349182,0.38360977,0.9668265964629545,1.8880447149276733,0.12978000938892365,0.49894214,0.9239991687496198,2.396876811981201,0.5073049664497375,0.49901322,0.5017973399821071,2.3264222145080566,0.21258583664894104,0.1827503,0.40463618363691967,2.4616081714630127,0.12388603389263153,0.15000215,0.6930199029747914,3.4976162910461426
0,0.05058981478214264,0.2367474,0.7366502332919692,3.153291702270508,0.015712937340140343,0.16086493,0.550259550573106,2.3279266357421875,0.0005603511817753315,0.14391908,0.32240785614079837,1.379862666130066,0.10511064529418945,0.3505598,0.9651856865867903,1.7645947933197021,0.21722902357578278,0.26630098,0.947491280886222,1.8040775060653687,0.11580098420381546,0.40344024,0.9483059938058621,1.7807127237319946,0.2176365852355957,0.33620018,0.9546254364568919,1.910962700843811,0.1096753478050232,0.25511435,0.9533105896125127,1.7942538261413574,0.26890242099761963,0.1995055,0.9595604745780396,1.5615293979644775,0.06240004301071167,0.47802562,0.9807275572031382,2.1101322174072266,0.16473565995693207,0.32723725,0.9715249924501375,1.409004807472229,0.06525178253650665,0.5802177,0.9962694457573987,2.0742385387420654,0.17369434237480164,0.2809316,0.9683436028809271,2.183145046234131,0.08995478600263596,0.40207615,0.9835411886444766,2.4088127613067627,0.1397515833377838,0.29222554,0.9686382953019873,2.3814690113067627,0.1594371348619461,0.327147,0.9762366854520902,2.0990097522735596,0.04957030341029167,0.38738674,1.0086495311749768,1.8712996244430542,0.09322864562273026,0.46429303,0.9606109215605473,1.7714831829071045,0.10045362263917923,0.4844504,0.9509648256104893,1.8191471099853516,0.1341213434934616,0.345916,0.9733880291251908,1.95401930809021,0.17586679756641388,0.5338317,0.9244664551836095,2.369489908218384,0.5234206914901733,0.49540046,0.49470526509720364,2.279574394226074,0.21252182126045227,0.16849983,0.3977433386943369,2.396592140197754,0.13833169639110565,0.13887495,0.6800416768175965,3.405207633972168
0,0.03351980075240135,0.2708034,0.7351236361128934,3.047037124633789,0.019438786432147026,0.1510168,0.5504355419247331,2.21964430809021,0.000546769006177783,0.1505268,0.32048633532639037,1.396129846572876,0.11252082139253616,0.35620105,0.9665417255427993,1.5397484302520752,0.2122759222984314,0.25556716,0.950192991789056,1.7698416709899902,0.10880748927593231,0.38699138,0.9500177496463024,1.7965365648269653,0.23336444795131683,0.30633974,0.9584349147030128,1.7926132678985596,0.11020789295434952,0.278265,0.956730034222929,1.6289645433425903,0.28769761323928833,0.19571923,0.9631579717540381,1.4661107063293457,0.06452752649784088,0.4700617,0.9849360092388223,2.027484178543091,0.14791780710220337,0.30886015,0.9743931888232987,1.607882022857666,0.06126484274864197,0.5445268,0.9992381151111542,2.3961145877838135,0.18654058873653412,0.25523075,0.9711341341507633,2.1976304054260254,0.08111315965652466,0.39559186,0.9812943324367995,2.287748098373413,0.16938236355781555,0.26503468,0.9705375056953903,2.1487178802490234,0.15141180157661438,0.29365233,0.9766415648218751,2.276580333709717,0.05338399112224579,0.41115192,1.006406460081285,2.1124963760375977,0.10351730138063431,0.47651502,0.9542404694580144,1.985207200050354,0.10635782778263092,0.49303666,0.9486618142069241,1.9002752304077148,0.13725465536117554,0.36036286,0.9698679643715703,1.8931020498275757,0.17496684193611145,0.50007176,0.9142903839354741,2.2997031211853027,0.5386376976966858,0.48087958,0.4908523530545071,2.202861785888672,0.2324085682630539,0.17104293,0.39015985705334794,2.300070285797119,0.1351289451122284,0.165139,0.6749293951961334,3.4321486949920654
1,0.053149543702602386,0.2328781,0.7527565479206861,3.2451202869415283,0.03396045044064522,0.17604847,0.5843930492207652,2.4839251041412354,0.0004227786266710609,0.13989426,0.311621668086552,1.325844407081604,0.11107048392295837,0.39675978,0.9648004360180682,1.4299557209014893,0.17354175448417664,0.3489679,0.9490384653437318,1.5619232654571533,0.09069862961769104,0.45526618,0.9456415454043152,1.7065907716751099,0.23605255782604218,0.3415532,0.950448576327266,1.8048160076141357,0.08321359753608704,0.35142043,0.945754202378616,1.691162109375,0.2804659605026245,0.19618028,0.9573474343279973,1.536157488822937,0.06217092275619507,0.5014248,0.9732630944978276,1.690220594406128,0.1551508605480194,0.34373233,0.9683395343879554,1.9100267887115479,0.06743407994508743,0.56718093,0.9815704622918844,1.6902588605880737,0.16503649950027466,0.30472898,0.9654616142504453,2.1667776107788086,0.10603590309619904,0.37105024,0.9806248563875655,1.9958552122116089,0.16381509602069855,0.286516,0.967360189646725,2.1231014728546143,0.17712873220443726,0.31606498,0.9633827237714497,2.126396656036377,0.0506509393453598,0.4352161,0.9878819888867204,1.79997718334198,0.15892238914966583,0.50448585,0.9375518607722203,1.8413934707641602,0.14774064719676971,0.4072256,0.922616537956649,1.9998676776885986,0.19465430080890656,0.31069118,0.9184847948209469,1.8435146808624268,0.22159895300865173,0.52466345,0.8722121340882654,2.3585264682769775,0.6382232308387756,0.49373212,0.4355105488609241,1.7495090961456299,0.2563334107398987,0.16355221,0.29014158589525807,2.0708765983581543,0.21809329092502594,0.12482752,0.5408495802840683,2.90605092048645
0,0.03807389363646507,0.26701158,0.7346416873274177,2.8349061012268066,0.01242405828088522,0.15028635,0.5472725611916812,1.9808136224746704,0.00032991726766340435,0.13638057,0.32173064845838456,1.1942291259765625,0.12478461116552353,0.33834177,0.96789868276426,1.832114338874817,0.22546124458312988,0.26711568,0.9533239158999726,1.8783047199249268,0.1285323053598404,0.37688282,0.9442540694562181,1.7812588214874268,0.20724651217460632,0.3054026,0.9630774948644364,1.7630075216293335,0.12699060142040253,0.26919875,0.9514297626638223,1.7641518115997314,0.30297327041625977,0.19108154,0.9657727848979751,1.7334368228912354,0.07383434474468231,0.4388805,0.986935486583347,1.9066293239593506,0.15599018335342407,0.29787368,0.9764803722417178,1.8035156726837158,0.08841024339199066,0.5259928,1.0073023945487722,2.069209575653076,0.18293073773384094,0.25735304,0.9755952165705698,1.9698070287704468,0.10553735494613647,0.3765205,0.9880559867771403,2.327789068222046,0.15535342693328857,0.28866586,0.9742581827556277,2.4528794288635254,0.1775757521390915,0.28867075,0.9823439322996032,1.9451237916946411,0.08473599702119827,0.39091527,1.0130875150079643,2.2089884281158447,0.13255232572555542,0.47382128,0.9460149575796248,2.154747724533081,0.12304911762475967,0.48256034,0.9386940886126421,1.9283943176269531,0.16965675354003906,0.3177047,0.9726541251545698,1.673774003982544,0.16884015500545502,0.48609322,0.9196456451562997,2.6234240531921387,0.5383762121200562,0.47970846,0.494745488973431,2.1751272678375244,0.2505456805229187,0.19664295,0.42120049300953477,2.4225683212280273,0.1463402509689331,0.1858262,0.6888699407173982,3.4052999019622803
0,0.03703102841973305,0.24935958,0.7315614329279659,2.509068250656128,0.008605482056736946,0.12038399,0.5312104394962797,1.6713651418685913,0.0002337575569981709,0.10653949,0.3182240611139497,1.1382068395614624,0.13117405772209167,0.32709455,0.9697358120897533,1.636174201965332,0.2345409393310547,0.24874294,0.9562368512566657,1.9422900676727295,0.11735783517360687,0.3953393,0.9426521316279342,1.4242111444473267,0.2347123771905899,0.2955204,0.9684429668819855,1.6603779792785645,0.15968705713748932,0.24240318,0.9534852272194727,1.726729393005371,0.3045474886894226,0.17142403,0.9734253668159623,1.6422004699707031,0.10278859734535217,0.41681874,1.0033372337242794,2.100653886795044,0.19717223942279816,0.28074917,0.9877022925607024,1.7733489274978638,0.12215924263000488,0.5085027,1.030074884521845,2.082233428955078,0.2215539664030075,0.22820324,0.9877071601039918,2.2122159004211426,0.11012229323387146,0.31001595,0.9949519119892264,2.505884885787964,0.1921393722295761,0.20631745,0.9800493161248882,2.2290844917297363,0.20717297494411469,0.24272455,0.991866164221793,1.7968099117279053,0.17470350861549377,0.388703,1.0300443179450705,1.9639476537704468,0.1962709128856659,0.44446033,0.9548124114542424,2.1206679344177246,0.18404839932918549,0.39606205,0.9477077204048912,2.19486927986145,0.22574634850025177,0.2948622,0.9716620202602978,1.8604851961135864,0.2968747019767761,0.43271527,0.8965060037895204,2.412102460861206,0.6204017996788025,0.45006037,0.4618684730278481,1.825798511505127,0.26130610704421997,0.23073557,0.3883041251421982,2.1200413703918457,0.1622992604970932,0.20446727,0.6596835494754625,3.2176601886749268
0,0.04888695105910301,0.23489127,0.7284378927017883,3.2455544471740723,0.02049710415303707,0.17335375,0.541597123673449,2.5097837448120117,0.00044931800221093,0.1481479,0.3147103482547459,1.675566554069519,0.11354221403598785,0.37610915,0.9621453891948208,1.5618741512298584,0.19492372870445251,0.29992968,0.943973301577548,1.9017961025238037,0.1155262142419815,0.41367358,0.9485968646118138,1.8269709348678589,0.17893952131271362,0.36334762,0.9517326814411697,2.0287981033325195,0.09573425352573395,0.28430682,0.9530230813493349,1.862626075744629,0.2573961615562439,0.21087906,0.9550750593925299,1.6429146528244019,0.04878266900777817,0.5007713,0.9783495446573257,2.3146822452545166,0.1691756248474121,0.30768055,0.9663923473400048,1.6050070524215698,0.05615173652768135,0.5152718,0.9907344136507092,2.488454818725586,0.14966976642608643,0.28594598,0.9626349752097499,2.2397382259368896,0.07666098326444626,0.4186695,0.9783085574639895,2.4065730571746826,0.13035893440246582,0.2835243,0.9637576053252522,2.455324411392212,0.1319720447063446,0.33988628,0.972212447217902,2.137807846069336,0.04313066229224205,0.40874028,0.9963167319220363,2.1663854122161865,0.08470606803894043,0.47880134,0.9562664740656253,1.9804062843322754,0.07403358072042465,0.5034005,0.9508567444651851,2.0553009510040283,0.11142109334468842,0.35950243,0.9693891654295461,1.9654593467712402,0.13463588058948517,0.531726,0.9282080524213243,2.358180284500122,0.4940524101257324,0.49159065,0.49980096669490215,2.308070659637451,0.23471684753894806,0.18233444,0.3995349258100205,2.4534125328063965,0.13883553445339203,0.14781074,0.6878985705899391,3.5202062129974365
0,0.04198792576789856,0.22209693,0.7252739566053097,3.0424716472625732,0.020226873457431793,0.15815227,0.5336677208667102,2.2916033267974854,0.0004406057414598763,0.13369244,0.3158617507902838,1.6379200220108032,0.09792809188365936,0.36334217,0.9650791207966065,1.3781808614730835,0.1801985204219818,0.2933974,0.9488573177853169,2.109522819519043,0.10725245624780655,0.399799,0.9463401171430327,1.8545551300048828,0.20418016612529755,0.32407323,0.9563418978042373,1.9645286798477173,0.1144309714436531,0.25825447,0.9513576991481822,1.9228781461715698,0.28669413924217224,0.20248182,0.9585186475725435,1.5118705034255981,0.07522851228713989,0.46733508,0.9804360608734528,1.7922461032867432,0.1719018518924713,0.308936,0.9703293083337778,1.6661279201507568,0.06457477062940598,0.53168565,0.9950838373831853,1.7177140712738037,0.16566503047943115,0.2761843,0.9684516125101144,2.254406452178955,0.0772496685385704,0.3863583,0.9817888031052898,2.3444061279296875,0.12907861173152924,0.25487074,0.9674281883926628,2.3404202461242676,0.1339864283800125,0.31753665,0.974499539581389,2.1407647132873535,0.07369961589574814,0.4051214,0.9977027434270775,2.2391176223754883,0.07805173099040985,0.48359683,0.9544574202980476,2.4235262870788574,0.08210915327072144,0.49915332,0.9488244195571328,2.012666702270508,0.12179742753505707,0.37018704,0.9704943609932873,1.9464516639709473,0.14076870679855347,0.5289646,0.9276440615428868,2.4694533348083496,0.5169262290000916,0.4763897,0.5017351903574447,2.2704756259918213,0.2437935620546341,0.19149762,0.4116377926144034,2.4554977416992188,0.14367161691188812,0.15418579,0.692048386558567,3.52791690826416
0,0.02883787266910076,0.24404007,0.7539400414812021,2.969190835952759,0.012554341927170753,0.15367456,0.5634125766358722,2.201380968093872,0.0003760348481591791,0.1323663,0.32222888515495735,1.0634284019470215,0.11534087359905243,0.34625417,0.9666004478040502,1.8780320882797241,0.19513821601867676,0.24334793,0.9528369236913706,1.6423252820968628,0.10038543492555618,0.36409682,0.9499185836168734,1.7375425100326538,0.21023689210414886,0.28350133,0.9634627838410603,1.7104893922805786,0.10078869014978409,0.2517066,0.9537859766449918,1.9898484945297241,0.28884539008140564,0.18405472,0.9686528947521921,1.4652012586593628,0.07582391053438187,0.44020912,0.9890360561639244,1.8512531518936157,0.17124401032924652,0.2633039,0.9827826945401211,1.6876757144927979,0.08772046864032745,0.47536728,1.0113951745501686,1.8261371850967407,0.19166062772274017,0.20293792,0.9746999674383567,1.9670993089675903,0.09833598136901855,0.29857498,0.9885896446450837,2.280893564224243,0.17868417501449585,0.19021967,0.9730320831297119,2.3206841945648193,0.17173683643341064,0.23379736,0.975508752746978,2.0446879863739014,0.0669439435005188,0.39878342,1.021825249379641,2.470491886138916,0.1488908976316452,0.4394014,0.9561049154042625,1.7835168838500977,0.14775077998638153,0.41693193,0.9342415957656219,1.8802460432052612,0.17007644474506378,0.27795595,0.9528749272313625,1.9251725673675537,0.22188805043697357,0.3914606,0.8890820172552876,2.447798728942871,0.4801272451877594,0.49321726,0.4802501226502546,2.2607996463775635,0.1850951611995697,0.18874429,0.4152000246332239,2.339918613433838,0.13485203683376312,0.16088586,0.638818329597764,3.2420761585235596
0,0.03395368531346321,0.25227797,0.7302185083499292,2.5078179836273193,0.010033786296844482,0.11647082,0.5344201363533801,1.6637719869613647,0.0003615969035308808,0.114452906,0.3167941176069244,1.1606881618499756,0.13980157673358917,0.31395155,0.9710806733861689,1.59473717212677,0.22139327228069305,0.22618681,0.9565425442156099,1.8293663263320923,0.12842951714992523,0.36545217,0.943010189307625,1.598417043685913,0.2613474726676941,0.26058683,0.9671772348773972,1.7107353210449219,0.16879510879516602,0.23554005,0.9515118267722287,1.606156349182129,0.30653291940689087,0.16987911,0.9723824760464882,1.5588005781173706,0.10782826691865921,0.4108872,1.0069541820202577,2.0185203552246094,0.19026418030261993,0.26902473,0.9915311447506203,1.9344782829284668,0.13398857414722443,0.44790867,1.0329502965371398,1.69220769405365,0.2077387571334839,0.2042068,0.9854414688451506,2.2863593101501465,0.11692089587450027,0.23563252,0.9940979564496539,2.0881049633026123,0.2162211835384369,0.20379815,0.9812238998847163,2.026620864868164,0.20159178972244263,0.21686743,0.9937070119275441,1.9010875225067139,0.17799359560012817,0.39094582,1.032287745769526,2.395987033843994,0.17952020466327667,0.45055985,0.9523767848508682,1.959157943725586,0.18448282778263092,0.41822708,0.9462373422096437,2.190521001815796,0.2182658463716507,0.3072615,0.9725527960667002,1.6891655921936035,0.30854421854019165,0.42685556,0.8954023632632268,2.4267609119415283,0.6283761262893677,0.46088678,0.4643391672489123,1.8226203918457031,0.25540512800216675,0.22576168,0.39024531102616017,2.1665382385253906,0.14680616557598114,0.21359913,0.6607959456289074,3.2639880180358887
0,0.029760267585515976,0.25171345,0.7455095748285757,2.699101209640503,0.012555026449263096,0.14292014,0.5618694676843008,1.9578038454055786,0.00047325328341685236,0.106304765,0.3184300852081045,1.0337417125701904,0.11776793003082275,0.32369584,0.9670827546355943,1.9010690450668335,0.18204931914806366,0.24554211,0.9524746478814349,1.8855054378509521,0.09947630017995834,0.36039877,0.9395838678399061,1.8783032894134521,0.24230222404003143,0.25446025,0.9639657479119637,1.8163607120513916,0.1232038140296936,0.25665998,0.9508626195550106,1.5084840059280396,0.3102582097053528,0.17250447,0.9718010441596329,1.4765106439590454,0.0900593250989914,0.4414474,0.9984598054914035,1.703029990196228,0.19023506343364716,0.28458098,0.9839105025818736,1.7291831970214844,0.10864602029323578,0.49797702,1.0080852612639268,2.1512746810913086,0.2034081518650055,0.23169672,0.9769784380488409,2.1826701164245605,0.10731920599937439,0.31775787,0.988166425078327,2.2292468547821045,0.2000303417444229,0.25728524,0.9770665171442101,2.2623889446258545,0.20925383269786835,0.3075449,0.981513998846471,1.9664357900619507,0.13551771640777588,0.38235834,0.9953459614200644,2.310171127319336,0.20930151641368866,0.41322705,0.9269497869038963,2.197617530822754,0.16112282872200012,0.45584595,0.9050879823449285,2.1480417251586914,0.201743021607399,0.2776018,0.9469582340713549,1.8626189231872559,0.2562524378299713,0.50298023,0.8944637845388266,2.4742114543914795,0.5754785537719727,0.51582026,0.48757905776764154,2.0213782787323,0.22050660848617554,0.2154716,0.3944972155059555,2.1735095977783203,0.1287287473678589,0.20645161,0.6413652421315162,3.1791415214538574
0,0.0657045990228653,0.21832785,0.7375319234010353,3.2392094135284424,0.027186712250113487,0.16568786,0.5506325196722326,2.437687635421753,0.0005749847623519599,0.14437488,0.3145344007179313,1.672347903251648,0.1120111271739006,0.3657957,0.9644007980622051,1.7439146041870117,0.20939812064170837,0.28292775,0.9469089511416853,2.0544605255126953,0.09945283830165863,0.405817,0.9493787570171216,1.8960471153259277,0.21903550624847412,0.33869997,0.9528779909652028,1.9056817293167114,0.11658794432878494,0.27472797,0.9542231243294388,1.8411517143249512,0.27143603563308716,0.1991676,0.9573522040945371,1.488288402557373,0.05133082717657089,0.49377885,0.9810580846894427,2.095623016357422,0.16510243713855743,0.29723912,0.9689322168777398,1.741463541984558,0.06847631186246872,0.55690837,0.9947866678983371,2.3839175701141357,0.1715339869260788,0.27192572,0.9674254880357976,2.1701467037200928,0.07420625537633896,0.39141887,0.983740109395122,2.1456284523010254,0.13646246492862701,0.24628265,0.9655821220510045,2.3996083736419678,0.14346255362033844,0.30667084,0.9732344090633152,2.0279226303100586,0.03365452587604523,0.39637315,1.0030157836096516,2.3114981651306152,0.0818629264831543,0.461707,0.9539655465194862,1.9385405778884888,0.09072153270244598,0.45335945,0.9448057982208119,1.8263133764266968,0.1256030648946762,0.34863803,0.9614827517463037,1.9086260795593262,0.15182174742221832,0.4919482,0.9175502336061285,2.0649352073669434,0.5189810991287231,0.49217027,0.4947381517777823,2.2466416358947754,0.2215377688407898,0.17856859,0.39911189429798927,2.4474222660064697,0.14128603041172028,0.14781347,0.6834299801148753,3.4078142642974854
1,0.023328864946961403,0.21151213,0.730298098074538,2.5200986862182617,0.00536382244899869,0.10950901,0.5363662536415554,1.7199716567993164,0.00032771623227745295,0.10045807,0.3155435617875904,1.1968010663986206,0.126347154378891,0.3174803,0.9671340326364668,1.8605132102966309,0.20399434864521027,0.24523574,0.9517454231783038,1.7864316701889038,0.12275642901659012,0.356986,0.935059473695976,1.4936981201171875,0.24854645133018494,0.25947395,0.9683521762524921,1.6772898435592651,0.14415693283081055,0.23500472,0.9461002486739584,1.8046950101852417,0.3045364320278168,0.1703077,0.9731167545664042,1.6473387479782104,0.10480159521102905,0.42212516,1.0018556261531535,1.8940677642822266,0.19880956411361694,0.25967896,0.9909194281325244,1.8676139116287231,0.12301801890134811,0.45486978,1.0295481874908239,2.270376682281494,0.2376946657896042,0.21084137,0.9889546297731485,2.058844804763794,0.12817718088626862,0.2990319,0.9974099526169897,2.2986645698547363,0.2199426144361496,0.20577134,0.9823999020166138,2.158188581466675,0.24569670855998993,0.23987752,0.9909404744459629,1.9931094646453857,0.2142566442489624,0.4066187,1.0176549945804843,2.1516284942626953,0.24082253873348236,0.44138086,0.9331122970301872,2.3051271438598633,0.20570248365402222,0.44316062,0.9230427048446088,2.05905818939209,0.23383918404579163,0.31957334,0.9715440229800677,1.922181248664856,0.3278782069683075,0.42567676,0.8833483847247395,2.3439674377441406,0.5971625447273254,0.47752565,0.4679806733576747,1.8628580570220947,0.23319119215011597,0.24322544,0.40281237772778394,2.117042064666748,0.1614845246076584,0.24317633,0.6695875403182526,3.3487179279327393
0,0.020673956722021103,0.24677214,0.7337152343678527,2.7865707874298096,0.010974271222949028,0.16094308,0.558482471729208,2.043710947036743,0.000643431325443089,0.11933195,0.31615089357932585,0.8991126418113708,0.11011530458927155,0.34365132,0.9680301218607537,1.932375431060791,0.1945323497056961,0.25901744,0.952012584877207,1.7699235677719116,0.11712166666984558,0.36481583,0.9425608495620875,1.8063640594482422,0.21950721740722656,0.28188768,0.9630290516216988,1.8541311025619507,0.131448894739151,0.24791622,0.9477388706305084,1.7686222791671753,0.297584593296051,0.17784198,0.9655131752487294,1.3311700820922852,0.08195823431015015,0.41131118,0.9876310946309274,1.876868486404419,0.18179431557655334,0.27825794,0.9773151627728863,1.799321174621582,0.10838978737592697,0.46127117,0.9981067339510387,1.878068208694458,0.18244747817516327,0.22790848,0.9722924615850979,2.161515235900879,0.10249482095241547,0.30798835,0.9834094487176568,2.5041825771331787,0.17110778391361237,0.24274932,0.9725449215076961,2.306509256362915,0.1922704130411148,0.27915916,0.975603070890612,2.013449192047119,0.1151561439037323,0.4052282,0.9894279010063171,2.19734525680542,0.17198051512241364,0.4297104,0.9271138406349715,2.153770923614502,0.12935705482959747,0.45658168,0.9096842824408822,1.9743289947509766,0.17607061564922333,0.29933345,0.9458239966802173,1.8164844512939453,0.2311931699514389,0.4943125,0.8832605546202102,2.4547905921936035,0.529911994934082,0.4833729,0.4711063021167842,2.063917636871338,0.2143334597349167,0.21366465,0.38454023892627814,2.1902482509613037,0.16828954219818115,0.20434418,0.6363058367165308,3.1978626251220703
1,0.05985173583030701,0.27602273,0.7429907196474587,3.540567636489868,0.037546299397945404,0.17918271,0.569440475534349,2.8233113288879395,0.0011009771842509508,0.15430203,0.3141787114518111,1.7421784400939941,0.08840955048799515,0.42560092,0.9567254122489891,2.087114095687866,0.1582002192735672,0.3355102,0.9373649264460892,1.9946210384368896,0.08905390650033951,0.43794098,0.9469719275106109,1.85724937915802,0.16651234030723572,0.33324015,0.9402395006431593,2.270142078399658,0.09040381014347076,0.35923785,0.949662589666132,2.10164475440979,0.23408420383930206,0.20470504,0.9443878330670281,1.5849039554595947,0.04917922988533974,0.533037,0.9697408504574713,2.009319305419922,0.1307392716407776,0.33198205,0.9581396438377184,1.7398262023925781,0.05360463261604309,0.5958752,0.977052097933454,2.072561025619507,0.1152823194861412,0.3080977,0.9538139504962526,2.348113536834717,0.0758887529373169,0.43414986,0.9700512152079134,1.9799690246582031,0.11551728844642639,0.296046,0.9600647396986716,2.3529481887817383,0.10354776680469513,0.35320744,0.9603586307764461,1.8816152811050415,0.02790191024541855,0.38444474,0.9908673999406312,1.4862797260284424,0.09038079530000687,0.5166009,0.9505811201023834,1.7475600242614746,0.06437912583351135,0.4923707,0.9415279052445341,1.9598947763442993,0.1338624507188797,0.33725154,0.9469753492945039,2.1225812435150146,0.0917983427643776,0.5058209,0.9221009962882646,2.2594242095947266,0.4657973647117615,0.5231886,0.5159931017533044,2.4311444759368896,0.20132823288440704,0.1358436,0.39423250797545567,2.627977132797241,0.14884299039840698,0.11356404,0.6650661293792184,3.4866483211517334
0,0.04755542427301407,0.22535937,0.7252539309525239,3.2410478591918945,0.018603330478072166,0.21310188,0.541835623211845,2.446749210357666,0.0013884130166843534,0.15676555,0.3124032930871009,1.693385124206543,0.10506784170866013,0.3714838,0.9627343748544416,1.7820355892181396,0.15989114344120026,0.3115194,0.9451756792229739,2.2048141956329346,0.11195328831672668,0.40475437,0.9489115208050668,1.7730894088745117,0.17928284406661987,0.34576267,0.9512820141855258,2.1791560649871826,0.09197694808244705,0.2825642,0.9517395913381884,2.2091073989868164,0.27193471789360046,0.1998351,0.9541925862653049,1.5569515228271484,0.05630844831466675,0.48225448,0.978409938445697,2.123917579650879,0.1435617208480835,0.31549284,0.9666602375178468,1.7039499282836914,0.07162224501371384,0.4772306,0.9920319711923786,2.120109796524048,0.16932818293571472,0.27689964,0.9648304553770582,1.8155162334442139,0.0692150816321373,0.34538543,0.9808057847681756,2.2518744468688965,0.15394243597984314,0.26826605,0.9657225284964244,2.2856781482696533,0.12738539278507233,0.30522344,0.9729281608500541,2.1690890789031982,0.06704670935869217,0.39475483,1.0057049327161838,1.7296116352081299,0.08619078993797302,0.4788801,0.9627387502257141,1.8825535774230957,0.07693427056074142,0.49336743,0.9581181316397896,1.866437554359436,0.11601350456476212,0.34340125,0.9710879651633194,2.0880887508392334,0.14250817894935608,0.54305196,0.9291479770273112,2.4839632511138916,0.4867187440395355,0.4654897,0.49064558290151805,2.3352854251861572,0.20563095808029175,0.17650504,0.4018746921162799,2.432485580444336,0.1311207413673401,0.14673123,0.6876624067052899,3.5564188957214355
0,0.039891567081213,0.23994459,0.7284561083893649,3.071127414703369,0.013323340564966202,0.16027197,0.5320443066470716,2.242030620574951,0.00038764066994190216,0.14111412,0.3123933830052194,1.3438955545425415,0.11061134189367294,0.3712329,0.9652991737655763,1.5945674180984497,0.18581630289554596,0.2854427,0.9488356699676155,2.1058297157287598,0.10432584583759308,0.398739,0.9494384715098169,1.7514830827713013,0.20891736447811127,0.30309114,0.9567296491639,1.974247694015503,0.12555639445781708,0.28222132,0.9530808072058162,1.8420746326446533,0.2810865342617035,0.19853258,0.9581199044268797,1.5293827056884766,0.05967803671956062,0.46624142,0.9792622564034411,2.012516498565674,0.15914294123649597,0.29688007,0.9718434937052709,1.6710312366485596,0.0831548422574997,0.43459067,0.9972636075755901,1.9650791883468628,0.15343280136585236,0.24860123,0.9688126053707363,2.3040199279785156,0.0878758504986763,0.28633776,0.9849946303201135,2.037346839904785,0.15725085139274597,0.2638586,0.9696841232122636,2.173246383666992,0.16200217604637146,0.2741198,0.9773758075599879,2.2417285442352295,0.06607667356729507,0.4044199,1.0098779393586892,2.1963627338409424,0.10469913482666016,0.45808464,0.9651179710969477,2.0942916870117188,0.10253821313381195,0.48683724,0.9621461728542785,1.8312066793441772,0.12958009541034698,0.36206475,0.9863613057723353,1.86930251121521,0.15681231021881104,0.51258975,0.9371146191611002,2.443028450012207,0.5242995619773865,0.48309267,0.49467001893804724,2.2838995456695557,0.21557141840457916,0.18450303,0.41887437584987247,2.4076290130615234,0.1471371352672577,0.15240325,0.6966258838328568,3.5203628540039062
0,0.045340318232774734,0.23151243,0.7120452396954117,3.0429255962371826,0.016912680119276047,0.2062721,0.5217345142636615,2.2792694568634033,0.0005824090330861509,0.1305887,0.31083789044379806,1.4519537687301636,0.09860028326511383,0.3755888,0.9627354982542097,1.8515191078186035,0.17445436120033264,0.2847406,0.9466421559009305,2.1634960174560547,0.10664001852273941,0.4104673,0.9494361203075528,1.7939832210540771,0.18561509251594543,0.36939728,0.9540406686159948,1.9561514854431152,0.12351041287183762,0.27492633,0.9519235820167984,1.7245688438415527,0.27837899327278137,0.21779995,0.9557030987256734,1.5980422496795654,0.0647842213511467,0.47397065,0.9812023164326272,2.1175925731658936,0.15881061553955078,0.3319698,0.9697430872559364,1.67716383934021,0.05760807916522026,0.5770524,0.9975848076631283,1.9966508150100708,0.15816651284694672,0.30849,0.9683669589904148,2.487766981124878,0.06965570151805878,0.3481308,0.9827786668919437,1.929741382598877,0.1345241367816925,0.27930304,0.9685752647173276,2.2926952838897705,0.1276552975177765,0.3796576,0.9789933338590526,1.9381928443908691,0.07006523758172989,0.3825851,1.007921253043235,1.9433848857879639,0.09859879314899445,0.4707517,0.9737198560440561,2.052678346633911,0.07659070938825607,0.5252134,0.9719408182792177,2.067776918411255,0.106820248067379,0.35474086,0.9857252450513522,2.2404427528381348,0.13439461588859558,0.50974184,0.9377591618388436,2.3236145973205566,0.4769335687160492,0.47632778,0.4871735187758885,2.372379779815674,0.2324390411376953,0.18569022,0.41049064113609024,2.471571922302246,0.15210852026939392,0.17172876,0.694334003893127,3.5256738662719727
0,0.049196548759937286,0.26042864,0.7354599695577779,2.7945642471313477,0.010548245161771774,0.14874405,0.5501119328570752,1.9117375612258911,0.00017632853996474296,0.12749173,0.31862223831798986,0.8875988721847534,0.13149216771125793,0.31912735,0.9697201032376948,1.824390172958374,0.22273080050945282,0.24165052,0.9526279760424529,1.9285385608673096,0.12377509474754333,0.36234716,0.9398668964626169,1.771093726158142,0.24334478378295898,0.28232718,0.9612609519477426,2.0078506469726562,0.12057732045650482,0.2567238,0.949975404152284,1.7094155550003052,0.30184635519981384,0.18536982,0.9667793874948354,1.6378064155578613,0.08786432445049286,0.43728706,0.9945758565324976,1.9273898601531982,0.17173941433429718,0.30337772,0.9823640067516443,1.8325755596160889,0.10143740475177765,0.52466846,1.013699831241891,1.929594874382019,0.1808602213859558,0.22897245,0.9767515839944009,2.3894081115722656,0.11868756264448166,0.35055128,0.9910370067963648,2.1814844608306885,0.18359722197055817,0.25987664,0.9790249395529733,2.3078129291534424,0.1970735490322113,0.30006984,0.9852990059061438,1.9000728130340576,0.10253887623548508,0.40088922,1.0135299558804145,2.2263262271881104,0.1633925437927246,0.45438507,0.9434702562556554,1.9671930074691772,0.1546829342842102,0.43104357,0.9333618409463064,2.109292984008789,0.19492760300636292,0.3135585,0.9557701295806398,1.8210618495941162,0.27542176842689514,0.47822812,0.8879213506770942,2.3745992183685303,0.5849078297615051,0.46691903,0.4638172088629896,1.953263521194458,0.25167116522789,0.22064991,0.3789435690913203,2.197625160217285,0.14653092622756958,0.20654514,0.6553291566917688,3.2375521659851074
0,0.042532507330179214,0.24263608,0.741943125854484,3.127624988555908,0.02042480930685997,0.17386271,0.5560180095144004,2.390707492828369,0.0007020449847914279,0.14352973,0.3149671068039163,1.3629419803619385,0.09891300648450851,0.36496532,0.965866748477217,1.6776947975158691,0.1671222299337387,0.28452936,0.9483699865606136,2.035728693008423,0.10877398401498795,0.38394773,0.9478942367269101,1.999235987663269,0.1925947219133377,0.30257028,0.9543952021769924,1.9800958633422852,0.10765871405601501,0.27620944,0.9527489208686124,1.8675962686538696,0.28353649377822876,0.19155161,0.9595135924021103,1.338248372077942,0.06042110547423363,0.4887425,0.9849459412077307,1.964095115661621,0.18787281215190887,0.27574235,0.9721737285742513,1.6552643775939941,0.07859603315591812,0.49150705,1.0006971122116857,1.867270827293396,0.16540350019931793,0.25250337,0.9707283631534026,1.9944840669631958,0.07749006152153015,0.31918284,0.9870730502426432,2.3346219062805176,0.14298047125339508,0.2528715,0.9695862185120618,2.19629168510437,0.16344499588012695,0.31227404,0.9743514761182976,1.8383922576904297,0.06042807921767235,0.39390153,1.0009065924166836,2.2225072383880615,0.10934237390756607,0.47395793,0.9513815289472829,1.8502458333969116,0.10890941321849823,0.45602793,0.9411062873664822,1.9118281602859497,0.14185850322246552,0.32059184,0.9587103517414864,2.1818535327911377,0.15507541596889496,0.4762375,0.9125433602839722,2.4914119243621826,0.5032376050949097,0.4830223,0.47267891397663486,2.213991641998291,0.20624035596847534,0.18049619,0.3922708014319895,2.3970279693603516,0.13398170471191406,0.14929533,0.634722984030403,3.2253453731536865
0,0.06369633972644806,0.255677,0.7212129319505642,3.0260443687438965,0.011743960902094841,0.17100085,0.5368203687537539,2.162156105041504,0.0003481754392851144,0.15537085,0.31883519313441044,1.521360993385315,0.11972269415855408,0.37004822,0.9670386473301072,1.476349949836731,0.1893373429775238,0.29134536,0.951194508907877,2.051438570022583,0.10594996809959412,0.41155556,0.9499016522654914,1.6621649265289307,0.22037789225578308,0.34896186,0.9608130458752865,2.0602951049804688,0.1392562836408615,0.27965173,0.954790607547236,1.7993762493133545,0.2988016605377197,0.20085868,0.9611414710478523,1.6508433818817139,0.05481419712305069,0.4571403,0.9842179997833961,2.2711844444274902,0.16670431196689606,0.31848332,0.976211732443506,1.6591095924377441,0.10904525965452194,0.51900977,1.007900554918442,2.0784597396850586,0.21691279113292694,0.26395848,0.9751868895212017,2.2136261463165283,0.08984820544719696,0.34606877,0.9927274628039757,2.205434799194336,0.13912208378314972,0.31318477,0.9766615523100095,2.2256875038146973,0.16136494278907776,0.33045226,0.9858583247436957,2.071808338165283,0.06790170073509216,0.3570634,1.0200596355078375,2.2491888999938965,0.0953112319111824,0.4823818,0.9745552328021767,2.039496660232544,0.1115555688738823,0.51511014,0.9717300192940677,1.7514570951461792,0.14052608609199524,0.38999212,0.9968637356160899,1.7066103219985962,0.18388640880584717,0.54206085,0.9396705982128006,2.2773544788360596,0.5313529372215271,0.48783842,0.5065243953066381,2.2581193447113037,0.22999723255634308,0.19513816,0.4321594830980001,2.4471182823181152,0.16337080299854279,0.15903908,0.7018405346491168,3.5210156440734863
0,0.029034309089183807,0.27223292,0.7631415508081526,2.886530637741089,0.026596127077937126,0.21085435,0.5961476379133716,2.2315990924835205,0.0007700333371758461,0.15124692,0.3213970128558147,1.1333063840866089,0.14083343744277954,0.38167477,0.9685418211418515,1.7231701612472534,0.21474717557430267,0.30125308,0.9485352455398658,1.6869534254074097,0.11790882050991058,0.41919267,0.9405450506334028,1.7106354236602783,0.23746009171009064,0.31196976,0.9511301013605342,1.6144325733184814,0.12849201261997223,0.35108876,0.9368069750546434,1.4076100587844849,0.33445096015930176,0.18570215,0.963313888923651,1.4506371021270752,0.08428196609020233,0.4591358,0.9861293428050153,1.8982924222946167,0.20530785620212555,0.33809957,0.9733648932702569,1.6859430074691772,0.07594992965459824,0.5450742,0.9893814336880263,2.2238879203796387,0.22093257308006287,0.2555458,0.9745020351021335,1.8557487726211548,0.10730107128620148,0.37728295,0.998518373814464,2.3614115715026855,0.21504420042037964,0.3176208,0.9824369742286794,1.9082919359207153,0.21512211859226227,0.33222038,0.9705994025578776,2.037290096282959,0.08413920551538467,0.42826843,1.0154781026995336,2.2253031730651855,0.21177458763122559,0.50291044,0.925446967324241,1.8981750011444092,0.25083357095718384,0.42243463,0.8938572670695718,1.6463391780853271,0.27650928497314453,0.30271778,0.8869812352469247,1.6481688022613525,0.32737278938293457,0.46911123,0.8316114433479141,2.134829521179199,0.6035674810409546,0.48346466,0.4358499071500394,1.6911351680755615,0.22232235968112946,0.1455517,0.2928546480879016,1.9687920808792114,0.1801498383283615,0.13009435,0.5126831995622205,2.7556161880493164
0,0.009875564835965633,0.23054641,0.7162991996816235,2.721011161804199,0.013226374983787537,0.15645029,0.5312800711290542,2.082674503326416,0.00021764163102488965,0.11072899,0.320752468275029,1.3289331197738647,0.09188168495893478,0.34752896,0.9652755809414197,1.9609184265136719,0.1897379457950592,0.26554018,0.9527077354538614,1.6819663047790527,0.11458595842123032,0.36300856,0.9463540838458446,1.8590574264526367,0.22926513850688934,0.27738398,0.9596923277771608,1.7977726459503174,0.09874852746725082,0.26886913,0.947238515684092,1.998201608657837,0.29050564765930176,0.18140008,0.962539144736405,1.486424446105957,0.058167457580566406,0.40714794,0.9911849192436949,2.3891074657440186,0.15920737385749817,0.28949803,0.9811758311088028,1.6604031324386597,0.07312560081481934,0.51981884,1.0084536500896915,2.0992002487182617,0.16792292892932892,0.25097993,0.9738499797047686,1.8670248985290527,0.1049637496471405,0.30837148,0.9872946161567029,2.447819948196411,0.1799302101135254,0.23583986,0.9772860269616707,2.2918529510498047,0.17350855469703674,0.31498775,0.9904249860723912,2.108604669570923,0.13635163009166718,0.33362275,1.0309375087832067,2.155024528503418,0.08285316824913025,0.44387147,0.9877659530107951,2.5626485347747803,0.08863802254199982,0.4914071,0.9761502526106947,2.3885016441345215,0.14411619305610657,0.35312578,0.9898141582990104,2.2201483249664307,0.1395624727010727,0.4426959,0.9263250576839952,2.5024662017822266,0.4654770493507385,0.47193253,0.5246241979304701,2.402989149093628,0.2248774766921997,0.22452259,0.43488625923299695,2.338827610015869,0.19289571046829224,0.22527651,0.6677380721183289,3.3005125522613525
0,0.04253341257572174,0.23566762,0.7514191221840751,3.2981173992156982,0.03086603246629238,0.21152124,0.5856049047971162,2.5643467903137207,0.0007890486740507185,0.15288554,0.31007209035119065,1.288216471672058,0.10257549583911896,0.43977588,0.9631142285467363,1.3760205507278442,0.1624525785446167,0.3662939,0.9457923455402485,1.6667256355285645,0.08079780638217926,0.46054757,0.9467708630442233,1.6638020277023315,0.2032444179058075,0.3420116,0.9484990650705706,1.877751111984253,0.0871557965874672,0.39192402,0.9458952566708443,1.5818060636520386,0.27836281061172485,0.2277772,0.9534829488604857,1.300430417060852,0.06116461753845215,0.5186123,0.9719203039662873,1.8060041666030884,0.14707651734352112,0.35427892,0.9665835901554608,1.7203576564788818,0.077224500477314,0.5553686,0.9780619682182182,2.4659061431884766,0.16497913002967834,0.33265844,0.9633887237719028,1.8535234928131104,0.08090350031852722,0.4010419,0.977379891756317,2.239354372024536,0.157973974943161,0.31165,0.9613078844393158,2.165745973587036,0.17168021202087402,0.347193,0.959296132553637,2.0464015007019043,0.038790084421634674,0.39751312,0.9768762648242909,1.8500986099243164,0.14557574689388275,0.4751017,0.9331550921344837,1.6758050918579102,0.1488087922334671,0.43955123,0.9169159533075089,1.4232385158538818,0.2060711532831192,0.32257998,0.9121266709126196,1.6567996740341187,0.22070737183094025,0.5195593,0.8735275292900707,2.3379316329956055,0.6305400729179382,0.47987032,0.4478315893166014,1.8091684579849243,0.2631549835205078,0.1403368,0.30744287437729984,2.119235038757324,0.19754138588905334,0.11499658,0.5368435110484083,2.9661154747009277
0,0.038124918937683105,0.26397097,0.7342870411374071,2.7684683799743652,0.01201171800494194,0.141726,0.5383711530886609,1.821391224861145,0.0002833325997926295,0.13294628,0.31565230696776925,1.1084405183792114,0.12402090430259705,0.33640465,0.9692720696121713,1.660406231880188,0.22848664224147797,0.26478812,0.9544251537513098,1.6584652662277222,0.10609876364469528,0.3862337,0.9468598742703807,1.6651498079299927,0.24558497965335846,0.2929491,0.9654223245044593,1.6993674039840698,0.15929128229618073,0.23771451,0.9534215613067578,1.707398533821106,0.28688111901283264,0.19054562,0.9697927921558342,1.5436166524887085,0.0978667214512825,0.45129398,0.9967922839313371,2.1542670726776123,0.1850857138633728,0.28421718,0.9818647399237039,2.036125421524048,0.09579075872898102,0.4989156,1.0201914251287378,2.4288506507873535,0.22019340097904205,0.23897806,0.9847681936003445,2.34633207321167,0.10565562546253204,0.34330985,0.9968424396904279,2.3812167644500732,0.19894631206989288,0.24523062,0.9791276532889251,2.3715579509735107,0.21403029561042786,0.28631952,0.9923446739007251,1.9476280212402344,0.10687916725873947,0.394192,1.0256091903353628,1.972095012664795,0.16644705832004547,0.45256793,0.9581608166920502,1.9588499069213867,0.15045563876628876,0.40814862,0.9517586353065508,2.1062419414520264,0.18821755051612854,0.29741234,0.9757624539738688,1.7310435771942139,0.2755664885044098,0.44976282,0.9078506237171217,2.3797459602355957,0.5886531472206116,0.45040566,0.47202034306863816,1.9540328979492188,0.2533077597618103,0.20226295,0.39902245013941495,2.2551491260528564,0.144756481051445,0.18696338,0.66552608974306,3.3103830814361572
0,0.03423597291111946,0.2633337,0.7378334815734837,2.6726229190826416,0.013325748033821583,0.12887517,0.5445812096934398,1.9194753170013428,0.0003671267768368125,0.110984854,0.31705581183820575,1.0649718046188354,0.1141221895813942,0.3397264,0.9673475052560924,1.90176522731781,0.179982990026474,0.26566058,0.9529174263555193,1.9268306493759155,0.11546850949525833,0.38115445,0.9419765792610902,1.4288393259048462,0.26541122794151306,0.28318784,0.9655180400071118,1.710935354232788,0.13288791477680206,0.2364562,0.9540774121844966,1.4302328824996948,0.2859557867050171,0.18765219,0.972942281633059,1.6086452007293701,0.11612079292535782,0.44499174,0.999627342952144,2.119417428970337,0.18988332152366638,0.28640273,0.9851763367612829,2.0144290924072266,0.10837725549936295,0.50341135,1.020419548594597,1.7096625566482544,0.2048661857843399,0.24341963,0.9837405316612838,2.2612242698669434,0.1145097091794014,0.3663516,0.9926270454350138,2.2281577587127686,0.21653835475444794,0.21811295,0.9770695577286664,1.979248046875,0.20844852924346924,0.28858426,0.9886510048425576,2.0257046222686768,0.12332337349653244,0.3819568,1.010518834933933,2.465031623840332,0.18204417824745178,0.4495658,0.9376583191112652,2.078739643096924,0.16643299162387848,0.425618,0.9281619212984242,2.088787317276001,0.19648239016532898,0.31897655,0.9619034196237157,1.8265935182571411,0.28947651386260986,0.48067683,0.8928722674095039,2.4413108825683594,0.6189557313919067,0.4533298,0.4847544299556003,1.8590264320373535,0.25277191400527954,0.21406448,0.39123995200788464,2.1740856170654297,0.14508488774299622,0.19425467,0.6627304804975641,3.310753345489502
0,0.0472693108022213,0.24688235,0.7275079647927962,3.128965139389038,0.015257466584444046,0.1812561,0.5383323808003374,2.356822967529297,0.0003237149794586003,0.143408,0.31628051995862194,1.424452543258667,0.11000432819128036,0.39316007,0.9636668046564383,1.8317261934280396,0.19348855316638947,0.305532,0.9468160658619884,1.808592438697815,0.11231331527233124,0.41609755,0.948624855298309,1.8903710842132568,0.17751698195934296,0.3573018,0.9553056256920973,2.2233262062072754,0.12460413575172424,0.27305248,0.9551558461714948,2.011353015899658,0.3082689344882965,0.21326113,0.9583478820185465,1.5851120948791504,0.06727340817451477,0.48467052,0.981973762962581,1.9497716426849365,0.14792895317077637,0.346205,0.9690607701063573,1.732677936553955,0.06811095029115677,0.5768994,0.995903557062682,2.0693371295928955,0.2127019762992859,0.29305637,0.964131577164464,2.2947769165039062,0.07745226472616196,0.3880159,0.9792672904110807,2.2063074111938477,0.12184294313192368,0.3065402,0.9668147887720285,2.351963520050049,0.1443457156419754,0.39984077,0.9779073691191614,2.098410129547119,0.05604374408721924,0.3955493,1.0058726893571466,2.2366864681243896,0.09188275039196014,0.4724451,0.9640996804414937,2.019662857055664,0.09359440207481384,0.46444258,0.9626697859393097,1.9032323360443115,0.13019992411136627,0.33126208,0.9810668111125984,2.046326160430908,0.14274293184280396,0.5637763,0.9362082045416706,2.357970952987671,0.5000215172767639,0.49418733,0.5028283185344832,2.3715620040893555,0.2326144278049469,0.1774878,0.4169206763036873,2.4220004081726074,0.12796550989151,0.15893555,0.6956938013370958,3.528402090072632
0,0.03214021772146225,0.25601485,0.7374930051391002,2.9115803241729736,0.016353076323866844,0.16051579,0.5579960891629138,2.125720739364624,0.00037554805749095976,0.13568108,0.31857814872103546,1.042083501815796,0.10221131891012192,0.35045344,0.9691591901568752,1.82816481590271,0.19245553016662598,0.26522452,0.9528011900539134,1.885884404182434,0.11696764826774597,0.3831809,0.9491669650769083,1.6779241561889648,0.23998834192752838,0.2938845,0.96229368917316,1.7051725387573242,0.12366554141044617,0.2633487,0.9535567248122051,1.8272614479064941,0.3177914321422577,0.18338436,0.9652177069517748,1.3417466878890991,0.08985085040330887,0.4445751,0.9898719085134584,1.617187261581421,0.16719596087932587,0.29747686,0.9795600132825943,1.4806954860687256,0.09511569887399673,0.49356875,1.004490318408078,1.995992660522461,0.18590958416461945,0.22533135,0.9731193565454819,2.350698471069336,0.09851223230361938,0.32045874,0.9851793344183141,2.0976758003234863,0.17813076078891754,0.24281263,0.9739999837378416,2.276387929916382,0.19301310181617737,0.27792138,0.9772988323940242,2.083874225616455,0.1335323303937912,0.4008643,1.0035642073285518,2.6185693740844727,0.13694770634174347,0.4424489,0.947528517795316,2.1484906673431396,0.13260729610919952,0.4541623,0.935671013771982,2.0618886947631836,0.16129234433174133,0.29331347,0.9587298546875694,1.918441891670227,0.2308402806520462,0.4957174,0.9030989588736529,2.555763006210327,0.53500896692276,0.46862826,0.4691772716753436,2.033776044845581,0.2011236548423767,0.1856733,0.38526605026565924,2.2033960819244385,0.12445993721485138,0.18953349,0.6507311780074804,3.2721197605133057
0,0.045544110238552094,0.24996805,0.7324147531012994,2.9552953243255615,0.018372494727373123,0.15359049,0.5401232797710143,2.1437275409698486,0.0002113392692990601,0.12566036,0.3187854932012603,1.138169765472412,0.10355716943740845,0.35477087,0.9672322841291419,1.7628370523452759,0.17520251870155334,0.26495895,0.9530744054451182,1.838796854019165,0.14330776035785675,0.37318885,0.9510532237992922,1.8267662525177002,0.2110200971364975,0.27999344,0.9608600354133334,1.8652758598327637,0.1046547219157219,0.26538405,0.9518618074336275,1.779177188873291,0.28730377554893494,0.18554017,0.9630527239186001,1.4034829139709473,0.07978206872940063,0.4519851,0.9827663043202501,1.9221789836883545,0.1685008555650711,0.28228667,0.9770762457591531,1.5833017826080322,0.08525539189577103,0.47870743,0.9962659570802925,2.03904128074646,0.18145440518856049,0.2449515,0.9726030371650325,2.2201128005981445,0.0938604548573494,0.3074073,0.9847943205550694,2.2790520191192627,0.19718272984027863,0.23917435,0.9719497512469822,2.2732789516448975,0.178714320063591,0.28306434,0.9773627077963487,2.1993892192840576,0.07903880625963211,0.3941383,1.012296604590546,2.032095432281494,0.16933558881282806,0.424619,0.953820683056432,2.2859914302825928,0.13013261556625366,0.41233975,0.9429869890750079,2.092393398284912,0.17125912010669708,0.33692834,0.9694003184608099,1.7230215072631836,0.21039870381355286,0.450946,0.9175749489864122,2.519453525543213,0.5139815807342529,0.5030588,0.47743337109345524,2.155795097351074,0.20389938354492188,0.1927249,0.392653542304308,2.290680408477783,0.1273476630449295,0.16271563,0.6552980696362466,3.2896783351898193
1,0.04116538166999817,0.25648186,0.7127437755405228,2.580989122390747,0.008170509710907936,0.18570004,0.5125968080096373,1.8066468238830566,0.0003009966167155653,0.14457385,0.3183946222490953,1.0892066955566406,0.132430762052536,0.3862403,0.9677771598306978,1.7075692415237427,0.19122135639190674,0.26176673,0.9546502783851644,2.313826084136963,0.12105363607406616,0.42830506,0.94778585912818,1.9364216327667236,0.22886987030506134,0.30193272,0.9643574115225677,1.926421880722046,0.1583799570798874,0.22166014,0.9552322986445027,2.0253379344940186,0.2972031235694885,0.1802538,0.9684450486236024,1.3873543739318848,0.08905227482318878,0.47419295,0.9962931780717506,1.6902782917022705,0.18646745383739471,0.29389718,0.9834682413632398,1.8415260314941406,0.09168758988380432,0.5304545,1.0192600776045257,1.951427698135376,0.18903788924217224,0.25797996,0.985816826630533,2.236301898956299,0.1178390383720398,0.38600013,0.9925168448447926,2.332562208175659,0.1753099262714386,0.28859556,0.9776289362229293,2.2584078311920166,0.2069641500711441,0.32482556,0.9884559645352624,1.9994096755981445,0.2191762924194336,0.3909536,1.0232124536305247,2.4780521392822266,0.17859680950641632,0.48814636,0.9756635410163641,2.0732781887054443,0.13660603761672974,0.5063285,0.9733055728042794,2.252628803253174,0.16720636188983917,0.3858339,0.9917247954938921,1.9814518690109253,0.21583771705627441,0.5220537,0.9254275092027474,2.70986270904541,0.5721891522407532,0.50337744,0.4635799697083482,2.0350396633148193,0.24152925610542297,0.19353926,0.4005831601194895,2.3359456062316895,0.1732899248600006,0.19146934,0.6843702224815265,3.322906255722046
0,0.043326977640390396,0.25967485,0.7376398395718774,3.0077309608459473,0.015351230278611183,0.16147543,0.5467481766252814,2.193709135055542,0.0005325267557054758,0.14735529,0.31640665613035707,1.1925699710845947,0.11775292456150055,0.34773135,0.9670506865322698,1.6542643308639526,0.21307919919490814,0.27494007,0.9512308094555834,1.6066949367523193,0.11212196946144104,0.39074638,0.9491724188431594,1.5662636756896973,0.21413984894752502,0.30745333,0.959319242468722,1.8733402490615845,0.107737235724926,0.26425314,0.9552773480801388,1.9397528171539307,0.28725212812423706,0.19567949,0.9634059503020923,1.6488374471664429,0.072369284927845,0.44908825,0.9873025042613229,1.971570611000061,0.18979455530643463,0.2848733,0.9742269308571788,1.709388256072998,0.08598785102367401,0.54415184,1.0061065854889975,2.3129520416259766,0.20500120520591736,0.2564258,0.9721668059653084,2.402500629425049,0.10445377975702286,0.38411966,0.9861049273532647,2.3258955478668213,0.13896119594573975,0.2695718,0.9721447521660886,2.2182955741882324,0.15581372380256653,0.305998,0.9823379887824455,2.089728832244873,0.05795491114258766,0.39323142,1.0128679631647601,2.278540849685669,0.11182896792888641,0.50305593,0.9572160966923957,2.009122848510742,0.11827664077281952,0.46013921,0.9478717858906626,1.8011385202407837,0.13965001702308655,0.33207595,0.9748610844877483,1.7415988445281982,0.2132645845413208,0.49216646,0.9197962638898405,2.448184013366699,0.5514833927154541,0.4714803,0.4861431797566333,2.1669113636016846,0.23630234599113464,0.17679289,0.3983925065523351,2.350926399230957,0.14215801656246185,0.1576293,0.6807841827596839,3.4229953289031982
0,0.032406240701675415,0.24739261,0.7260850294280702,2.8260700702667236,0.005514787044376135,0.17371601,0.5458078583836462,2.041429042816162,0.0004194393695797771,0.1269113,0.32281609333707106,1.2850451469421387,0.13539563119411469,0.33461267,0.9680088149622674,1.7038347721099854,0.22723577916622162,0.2598412,0.9515541120216565,1.860444188117981,0.1332714706659317,0.37494674,0.9392307530308448,1.6638422012329102,0.23038816452026367,0.31907284,0.9605603580674201,1.8878153562545776,0.1419050544500351,0.25205877,0.9498828295716266,1.7788031101226807,0.3056349456310272,0.18361367,0.9656353144410219,1.6816970109939575,0.09798365086317062,0.4451163,0.993769230996828,1.997793436050415,0.16172313690185547,0.3189022,0.982486574343748,1.914468765258789,0.09455109387636185,0.4757198,1.00713580772656,1.8972327709197998,0.18441708385944366,0.23097856,0.9738136568684788,2.3329269886016846,0.1075512021780014,0.3292706,0.9860321243002808,2.1069462299346924,0.18437956273555756,0.28673288,0.9765391424869444,2.434573173522949,0.18964695930480957,0.30837998,0.9832434906643052,1.804797649383545,0.14610174298286438,0.38886017,1.0019968097209964,2.3751907348632812,0.15537504851818085,0.44966397,0.9459248110467687,2.1292455196380615,0.13369342684745789,0.46257645,0.9391405001805231,2.0239431858062744,0.192067950963974,0.32605964,0.9657733458315071,1.7081230878829956,0.23882584273815155,0.4926589,0.9003456954123629,2.625722646713257,0.5707579255104065,0.5033988,0.4746564782935525,2.0233912467956543,0.23590151965618134,0.20229769,0.38336216424054304,2.172408103942871,0.15205121040344238,0.17750001,0.6665350136896835,3.275627374649048
0,0.03757321089506149,0.2530876,0.7278125325915427,3.035141944885254,0.02186252549290657,0.17054623,0.5394942647434304,2.235053300857544,0.00030447696917690337,0.13310084,0.3091838729615349,1.2471357583999634,0.10726357996463776,0.36155686,0.9653385716054047,1.8297004699707031,0.20325198769569397,0.28447908,0.9512502854186915,1.9173698425292969,0.10695107281208038,0.40437695,0.9520117113602315,1.8149508237838745,0.19911907613277435,0.34125626,0.9571652453835142,2.0135395526885986,0.11219394207000732,0.2744034,0.9569056881992692,1.886879801750183,0.26223623752593994,0.20491251,0.961489200082525,1.6552926301956177,0.07023894786834717,0.48495263,0.9848612592622862,2.118403673171997,0.1580195277929306,0.33951232,0.9734847421453889,1.7368042469024658,0.07249665260314941,0.55444384,0.9994296479683105,2.1256325244903564,0.21868681907653809,0.27776802,0.9703787933049265,2.3524599075317383,0.07959297299385071,0.39832553,0.9820998083259475,2.095366954803467,0.1419493854045868,0.27707487,0.9688055138614636,2.3711297512054443,0.1585971713066101,0.3379617,0.9810662677133442,2.1641016006469727,0.07335961610078812,0.40534914,1.0152910582646846,2.1231377124786377,0.10359389334917068,0.47334495,0.9677682464968221,2.2719004154205322,0.08993636071681976,0.45251864,0.9641331296501502,1.9830591678619385,0.14357486367225647,0.3231596,0.9855937377801752,1.9006167650222778,0.14323632419109344,0.5322526,0.932740095919417,2.4399325847625732,0.5446466207504272,0.4803809,0.5014059931908295,2.206590414047241,0.21190230548381805,0.1741779,0.4072084892417408,2.419328212738037,0.14222171902656555,0.14187899,0.6913372651842208,3.5066850185394287
1,0.02912592887878418,0.23506476,0.7450937281917879,2.7983205318450928,0.016443418338894844,0.14951363,0.547637894448375,2.0547807216644287,0.0004365972999949008,0.116958655,0.32204982481045946,1.076003909111023,0.11705905944108963,0.34169668,0.9667654481927528,1.604941725730896,0.15676555037498474,0.24567881,0.9505504973427111,1.9447070360183716,0.10448098927736282,0.363384,0.9406944468777922,1.8031883239746094,0.23248213529586792,0.27312216,0.9659851491725342,1.7330808639526367,0.10085771977901459,0.25865468,0.9506465942875117,1.970501184463501,0.28223592042922974,0.18748225,0.9704198610727754,1.3264819383621216,0.08243126422166824,0.4499573,0.9949225926035993,1.712264895439148,0.17802263796329498,0.2791675,0.9804400036429258,1.7259782552719116,0.10002176463603973,0.48691368,1.0015037148273886,1.7421096563339233,0.19918924570083618,0.23546529,0.9746659452403995,2.0678768157958984,0.10809120535850525,0.3439958,0.980443905417849,2.1742653846740723,0.19861994683742523,0.25314847,0.9728579826794441,2.2262728214263916,0.1968873143196106,0.29708385,0.9768924040128528,2.1100988388061523,0.10814201086759567,0.4178948,1.0023157766137407,2.1394009590148926,0.15998442471027374,0.4321061,0.9464203471300057,2.1696248054504395,0.16343069076538086,0.47832152,0.9296196569080541,1.9744549989700317,0.20326441526412964,0.31991976,0.959112595409759,1.7447257041931152,0.23076318204402924,0.45619717,0.8954878407236442,2.5080246925354004,0.5193856954574585,0.50660276,0.48909934466570726,2.170635223388672,0.20065736770629883,0.20824191,0.417337054693448,2.243304967880249,0.12299597263336182,0.19617364,0.678922176189253,3.3428590297698975
0,0.049626849591732025,0.2639242,0.7352646225266947,3.028169870376587,0.024543317034840584,0.17419901,0.5445367009359532,2.1690168380737305,0.000513305130880326,0.14955205,0.3148269756359644,1.325116753578186,0.1324569135904312,0.35128814,0.9666480626653268,1.8823492527008057,0.2086864411830902,0.28397864,0.9498535236914387,1.8872498273849487,0.10982967168092728,0.4018849,0.947172496736213,1.6345254182815552,0.22036415338516235,0.31745586,0.9577591425166228,1.9035694599151611,0.1350012570619583,0.26676446,0.9542496138238153,1.8695225715637207,0.31976383924484253,0.19672,0.9608280522336443,1.721220850944519,0.07501742243766785,0.46226585,0.9850583216297131,1.986930251121521,0.1700212061405182,0.32825866,0.9751259289962397,1.946347951889038,0.08978232741355896,0.53370035,1.0033635972511326,2.3438408374786377,0.1917848140001297,0.26795307,0.9708355565698619,2.3516650199890137,0.10438094288110733,0.3774421,0.9851304673204874,2.0199742317199707,0.1693468689918518,0.2941073,0.9706621966656819,2.3526296615600586,0.16892750561237335,0.32273713,0.9801723134774016,2.330106019973755,0.0713307112455368,0.38898584,1.0104111673240541,2.4972338676452637,0.11245928704738617,0.48557866,0.9609205061483619,1.9325531721115112,0.11630073934793472,0.48545063,0.9519265163956898,1.9528700113296509,0.1564384251832962,0.34204772,0.9730247486745311,1.9472136497497559,0.20530030131340027,0.51226026,0.9225333145494468,2.398693799972534,0.5543820261955261,0.503763,0.4775431647795632,2.084930658340454,0.23961392045021057,0.19213073,0.39097552924013235,2.378725051879883,0.1442953497171402,0.16614595,0.6816663554064147,3.3912088871002197
1,0.02999912016093731,0.22651501,0.742843707841199,2.3197708129882812,0.0048127262853085995,0.12472268,0.5435122752621475,1.6589637994766235,6.801949348300695e-05,0.097048186,0.32152392076416314,1.476649522781372,0.1579628586769104,0.30580986,0.9674278087376182,1.589327335357666,0.21778926253318787,0.23051429,0.9496126199915552,1.7464356422424316,0.12600453197956085,0.36612317,0.9199791099824962,1.579871416091919,0.2678653299808502,0.25025007,0.962828239159168,1.6592674255371094,0.18018659949302673,0.21848439,0.9377275426115262,1.5876168012619019,0.30293649435043335,0.17659143,0.9734193624064372,1.5579593181610107,0.13498546183109283,0.41517806,1.0137124048958346,1.8494114875793457,0.23145750164985657,0.26946023,0.9945756188090072,1.8594553470611572,0.166406512260437,0.448053,1.0393698986001862,2.1367149353027344,0.2524334490299225,0.22410133,0.9913584254664578,2.0868923664093018,0.15903377532958984,0.29329297,1.0042876180278815,2.351255178451538,0.26491087675094604,0.21519132,0.9862111713213902,2.006396532058716,0.25113117694854736,0.2592118,0.9937087484999795,2.0584607124328613,0.23542071878910065,0.350503,1.034544794206223,2.36055064201355,0.26291584968566895,0.46120906,0.9357118996088893,2.120387554168701,0.2613246440887451,0.41424984,0.927366537499723,2.108609199523926,0.28231513500213623,0.3052831,0.9491501920576342,1.9034228324890137,0.3775905668735504,0.44366574,0.8508181643213426,2.271416187286377,0.6231403946876526,0.47443578,0.4551335174359549,1.7627806663513184,0.24809947609901428,0.23864342,0.3769191142502188,2.051252841949463,0.15406711399555206,0.22702375,0.6460107346948009,3.1954567432403564
0,0.02719143033027649,0.2189584,0.7423193852749549,2.511013984680176,0.013351374305784702,0.115610555,0.5461354789640429,1.6685433387756348,0.0002421647950541228,0.100714006,0.316319308917313,0.909329354763031,0.13267160952091217,0.30590507,0.9673435134514188,1.6986638307571411,0.181427001953125,0.22729121,0.951426658877133,1.8457716703414917,0.10721226036548615,0.36250728,0.9298604116619162,1.8003307580947876,0.26223140954971313,0.23799402,0.9675776934978843,1.6162426471710205,0.1285243034362793,0.22409017,0.9433556185931815,1.3280563354492188,0.3014414608478546,0.17099847,0.9735585681112868,1.4187662601470947,0.10510703176259995,0.39519763,1.0046826094025585,2.18527889251709,0.19200360774993896,0.25407684,0.986107535766523,1.634781837463379,0.12946899235248566,0.43368927,1.0170222876768695,2.190425157546997,0.22367219626903534,0.2142247,0.9825353096091523,2.0670623779296875,0.11917053908109665,0.27972537,0.987552413703913,2.318316698074341,0.2234351634979248,0.21180993,0.9781024776553014,2.2057526111602783,0.21034762263298035,0.26388454,0.9858873067820383,2.1719110012054443,0.19468991458415985,0.3860782,1.0172701673985471,2.1435587406158447,0.20344944298267365,0.40629163,0.9355256365022317,2.3466391563415527,0.21732042729854584,0.43243897,0.918131703978116,2.082716941833496,0.231660857796669,0.30653533,0.9529661938847462,1.796383023262024,0.30177828669548035,0.42991033,0.8731676350381198,2.435666084289551,0.586235523223877,0.4485998,0.4814375050264205,1.962698221206665,0.23591803014278412,0.2347741,0.4061048959481175,2.1803855895996094,0.1396721452474594,0.23830158,0.6622348373908418,3.248994827270508
0,0.03187006711959839,0.23413098,0.7518677817041866,2.8758604526519775,0.015532627701759338,0.13343021,0.5601601412750126,2.022895097732544,0.00032060861121863127,0.122012824,0.3223706043919555,0.9546741843223572,0.12185120582580566,0.33312222,0.9673751206015994,1.7564637660980225,0.16529463231563568,0.2335011,0.9514014215260697,1.8342382907867432,0.10878196358680725,0.36338383,0.9403928524388913,1.8022493124008179,0.2360662966966629,0.259812,0.9643107573820919,1.7424198389053345,0.10765788704156876,0.2512477,0.9489293137138636,1.4899749755859375,0.30252760648727417,0.18263772,0.9685742300653674,1.2943167686462402,0.08135343343019485,0.44424382,0.9925464082319381,2.0975003242492676,0.1626776158809662,0.2782438,0.9794064905789704,1.9150660037994385,0.10048826038837433,0.49736223,1.0024393265807696,2.2909297943115234,0.21076537668704987,0.23111981,0.9732724387723323,2.0030343532562256,0.0982900932431221,0.3289661,0.9840656211314043,2.255878210067749,0.18835122883319855,0.23883897,0.9743910104369355,2.4079980850219727,0.17474530637264252,0.29757297,0.980117867805185,2.140096426010132,0.10962315648794174,0.4126571,1.0069598629386562,2.4028284549713135,0.14554069936275482,0.41691527,0.9396382905707984,2.166635036468506,0.15078680217266083,0.4521309,0.9254954003567241,1.993004560470581,0.19250495731830597,0.31511426,0.9542292354492834,1.7426326274871826,0.19570979475975037,0.4447011,0.8908871260543351,2.5730676651000977,0.5233325958251953,0.48659256,0.49591018420401833,2.1166956424713135,0.21821917593479156,0.21119523,0.4130368571251043,2.2447144985198975,0.1466788351535797,0.21311067,0.650784392435841,3.1496758460998535
0,0.044249460101127625,0.25035217,0.7322460233739031,3.028818130493164,0.013479030691087246,0.17519452,0.5397459524763211,2.2377712726593018,0.0004048784321639687,0.15571274,0.317471956820299,1.302302360534668,0.1145719587802887,0.35107788,0.9672949151094473,1.7702603340148926,0.18900488317012787,0.26507735,0.9504992507097954,2.067826271057129,0.1175374910235405,0.3458197,0.9503931565215806,1.765331745147705,0.2146548628807068,0.275415,0.9572422796238979,1.9844491481781006,0.13651473820209503,0.26874876,0.9534838500492546,2.112947463989258,0.2760508358478546,0.16724923,0.9585337623559725,1.7862188816070557,0.0781860202550888,0.36513242,0.987403030420626,1.7817282676696777,0.17388223111629486,0.28952587,0.9763152123227895,1.3775157928466797,0.08079810440540314,0.39525548,1.0022115453354683,2.2777976989746094,0.18736140429973602,0.22432543,0.9675292017606492,2.248539686203003,0.09075764566659927,0.26115212,0.9812340235315884,2.4479024410247803,0.13054822385311127,0.23855093,0.9689277491847964,2.211738348007202,0.1580241322517395,0.2311984,0.9751719076956139,1.9136300086975098,0.1462552398443222,0.39398077,1.0045261058619674,2.33052659034729,0.10377196967601776,0.4638469,0.9592324762241029,1.8872848749160767,0.10406606644392014,0.4612554,0.9544612817875909,1.8395922183990479,0.1349680870771408,0.3105206,0.9673436443294422,1.9090732336044312,0.20044605433940887,0.44870046,0.9199026996827095,2.6288020610809326,0.5335025787353516,0.4973574,0.46855849855346077,2.1067447662353516,0.23933285474777222,0.19325045,0.3837702915006999,2.3511860370635986,0.13173869252204895,0.1649457,0.6489722009713552,3.2905733585357666
0,0.029523082077503204,0.2690694,0.7388262011654487,3.0438027381896973,0.01770276576280594,0.15108359,0.5528328872821932,2.2268362045288086,0.0005577064584940672,0.13788596,0.3143528242790354,1.2856202125549316,0.11473803222179413,0.35250214,0.966312434612331,1.6055574417114258,0.1897941380739212,0.2798032,0.9514768346479622,1.8503742218017578,0.10894076526165009,0.39879468,0.9508296433607338,1.676379919052124,0.21940204501152039,0.32953593,0.9597117550736629,1.947782278060913,0.1161762997508049,0.28045875,0.9558297130233906,1.759591817855835,0.2889006733894348,0.2003898,0.9637341706587866,1.6610506772994995,0.061686836183071136,0.481341,0.9852271977479891,2.2319414615631104,0.17146754264831543,0.32252812,0.9743219289948719,1.5629714727401733,0.08050636202096939,0.53155833,0.9984865102526889,2.03592848777771,0.16684669256210327,0.26323238,0.9711543087406779,2.156623363494873,0.09286772459745407,0.41666648,0.9840899763868142,2.407022714614868,0.16882476210594177,0.2969541,0.9696079568006818,2.089512348175049,0.15971076488494873,0.33281595,0.9769267104416534,2.0530006885528564,0.06365957856178284,0.39938852,1.007227427172108,2.018671751022339,0.1197008490562439,0.46256343,0.948433167508607,2.044480085372925,0.10633464902639389,0.4467527,0.9395133360708294,1.8251875638961792,0.13744868338108063,0.342474,0.961306788708703,1.9553289413452148,0.19520217180252075,0.52095336,0.9118102928359514,2.3714957237243652,0.5416616797447205,0.47795215,0.4839992753087853,2.0790514945983887,0.2278384119272232,0.17928824,0.38725482302471,2.343705654144287,0.14210833609104156,0.15423211,0.670175165188789,3.392571210861206
0,0.03077450767159462,0.25941318,0.7609501144845786,2.885136365890503,0.025277895852923393,0.20984563,0.5992887046351427,2.1109530925750732,0.0016062733484432101,0.15273933,0.32333262436732324,1.1139637231826782,0.12585186958312988,0.38117245,0.9684222492421198,1.3403213024139404,0.22531458735466003,0.30736825,0.949867743960026,1.7265666723251343,0.1250457912683487,0.42872167,0.9450904392764858,1.5096843242645264,0.2742667496204376,0.3100019,0.950162847547979,1.6237151622772217,0.13625988364219666,0.3584853,0.9394431884454353,1.4543724060058594,0.31212982535362244,0.18338664,0.9633382353032639,1.6448700428009033,0.08913768827915192,0.4807658,0.9931506045916856,1.8322218656539917,0.19203773140907288,0.3176636,0.9766399846504015,1.8470277786254883,0.12877747416496277,0.56845057,0.9954593493737437,2.0578794479370117,0.23161014914512634,0.24497233,0.973783595698453,1.8958935737609863,0.13196195662021637,0.36329266,0.9939262203893604,1.9985792636871338,0.21827194094657898,0.30634385,0.9779834159160542,1.8534924983978271,0.2527386248111725,0.32141286,0.9675172625718795,1.8879988193511963,0.083257757127285,0.4088398,1.0075113048055344,2.072629451751709,0.23846162855625153,0.49254587,0.9267056499262308,1.7049129009246826,0.24757985770702362,0.41819376,0.895469852064159,1.653337001800537,0.28779512643814087,0.30011338,0.8860432730358355,1.6526525020599365,0.3024311661720276,0.51159436,0.8254965896381709,2.3798606395721436,0.6603705286979675,0.46448383,0.4333401006659506,1.6717830896377563,0.248199924826622,0.1514182,0.29433957076002226,1.8811709880828857,0.22154659032821655,0.12063146,0.48113088790699265,2.4974782466888428
0,0.04174433648586273,0.23893428,0.7435335708947242,3.2100670337677,0.022718213498592377,0.1520239,0.5676077997470274,2.420994281768799,0.0006338065722957253,0.1572527,0.32221212838119,1.4345039129257202,0.11076755076646805,0.36072722,0.9658048781671172,1.9848166704177856,0.19086915254592896,0.2665768,0.9479590329724705,2.1100945472717285,0.09590449929237366,0.39777473,0.9478665880244084,1.6757171154022217,0.20605993270874023,0.3183941,0.9550738829742611,1.843876838684082,0.10995790362358093,0.26986375,0.9523762004604455,1.7043339014053345,0.2945507764816284,0.19179623,0.9608935486842514,1.2691943645477295,0.05564672872424126,0.49922666,0.984359377097723,2.002047300338745,0.16918019950389862,0.29039314,0.9728267648231074,1.733290195465088,0.06136028468608856,0.5660533,0.9982109215363758,2.3782660961151123,0.17179527878761292,0.2636378,0.9677410092711253,1.918872594833374,0.0823817178606987,0.40856013,0.9804214478108887,2.355745315551758,0.14377939701080322,0.2522782,0.9684433629807314,2.201716661453247,0.14969763159751892,0.34571502,0.975685720000186,2.0827476978302,0.042986877262592316,0.40302566,1.000891137328407,1.9581363201141357,0.10565417259931564,0.45907456,0.9438835584784819,1.7402111291885376,0.1129310354590416,0.48628384,0.9334312085701398,1.986741542816162,0.14036661386489868,0.3433103,0.9544341298743874,1.931131362915039,0.17179706692695618,0.501196,0.909736457714573,2.5534138679504395,0.5493834614753723,0.49322686,0.5025783818553272,2.1928610801696777,0.26652878522872925,0.18004516,0.4024387333789284,2.389585256576538,0.16481275856494904,0.15003315,0.6606747493155077,3.2977190017700195
1,0.03831644356250763,0.26595062,0.7519158936400262,2.678842782974243,0.010184342972934246,0.19390368,0.5859695492823539,1.8734164237976074,0.0002530031488277018,0.123995915,0.3177985783117477,1.315901279449463,0.13499733805656433,0.3873186,0.9663132328848614,1.5491783618927002,0.20260807871818542,0.33638954,0.9518414173368488,1.5816519260406494,0.11736126244068146,0.47983932,0.9414828349107885,1.3443864583969116,0.2690814733505249,0.36663046,0.9579544033293721,1.8887457847595215,0.12511597573757172,0.33350688,0.9339128363988654,1.738255500793457,0.3012700378894806,0.19919538,0.9685298431261903,1.1980146169662476,0.10199218988418579,0.43158516,0.9956158818186676,1.7860420942306519,0.2152879387140274,0.37676892,0.9871959644640136,1.9471001625061035,0.12235256284475327,0.49880964,1.002812537076478,1.8458654880523682,0.23393654823303223,0.25812864,0.9867537893598675,1.9380261898040771,0.1606380194425583,0.32332048,0.9924259634757402,2.1474552154541016,0.23494352400302887,0.28064218,0.9855131418624625,2.029590129852295,0.26894640922546387,0.29297724,0.9844876407188424,1.8637495040893555,0.2096201777458191,0.41828573,1.040965141598264,2.22438645362854,0.243593230843544,0.48419037,0.9562679081332479,1.9571962356567383,0.2726789116859436,0.4313375,0.919486542533907,1.7085177898406982,0.30292490124702454,0.30511722,0.9013213029760085,1.6359634399414062,0.3238348662853241,0.4932474,0.8316016102932966,2.249265193939209,0.6142076849937439,0.49120718,0.38771963452340286,1.6347419023513794,0.20671601593494415,0.20170286,0.2922789939730036,1.9597644805908203,0.14427074790000916,0.18211374,0.49120165261734106,2.710860252380371
0,0.04499487206339836,0.22078893,0.7397199428101788,3.2009241580963135,0.0262043084949255,0.16450153,0.5570279597900605,2.4707562923431396,0.00046403089072555304,0.15054433,0.3170058276164807,1.592897653579712,0.09927874803543091,0.36185738,0.9647909558634947,1.9043631553649902,0.21990427374839783,0.27711335,0.9467227743445007,1.8628575801849365,0.10398466885089874,0.40011072,0.9503496791137798,1.7126123905181885,0.20400413870811462,0.33188218,0.9526735575526952,1.824220895767212,0.11025382578372955,0.27212465,0.9539514441343196,2.1190896034240723,0.28391358256340027,0.1919775,0.9569240435435364,1.6141936779022217,0.052951425313949585,0.5079743,0.9815865757147287,1.5076000690460205,0.17150728404521942,0.29100853,0.9683824597948506,1.6469049453735352,0.09801442921161652,0.55711204,0.9933394196384133,2.367763042449951,0.15765607357025146,0.27653876,0.9667674588308975,1.9465199708938599,0.07417559623718262,0.40888172,0.984255943979697,2.4539895057678223,0.17044304311275482,0.27155817,0.9656281763244634,2.56704044342041,0.1722995638847351,0.33737075,0.9740461042907178,2.3179450035095215,0.048097725957632065,0.3913709,1.0086557968419962,1.74016535282135,0.08785839378833771,0.47317967,0.9588388419936938,2.0782768726348877,0.07716265320777893,0.4402055,0.9499308138651269,1.8607335090637207,0.13279251754283905,0.3484174,0.9702359574151417,1.904057502746582,0.14653503894805908,0.5087925,0.9270740663615248,2.410177707672119,0.48140373826026917,0.4817346,0.4934559244210454,2.394564390182495,0.23041220009326935,0.16780898,0.4146125427182862,2.4345550537109375,0.13576188683509827,0.13975087,0.6895571490003632,3.4861690998077393
0,0.030539602041244507,0.27068865,0.7344734806528302,2.911120891571045,0.01732252724468708,0.16932945,0.5501921198984399,2.169857978820801,0.0005162020097486675,0.13331571,0.3192332650888146,1.2295578718185425,0.0927366316318512,0.35323536,0.9680724940463373,1.8792165517807007,0.18453338742256165,0.2698208,0.9521098530042054,1.9482132196426392,0.1129717081785202,0.380081,0.9491447954136321,1.695946455001831,0.2181876301765442,0.28483546,0.9607076055331489,1.8282817602157593,0.11703550070524216,0.2729819,0.954704297289431,1.6888078451156616,0.2900148928165436,0.18199974,0.9636575663211301,1.6057851314544678,0.0797201469540596,0.45558822,0.9886213873760401,2.042970895767212,0.16231748461723328,0.2980015,0.9780821460258468,1.851820945739746,0.09074164181947708,0.4906522,1.0023377724251445,2.191908121109009,0.17939674854278564,0.24142337,0.9730217718951821,2.091719627380371,0.08621570467948914,0.3209174,0.9842784656921713,2.041308641433716,0.17405061423778534,0.23406117,0.9720262306419191,2.1950085163116455,0.17092926800251007,0.2846597,0.9778950641631659,2.137097120285034,0.08891110867261887,0.41193902,1.0044583418423738,2.371218204498291,0.12174837291240692,0.44127917,0.9537626263959859,2.251680612564087,0.10938296467065811,0.4541893,0.9428515937606069,1.9679710865020752,0.15157867968082428,0.32508254,0.9665361214121628,1.837559461593628,0.17901605367660522,0.51420724,0.9156213382465035,2.6414949893951416,0.5326794385910034,0.4786772,0.4838917737176755,2.209073066711426,0.21109212934970856,0.1852588,0.4043398434402937,2.3104918003082275,0.142686665058136,0.1757061,0.66459166396156,3.381650924682617
0,0.04590344801545143,0.24182531,0.7318323314538153,3.209865093231201,0.031374573707580566,0.15760614,0.5443887686195402,2.4334607124328613,0.0005216052522882819,0.13330941,0.31133334189839584,1.4479302167892456,0.10174529999494553,0.35760725,0.9637685055943963,1.8833227157592773,0.1825457066297531,0.28236002,0.9454410316815538,2.140346050262451,0.11132164299488068,0.41386694,0.948213961342886,2.069993257522583,0.17844654619693756,0.34934357,0.9521721838793169,2.212482213973999,0.11976811289787292,0.28338704,0.952240827695631,1.7875282764434814,0.2938727140426636,0.19045977,0.9540542523173292,1.5212092399597168,0.055404964834451675,0.5064964,0.9815845590648582,2.1366350650787354,0.16902533173561096,0.31633893,0.9680740252768358,1.575239658355713,0.09071588516235352,0.55019826,0.994899434100886,2.243243932723999,0.15035037696361542,0.25633207,0.9655471637171983,2.256131410598755,0.06888946145772934,0.41664374,0.9821543395653239,2.413182497024536,0.11436499655246735,0.28426147,0.965183855494497,2.3785557746887207,0.12786996364593506,0.3367203,0.971237532199178,2.3929481506347656,0.039195772260427475,0.41146004,0.9948023366371501,2.3675577640533447,0.09797097742557526,0.4776811,0.9523524236836701,2.357872247695923,0.08264175802469254,0.5115225,0.9468893200019596,2.3050899505615234,0.11998522281646729,0.36302865,0.9671487603923702,1.9882099628448486,0.15725629031658173,0.50931466,0.928530346135816,2.570352554321289,0.49062931537628174,0.49876148,0.498294500863902,2.3669939041137695,0.2021288275718689,0.17805587,0.4027179399374658,2.374438524246216,0.1208970695734024,0.13976096,0.6931285655172901,3.499878168106079
1,0.025989077985286713,0.2311176,0.7307748519188436,2.1612274646759033,0.005397853907197714,0.108403794,0.5365845225372478,1.4555435180664062,0.0001269957865588367,0.08455038,0.31857732562210805,1.1253117322921753,0.16184885799884796,0.30255038,0.9657106076106191,1.520567536354065,0.21934206783771515,0.21943077,0.9516208205200057,1.693678855895996,0.13972094655036926,0.3369628,0.9188223008873627,1.5586439371109009,0.2585316300392151,0.23395883,0.9682452046634701,1.3710229396820068,0.17131447792053223,0.2275926,0.9386293892533868,1.4913443326950073,0.307419091463089,0.15470074,0.9764531851260844,1.6722588539123535,0.1522396206855774,0.39098403,1.0198765520571964,2.1275570392608643,0.23078478872776031,0.25536987,0.9957840965610838,1.8154247999191284,0.17376591265201569,0.43755645,1.049752059641432,2.1769495010375977,0.2538769245147705,0.19602202,0.9974705495531033,1.99867844581604,0.1768999844789505,0.27185565,1.0074739706197378,1.9397903680801392,0.24351975321769714,0.19778985,0.9907317107981597,2.1073825359344482,0.2687780559062958,0.21008842,0.9933739767319312,1.8135679960250854,0.25390344858169556,0.3758561,1.0306376994847122,2.506666421890259,0.2770962119102478,0.40959552,0.9266369388532403,2.3853468894958496,0.3027428388595581,0.417985,0.9147909203213115,2.0718398094177246,0.3020746111869812,0.2911788,0.9438604396927082,1.8713988065719604,0.3912111520767212,0.41131768,0.8455052049807188,2.28904390335083,0.6464172601699829,0.4526238,0.44695636259793053,1.7184340953826904,0.25404760241508484,0.28204694,0.3817412032744162,2.0382845401763916,0.17448244988918304,0.253165,0.6572325502478901,3.259586811065674
0,0.03065204620361328,0.25886393,0.7324450372387568,2.8301901817321777,0.02090289257466793,0.13664995,0.5390194476976066,2.090791702270508,0.00035687716444954276,0.13546427,0.3133297416650732,1.085350513458252,0.10742484033107758,0.33537096,0.9666137955046616,2.0868523120880127,0.18333594501018524,0.26370323,0.9532459317309858,2.005474090576172,0.10569241642951965,0.36721575,0.9495065816419195,1.797160029411316,0.23582874238491058,0.29097542,0.9625366755921336,1.7450313568115234,0.11210668832063675,0.26591852,0.9569466493342401,2.0081260204315186,0.3065369725227356,0.18708831,0.9670140430044614,1.3781806230545044,0.08053708076477051,0.44959933,0.989685657003867,2.0450563430786133,0.17462389171123505,0.30889776,0.9767889991341672,1.6145150661468506,0.08760057389736176,0.54696226,1.004285101839104,2.0112380981445312,0.1994292289018631,0.23441926,0.9749841547599599,2.2577388286590576,0.09759373962879181,0.3593056,0.9846982696203809,2.140878200531006,0.1710301786661148,0.25925934,0.9719835853216688,2.187005043029785,0.17329822480678558,0.3006911,0.9806815893377652,1.9225537776947021,0.08332416415214539,0.40702003,1.0094661469124306,2.3047285079956055,0.13835746049880981,0.44290328,0.9513336846942823,1.967993974685669,0.12797018885612488,0.4325942,0.9390839897851629,2.126920461654663,0.16610358655452728,0.29949415,0.9631322341043858,1.7570648193359375,0.21412520110607147,0.44847763,0.9110005666763665,2.4303369522094727,0.5692970156669617,0.4930307,0.486157845036034,2.0356862545013428,0.23184852302074432,0.19702514,0.3881581263367273,2.401257038116455,0.13543835282325745,0.17434002,0.6415716362848177,3.2125463485717773
0,0.029709454625844955,0.2740196,0.7371786349500977,2.54671049118042,0.008325041271746159,0.14113103,0.5409065037479238,1.7257540225982666,0.00015535307466052473,0.11375754,0.3153268063919639,1.280390739440918,0.12445657700300217,0.33734006,0.9688826945165561,2.052299976348877,0.2070847451686859,0.26370892,0.9547884124277958,1.7244535684585571,0.11724060773849487,0.40206072,0.9427413645200805,1.5927996635437012,0.2634676396846771,0.30312276,0.9695629148150398,1.7563010454177856,0.1396174281835556,0.25047928,0.9522306456481673,1.698346734046936,0.30973994731903076,0.19614655,0.9749349087395583,1.5442473888397217,0.11034384369850159,0.44588292,1.0032827165535234,2.1015312671661377,0.1892339438199997,0.29850283,0.9881037753790919,1.9365264177322388,0.12833771109580994,0.48968986,1.0279846217201205,2.110137939453125,0.2351357489824295,0.24466445,0.9870893369712597,2.26957631111145,0.12277781963348389,0.35121295,0.9947336142051904,2.4243428707122803,0.21994565427303314,0.23742597,0.9832975752050824,2.2034106254577637,0.21352452039718628,0.27586067,0.9933448146834449,2.061962127685547,0.15555521845817566,0.38044667,1.0237751730983882,2.4649693965911865,0.2160172462463379,0.4680063,0.9400491880460538,2.1862130165100098,0.19163508713245392,0.43066603,0.9299149246849225,2.240405797958374,0.2237052321434021,0.30914584,0.9552468392565552,1.8041540384292603,0.3188258409500122,0.47475886,0.8812937810050027,2.3509435653686523,0.6234025955200195,0.4415859,0.4749254604390359,1.7833482027053833,0.2452125996351242,0.21809742,0.3833602240947282,2.2007641792297363,0.17504629492759705,0.21565801,0.6685651257683048,3.2603201866149902
1,0.044773802161216736,0.25391245,0.772369735361234,3.1940066814422607,0.024013835936784744,0.17733184,0.6064339582621187,2.3444788455963135,0.0005271023837849498,0.14692307,0.32146500379257303,1.2159614562988281,0.11014983803033829,0.37531647,0.9654163938107815,1.5744867324829102,0.19291335344314575,0.30549496,0.9490162526016307,1.397449016571045,0.1272401511669159,0.41527185,0.9470141243740586,1.6254525184631348,0.25019657611846924,0.3500521,0.9584261026148473,1.79410719871521,0.11139927059412003,0.28524426,0.9479484019952169,1.3937140703201294,0.2885473072528839,0.19321242,0.9664627905963069,1.6006951332092285,0.08162425458431244,0.36991605,0.991847025465753,1.6359424591064453,0.16168498992919922,0.34610128,0.9842554488538334,1.7214815616607666,0.09619231522083282,0.48659506,1.0036179271812302,1.7980742454528809,0.18211974203586578,0.22339144,0.978846556831118,1.87212073802948,0.10126753896474838,0.24630062,0.9908878690190722,2.023569345474243,0.2066163420677185,0.2542085,0.9795649286479464,1.962024450302124,0.1993846744298935,0.27951387,0.9717591654408342,1.7918307781219482,0.12005901336669922,0.38664192,0.9970308410172868,2.1696510314941406,0.18133391439914703,0.44401893,0.9337157962947253,1.9388372898101807,0.18248754739761353,0.40185803,0.9070428951545276,1.863038182258606,0.21325641870498657,0.2860443,0.9074909641803294,1.9736098051071167,0.2550649642944336,0.43306872,0.8514090064338674,2.147662878036499,0.5330057740211487,0.47256267,0.43128944029986604,1.904820442199707,0.18763189017772675,0.17770848,0.3506130346634044,2.137810707092285,0.14627940952777863,0.13240069,0.5482114554198589,2.916825771331787
1,0.02081811986863613,0.23106617,0.7316095726854484,2.3636763095855713,0.008440258912742138,0.10465726,0.5284015435336232,1.6617504358291626,0.00023019932268653065,0.085512355,0.3126643344127547,1.335553526878357,0.1418323516845703,0.3097144,0.9660903261396854,1.6956830024719238,0.1882895529270172,0.23285125,0.952493134715057,1.7538814544677734,0.11663094162940979,0.3603329,0.9356041474142888,1.773293375968933,0.2710391879081726,0.26171732,0.9658504644737335,1.5758554935455322,0.14013458788394928,0.24261326,0.9403419198313332,1.7185261249542236,0.27075302600860596,0.17226435,0.9714816125400103,1.544694423675537,0.11564302444458008,0.40392306,1.0068226932553208,1.989701747894287,0.19969914853572845,0.26196462,0.9902294921754496,1.9353656768798828,0.12868370115756989,0.4591408,1.0238618527234828,1.9924062490463257,0.2315749228000641,0.22807172,0.9875923038864037,2.1800944805145264,0.12506632506847382,0.2597609,0.9936931681996943,2.530210256576538,0.23703591525554657,0.21453983,0.9837141074553445,2.192121982574463,0.24495215713977814,0.25939387,0.994859167935765,1.9907773733139038,0.1603546440601349,0.346491,1.0462475769925115,2.008992910385132,0.24625973403453827,0.41913155,0.9626820302523226,2.237429141998291,0.20705987513065338,0.47486547,0.9485915569329626,2.1954922676086426,0.23397943377494812,0.3068741,0.9708847733988932,1.8937115669250488,0.31537628173828125,0.42938644,0.8765121584210044,2.335707187652588,0.573668897151947,0.45410565,0.44538603616743255,1.9264706373214722,0.24016883969306946,0.22869779,0.38536165175440285,2.151536703109741,0.14437590539455414,0.22840652,0.6665084426037083,3.287365198135376
0,0.04403795301914215,0.2722554,0.7355178737277053,3.073209762573242,0.018718602135777473,0.15154648,0.5513498560518785,2.266864061355591,0.00033605610951781273,0.14339848,0.3146454556839333,1.3572051525115967,0.09855566918849945,0.35162038,0.9670600055734307,2.0175023078918457,0.1890832483768463,0.26570192,0.9504071415821602,1.8887163400650024,0.11635028570890427,0.37876862,0.9497587246146091,1.52699875831604,0.234190434217453,0.30555913,0.9588947927803081,1.8170266151428223,0.1062469482421875,0.27376875,0.9568882157062542,1.9039947986602783,0.2922000288963318,0.19609073,0.9642279083450146,1.6688872575759888,0.07062095403671265,0.46769372,0.9867621200742609,2.150172710418701,0.16034820675849915,0.31110424,0.975277134758806,1.7908774614334106,0.07314451038837433,0.5347239,1.00127176263116,2.2767903804779053,0.16211830079555511,0.2551726,0.9730102851961708,2.0878732204437256,0.0912698432803154,0.4048059,0.9828593311473939,2.1422674655914307,0.1629086434841156,0.2812808,0.9716903432497906,2.2141475677490234,0.15236014127731323,0.30357572,0.9767205201600566,2.222825050354004,0.05270567536354065,0.40309748,1.0081486171647596,1.9609646797180176,0.11981210857629776,0.47236142,0.9535399896060619,1.9172382354736328,0.10920793563127518,0.48200345,0.947280707073229,1.8411281108856201,0.14355196058750153,0.35289824,0.9695072600669113,1.8038803339004517,0.19555306434631348,0.49387872,0.9127207592420632,2.272099733352661,0.5349953770637512,0.4795167,0.48740703743898284,2.181328296661377,0.2185664027929306,0.17970218,0.38976456190586123,2.266601085662842,0.1379997283220291,0.1587455,0.6713415648270167,3.4211671352386475
0,0.0411914698779583,0.24947906,0.7360333198358452,3.105698823928833,0.016361145302653313,0.17022008,0.5496620095753952,2.2671468257904053,0.0006526387296617031,0.14676161,0.31444992850197817,1.542842149734497,0.10168943554162979,0.36276042,0.965934351775793,1.8729041814804077,0.16989053785800934,0.2907458,0.950698072066073,2.220828056335449,0.10732525587081909,0.40303555,0.9510261175348362,1.7683802843093872,0.21237251162528992,0.33137533,0.95900275956542,1.9268989562988281,0.09905187040567398,0.2843687,0.955906671908914,1.937065839767456,0.3039242625236511,0.21349855,0.9629566065028587,1.561711311340332,0.06556655466556549,0.47985008,0.9840972950881489,1.913334608078003,0.1632719188928604,0.3321615,0.9735457326834349,1.7197253704071045,0.07494064420461655,0.5288204,0.997572902197217,2.318692922592163,0.17784175276756287,0.27856025,0.9699258464771887,2.151183605194092,0.08701153844594955,0.4011799,0.98213043486057,2.2367489337921143,0.16499556601047516,0.301181,0.9687980194207233,2.150404691696167,0.14876186847686768,0.34280524,0.976427271264604,2.1454949378967285,0.05863256752490997,0.39597064,1.004262510061645,2.246096134185791,0.11979591101408005,0.47270468,0.9497918003104965,2.021503210067749,0.09599112719297409,0.49278152,0.9429312158657094,1.9648339748382568,0.14125925302505493,0.35401863,0.965238754001432,1.9899672269821167,0.17489199340343475,0.5302135,0.915181536142809,2.4128036499023438,0.5318022966384888,0.48920918,0.4898301999066125,2.1347367763519287,0.21968330442905426,0.1747819,0.3927442101383879,2.376692295074463,0.15095321834087372,0.15878837,0.6741502526450303,3.413614511489868
0,0.047248851507902145,0.21457785,0.7413674712030591,3.2175047397613525,0.024474430829286575,0.17117602,0.5498612427133561,2.448291540145874,0.0005125976749695837,0.13381363,0.3157494729699235,1.4845362901687622,0.10396796464920044,0.38614222,0.9649481029388111,1.6949458122253418,0.17219655215740204,0.2966624,0.949635066129,1.9079492092132568,0.10426998883485794,0.40923092,0.9529995687196888,1.9594261646270752,0.19828933477401733,0.34685427,0.9557827778304082,2.087245464324951,0.10936295241117477,0.28875595,0.955298890717613,1.9804425239562988,0.27802544832229614,0.21252325,0.9597950751755189,1.5233455896377563,0.05083406716585159,0.51401407,0.9822275120170538,1.953745722770691,0.17724665999412537,0.32183418,0.9704217957356476,1.507392168045044,0.05925197899341583,0.56881154,0.9970455055102959,2.508488655090332,0.17275114357471466,0.2884482,0.9706714647129902,2.1900949478149414,0.06876805424690247,0.43107244,0.9841450354297544,2.5000882148742676,0.15330246090888977,0.29050583,0.9697066625630775,2.2578225135803223,0.16284872591495514,0.34219447,0.976610816254486,2.1694159507751465,0.04244884103536606,0.404299,1.0187223608469007,2.199357509613037,0.09727095067501068,0.48371178,0.9686708445088817,2.195013999938965,0.09653463214635849,0.5129302,0.9587137877096085,1.9948856830596924,0.1411639302968979,0.35655406,0.9747548242206051,1.9112021923065186,0.14434021711349487,0.55182105,0.9296413503325188,2.5926849842071533,0.5051031112670898,0.48751917,0.48317354131196616,2.215362310409546,0.218690887093544,0.18606234,0.39893742155051937,2.4194862842559814,0.12725962698459625,0.14390948,0.6808710918243894,3.4540607929229736
0,0.03408060222864151,0.26102212,0.751816784470021,2.8271124362945557,0.017528649419546127,0.15086648,0.5584224326835578,1.9527912139892578,0.00020599189156200737,0.12074292,0.31723361144775336,0.967045783996582,0.13778056204319,0.31916404,0.968690340624314,1.8837004899978638,0.19587893784046173,0.23847754,0.9551057627954985,1.972185492515564,0.12555637955665588,0.34696427,0.9457117599195229,1.5546833276748657,0.24998614192008972,0.27302763,0.9629862491680842,1.9566446542739868,0.14774097502231598,0.24140242,0.952229131048504,1.7008436918258667,0.31379103660583496,0.17635675,0.9696388878262576,1.5872464179992676,0.11607568711042404,0.42467695,1.0007424316840472,2.134066343307495,0.18163041770458221,0.30074555,0.9857127575757082,1.888444423675537,0.0910038948059082,0.49588886,1.0168595087185834,1.8794711828231812,0.22725504636764526,0.23410927,0.978987260561033,2.195807456970215,0.10860718786716461,0.34678993,0.9932592269603727,2.3387808799743652,0.18887794017791748,0.2907669,0.9788579479490989,2.244622230529785,0.1769438236951828,0.31878516,0.9881888897042636,2.1833858489990234,0.13615234196186066,0.4072454,1.0249377404173816,2.278630256652832,0.15839527547359467,0.4336502,0.9505294478475498,2.0695648193359375,0.16517825424671173,0.44928867,0.9420301485239094,1.9059791564941406,0.20176297426223755,0.320802,0.9636082615735424,1.9230200052261353,0.2885637879371643,0.4841966,0.8961938286158234,2.3799235820770264,0.5785373449325562,0.51550716,0.45876792613240175,1.9591240882873535,0.23060208559036255,0.21666425,0.386722826607811,2.1879541873931885,0.12618055939674377,0.20946181,0.6401711378353376,3.1223464012145996
1,0.04993134364485741,0.23193349,0.7596341350969007,3.216655969619751,0.030335256829857826,0.16367471,0.5879674162890169,2.4772138595581055,0.0005750406999140978,0.14711264,0.3126499055063167,1.1132066249847412,0.1107623353600502,0.4022259,0.9651388910221018,1.535902976989746,0.17672951519489288,0.327655,0.9490695342103896,1.6883724927902222,0.09222026914358139,0.443123,0.9492302290327774,1.698254108428955,0.21772880852222443,0.34177312,0.9520564399853302,1.8233370780944824,0.0960695743560791,0.34811682,0.9524493809840279,1.621214509010315,0.2862492799758911,0.22276017,0.9597652160365072,1.4360697269439697,0.06237349286675453,0.52765447,0.9809901284971397,1.8603625297546387,0.16818109154701233,0.3239977,0.9700747907583697,1.8239660263061523,0.0687934011220932,0.5327436,0.9881795305414265,2.0148491859436035,0.174727201461792,0.30726215,0.9723039305325524,1.9358668327331543,0.08305148780345917,0.3870951,0.9858318224038003,2.111877679824829,0.16269584000110626,0.2928592,0.9689248200220228,2.036876916885376,0.19012945890426636,0.31714135,0.9650010916692469,1.9746370315551758,0.04277284815907478,0.41990602,0.9946787464089178,1.9111279249191284,0.1472693532705307,0.48815757,0.9335804539710632,1.9892473220825195,0.15422597527503967,0.46181554,0.9152136953499121,1.8535585403442383,0.19554583728313446,0.32775953,0.9141363540132311,1.656667947769165,0.21250642836093903,0.46795055,0.8685246878121887,2.3574233055114746,0.6183768510818481,0.48356107,0.4227179468778158,1.7149310111999512,0.20561087131500244,0.16121703,0.29888323277199585,2.089524507522583,0.1844329833984375,0.1263727,0.545630257226508,2.982815980911255
0,0.037773825228214264,0.26817596,0.734564476111634,3.107567071914673,0.021521301940083504,0.16518685,0.5570978460499588,2.279435634613037,0.000256698636803776,0.13663161,0.31475532463728123,1.1039468050003052,0.11674399673938751,0.3570578,0.9661157350858623,1.6883163452148438,0.19298195838928223,0.28220725,0.9499018624850646,1.8039441108703613,0.1002172976732254,0.37794834,0.9493556570643257,1.869608998298645,0.2087523192167282,0.30794087,0.9598376068717862,1.9772119522094727,0.14071552455425262,0.2744839,0.9536870869678492,1.8832895755767822,0.28676971793174744,0.18720122,0.9613507772462853,1.5579006671905518,0.07549732178449631,0.45732617,0.9846113668383628,1.9903564453125,0.16517983376979828,0.3091888,0.9740618664801698,1.861612319946289,0.08575134724378586,0.49148858,0.9969252888841109,1.9909329414367676,0.1698584109544754,0.25817996,0.9701158672230157,2.1946768760681152,0.10373210906982422,0.37673512,0.9821295436287073,2.4419758319854736,0.15452158451080322,0.28154987,0.9701671103556121,2.0914156436920166,0.16927023231983185,0.2971112,0.9746418417315922,2.130915641784668,0.08247600495815277,0.3946218,0.9990402627375625,2.143956422805786,0.1147843524813652,0.4742106,0.9482735757344195,2.073979139328003,0.10870812833309174,0.4609649,0.9400048454536891,1.9766206741333008,0.14268441498279572,0.3206505,0.9624669870628112,1.9183213710784912,0.1856614649295807,0.5119686,0.9113208382083978,2.5701820850372314,0.5371866226196289,0.4631648,0.49025482883663085,2.1346640586853027,0.2316403090953827,0.18801543,0.3990794267209332,2.3431124687194824,0.1433907300233841,0.16706808,0.6748838073633752,3.389730453491211
0,0.04363644868135452,0.26026997,0.7337203306639191,2.9516329765319824,0.01427927054464817,0.16688284,0.5420850933259372,2.0697813034057617,0.0003838534466922283,0.1406115,0.32128370942212525,1.0673819780349731,0.11239925026893616,0.36133233,0.9670535562344056,1.7479572296142578,0.19479495286941528,0.27032351,0.9508741140855518,1.8760435581207275,0.1197536438703537,0.38142216,0.9460024484326127,1.5617812871932983,0.2309243530035019,0.3154661,0.9599314982422408,1.9470362663269043,0.12923097610473633,0.26589778,0.9524802540735683,1.7132388353347778,0.3182307481765747,0.19188856,0.9631357580882587,1.5542950630187988,0.07331039011478424,0.44146517,0.986569950171852,1.9727048873901367,0.15713487565517426,0.31042495,0.9750915880997227,1.8592908382415771,0.08228325098752975,0.5076781,1.0036176196369624,2.0983047485351562,0.17272226512432098,0.24968933,0.973760900290301,2.261605978012085,0.10557812452316284,0.31341007,0.9851457646414017,2.343357563018799,0.17754918336868286,0.27903193,0.9740984008569165,2.222444534301758,0.18339352309703827,0.28341794,0.9758714017351815,2.16865873336792,0.09088077396154404,0.38653764,0.9992239709989665,2.4029314517974854,0.1337362825870514,0.44889098,0.9452649326848862,1.9491698741912842,0.12333480268716812,0.44040087,0.9342914416766609,2.0484988689422607,0.16608582437038422,0.31047252,0.9537644198982685,1.782805323600769,0.22066649794578552,0.4562219,0.89954581077315,2.522747755050659,0.558556318283081,0.5026404,0.46307362946229214,1.9675408601760864,0.23049893975257874,0.19076511,0.37240607823805144,2.3382997512817383,0.14022709429264069,0.1806942,0.644278996568415,3.2761640548706055
0,0.03181815147399902,0.2572518,0.7352592101168308,2.759871244430542,0.014064764603972435,0.137005,0.5348628746689291,1.9569114446640015,0.00030701287323608994,0.13315171,0.31164865150372223,1.117558479309082,0.1180330216884613,0.33587086,0.9694749764683902,1.896565318107605,0.20456261932849884,0.26390302,0.9541754693441304,1.9749200344085693,0.10915691405534744,0.3995179,0.9471639085456485,1.7559525966644287,0.23624034225940704,0.3003531,0.9640970046612634,1.6978063583374023,0.12464246898889542,0.24249691,0.9538328278208963,2.0170137882232666,0.3020409345626831,0.18955189,0.9709323032629933,1.5774929523468018,0.09966426342725754,0.44074357,0.9974009546080382,2.1197338104248047,0.1987757533788681,0.287822,0.981795597068857,1.9151012897491455,0.09745526313781738,0.49749312,1.0174769699596014,1.9562667608261108,0.20100347697734833,0.24644236,0.9828272109675038,2.1097607612609863,0.09875423461198807,0.3417784,0.9913146386239832,2.4103360176086426,0.17622272670269012,0.23162456,0.9767900831976711,2.0437538623809814,0.17945589125156403,0.2553566,0.9877804972858695,2.1030781269073486,0.11635144799947739,0.39451927,1.0187657150986509,1.970512866973877,0.14793968200683594,0.44906983,0.9511874221594532,1.8730158805847168,0.14583167433738708,0.45790505,0.9417347730501862,1.9074506759643555,0.1737579107284546,0.31507683,0.9654895199837574,1.6200846433639526,0.2640831768512726,0.46246377,0.901822706538361,2.4385154247283936,0.6158248782157898,0.4383284,0.4707667877375839,1.9001684188842773,0.25588491559028625,0.2095393,0.3822631329198225,2.263472080230713,0.15157267451286316,0.18975472,0.6669195278612114,3.347576856613159
1,0.04402262344956398,0.25325638,0.7717613048168758,3.1261324882507324,0.022670818492770195,0.15638717,0.6024624367623539,2.2638590335845947,0.001388629199936986,0.14201531,0.3256369746175998,1.1256494522094727,0.10742633789777756,0.39708573,0.9655979957750664,1.3571761846542358,0.16397912800312042,0.30932206,0.9491087739109291,1.540299892425537,0.08540599048137665,0.42829382,0.9423391170847644,1.4984831809997559,0.20530834794044495,0.32712418,0.9560368327119761,1.86845064163208,0.12465766817331314,0.34084046,0.9455289565352916,1.3142015933990479,0.279354065656662,0.18889938,0.9631143160934649,1.6818976402282715,0.06293786317110062,0.4969497,0.984149650238988,1.8679441213607788,0.17742158472537994,0.32113403,0.9733510511439881,1.7100167274475098,0.08643802255392075,0.51812,0.9896376124690663,2.007786273956299,0.1838626116514206,0.25397938,0.9743169552468032,1.7467575073242188,0.10493087768554688,0.36106157,0.989976241007006,2.1063284873962402,0.2083963006734848,0.25818813,0.9703817364806814,1.5951108932495117,0.23263654112815857,0.2795918,0.9701169235000978,1.8173999786376953,0.07422976195812225,0.43058512,1.0149932553247756,1.9930777549743652,0.15712985396385193,0.44804487,0.9352885967533527,1.8853623867034912,0.1564262956380844,0.40562624,0.9099801645284439,1.8928091526031494,0.1893664449453354,0.30164212,0.9113317638117582,1.6044543981552124,0.2391064316034317,0.472127,0.8604276897662648,2.3267204761505127,0.5279465913772583,0.49684933,0.43202133314640545,1.912225604057312,0.20780272781848907,0.17843163,0.33033484481650255,2.159712314605713,0.1900024563074112,0.1349253,0.5379900934539942,2.888911008834839
0,0.05587821826338768,0.24321958,0.7222620396112326,3.0053300857543945,0.01631370559334755,0.18093897,0.5337801935026147,2.195709228515625,0.00028916948940604925,0.1531655,0.3125673609086555,1.5581064224243164,0.10408008098602295,0.36418253,0.9652880068238027,1.9156041145324707,0.21413731575012207,0.2968014,0.948903197355126,2.067249059677124,0.09900274127721786,0.41978416,0.9512389815882516,1.964032530784607,0.19896797835826874,0.35597855,0.957881665918441,1.8599536418914795,0.11367591470479965,0.27734873,0.9550199947734694,1.9000811576843262,0.2899096608161926,0.21042486,0.9591475337790395,1.5324722528457642,0.06673409789800644,0.47252646,0.9824941177134012,2.1772494316101074,0.17819157242774963,0.33001834,0.970195428577866,1.8435096740722656,0.08130770176649094,0.5965545,1.0005890733695966,2.2139058113098145,0.15722382068634033,0.28503853,0.9690098053575484,2.3262593746185303,0.07254209369421005,0.39826167,0.9819121438956259,2.0511879920959473,0.13811272382736206,0.32494372,0.9691160566925372,2.46549129486084,0.16632342338562012,0.34770894,0.9767548328345265,2.1343188285827637,0.052401479333639145,0.37895423,1.0075097262970987,2.3887453079223633,0.09907542169094086,0.46889105,0.9612985372073648,2.0322322845458984,0.11358283460140228,0.49869245,0.9560126435367288,1.9489707946777344,0.12798599898815155,0.33756894,0.9754267850185302,1.8684155941009521,0.166717991232872,0.5223343,0.9304227196734159,2.4484610557556152,0.5391682982444763,0.4758368,0.48115786457740545,2.2444913387298584,0.24289846420288086,0.18026476,0.40159947030534043,2.387195110321045,0.14576858282089233,0.1629779,0.6862249461029364,3.4657413959503174
1,0.06303881853818893,0.25248095,0.7420009427541953,3.4827656745910645,0.03341200202703476,0.21029107,0.5611065009227512,2.763495922088623,0.0005500310217030346,0.15247695,0.3100466907387395,1.6563183069229126,0.09762995690107346,0.41063958,0.9572730697384857,1.9939608573913574,0.19630011916160583,0.35006803,0.9386177797686597,1.9453123807907104,0.11258246749639511,0.46295288,0.9480902702545124,1.9918155670166016,0.2012788951396942,0.39632112,0.9390659016363242,2.2119250297546387,0.09111069142818451,0.3668649,0.9517444212362135,1.9150729179382324,0.22841531038284302,0.25150743,0.9481952024427487,1.6855322122573853,0.05824093148112297,0.54527164,0.9710445435412322,1.79132080078125,0.14660851657390594,0.3826245,0.9576845743264065,1.8921775817871094,0.05434936285018921,0.6158656,0.9756566667593879,2.3468286991119385,0.13037987053394318,0.32183328,0.9539552512724082,2.043386459350586,0.08619460463523865,0.45449573,0.9685242156405136,1.9836153984069824,0.11703485995531082,0.29122806,0.9572659491682943,1.9370921850204468,0.12780992686748505,0.31836703,0.9598036665444929,2.170830726623535,0.028991078957915306,0.40488955,0.9986916058828499,1.8739324808120728,0.06801281869411469,0.5382758,0.9562059844713451,2.0963618755340576,0.07451164722442627,0.4553948,0.9460235339306461,1.5966615676879883,0.12454613298177719,0.3427646,0.9504418241838914,1.9752262830734253,0.10757230967283249,0.5336475,0.9212126736118849,2.173248291015625,0.4910379946231842,0.5230474,0.49109223532604857,2.357841968536377,0.23326775431632996,0.13332169,0.37973858207382194,2.487772226333618,0.16183440387248993,0.110351086,0.6580280983954274,3.4198734760284424
0,0.04953642562031746,0.22890048,0.7359373939320746,3.2526378631591797,0.030045397579669952,0.19124116,0.5414952117629553,2.497204542160034,0.00047621066914871335,0.14618877,0.3132395441040516,1.605543851852417,0.11087825149297714,0.37540147,0.9622672168803925,1.6716506481170654,0.19248367846012115,0.30596143,0.9444650262008727,2.1544928550720215,0.10046694427728653,0.42174095,0.9483399933606975,1.6409810781478882,0.18954043090343475,0.3768936,0.9497800131735794,2.190580368041992,0.1334378570318222,0.28965086,0.9502087784340832,1.9999934434890747,0.27903226017951965,0.20784844,0.9518503485482513,1.7795605659484863,0.06114068627357483,0.48942363,0.9767928331705931,2.044246196746826,0.15823432803153992,0.33287027,0.9649062797035998,1.6208418607711792,0.07513188570737839,0.5397016,0.9904252206068587,2.0014641284942627,0.1454687863588333,0.29063985,0.9630779201126397,2.21125864982605,0.06835276633501053,0.4219778,0.9803884582995172,2.5326192378997803,0.12021247297525406,0.32301077,0.964619692922656,2.441422462463379,0.1310422122478485,0.35102808,0.972503143833443,2.361368179321289,0.03298279270529747,0.40522856,1.0024605778799491,2.2275846004486084,0.07915785908699036,0.47278085,0.9626305226902913,2.1805546283721924,0.06804652512073517,0.5222702,0.9585644204763228,2.1237597465515137,0.11455049365758896,0.36496618,0.9750818780608191,2.149965763092041,0.1203494668006897,0.5315477,0.9347081108049508,2.515594482421875,0.481171190738678,0.4661705,0.507590934983969,2.4346351623535156,0.22305454313755035,0.16538796,0.4186405175093489,2.517740488052368,0.12572497129440308,0.1380783,0.7028478706254372,3.5680742263793945
0,0.05330117046833038,0.22849059,0.7270483953070991,3.234635591506958,0.0232428926974535,0.18026003,0.5395400132576696,2.4504647254943848,0.00048762434744276106,0.14405589,0.3121539243741238,1.7909058332443237,0.10623738169670105,0.36944497,0.9630690743905155,1.8000653982162476,0.19822339713573456,0.28401905,0.9452484050398258,2.0408079624176025,0.09634384512901306,0.4233147,0.9490866167756558,1.9609360694885254,0.1993468850851059,0.3490232,0.950522168599946,1.8402374982833862,0.10972096025943756,0.28780583,0.952627785524291,1.9826619625091553,0.2893497347831726,0.1998921,0.9540602908053861,1.6172571182250977,0.05828949436545372,0.5052596,0.9803939308244303,1.7811026573181152,0.1564406454563141,0.32796055,0.9679657940525801,1.8168323040008545,0.062276873737573624,0.55295277,0.9956351020920764,2.1201677322387695,0.1554437130689621,0.2661142,0.9639264797490221,2.3292455673217773,0.08550672233104706,0.42561507,0.982612775517741,2.3992397785186768,0.12985926866531372,0.28199467,0.9658540173970039,2.355973482131958,0.1265840083360672,0.3185296,0.9718194162268596,2.3482444286346436,0.04101235419511795,0.40364432,1.0026699845774156,1.7697924375534058,0.0900060161948204,0.4851196,0.9589351859812189,2.04076886177063,0.08206604421138763,0.42611927,0.9537320143339068,2.0609381198883057,0.12326295673847198,0.3407892,0.9655849767680283,2.0507853031158447,0.15874062478542328,0.5208307,0.9259715128779471,2.48850154876709,0.506087064743042,0.5238537,0.47959375159542394,2.2990882396698,0.2227795273065567,0.16971412,0.39289055922972277,2.5063233375549316,0.1448163390159607,0.14439711,0.687039242432043,3.4918906688690186
0,0.05038372427225113,0.2689592,0.7358930124469655,2.9933013916015625,0.01680084317922592,0.1458135,0.548405918489327,2.163682460784912,0.0002483532880432904,0.13729307,0.31559529503296113,1.2295103073120117,0.12411947548389435,0.33606303,0.9669286012393115,1.7137157917022705,0.20231902599334717,0.25318456,0.9498146671977651,1.792419195175171,0.10161019116640091,0.38920844,0.948633540362921,1.9273011684417725,0.229042649269104,0.31221917,0.9576218143560493,1.819873332977295,0.12226724624633789,0.26264662,0.953701935015568,1.5819036960601807,0.28929033875465393,0.20231599,0.9626418936506228,1.4664740562438965,0.06530126929283142,0.46892628,0.983991798008291,1.9684696197509766,0.16913369297981262,0.29411042,0.9734351856781381,1.5784642696380615,0.08269386738538742,0.568064,1.0003461707320918,2.506941795349121,0.15874673426151276,0.26166102,0.972769073400873,2.144111394882202,0.1027417853474617,0.37277314,0.9878289513908095,2.37925386428833,0.15184344351291656,0.26076016,0.9713596628375862,2.2357583045959473,0.17507781088352203,0.32387224,0.9801281333485735,2.1722562313079834,0.04518831521272659,0.38706017,1.0121510276457544,2.544668436050415,0.11468339711427689,0.4670505,0.9588686341211063,2.0201988220214844,0.10692062973976135,0.4596157,0.9487565306884219,1.9698295593261719,0.14492543041706085,0.35035205,0.9760620456313348,1.7194281816482544,0.19647908210754395,0.51814383,0.922946431733695,2.3265247344970703,0.544873058795929,0.47822198,0.4950756496744992,2.1442275047302246,0.23082482814788818,0.185936,0.4016107997925838,2.3505585193634033,0.14368386566638947,0.15522775,0.682614195532863,3.434920072555542
0,0.02664542756974697,0.24224712,0.7421688511738856,2.6737449169158936,0.01224485319107771,0.1310204,0.5384646039712238,1.8349610567092896,0.00024082348681986332,0.12868023,0.320222037307008,0.8382256031036377,0.1222485601902008,0.33625737,0.9693436192845252,1.7738946676254272,0.1901324987411499,0.2337889,0.9477447263922775,1.6899192333221436,0.10110767185688019,0.3686724,0.9335385525742514,1.8215317726135254,0.23175515234470367,0.27536875,0.9600000902677793,1.749381184577942,0.15455126762390137,0.22631602,0.9445498350232757,1.628560185432434,0.28999999165534973,0.17431293,0.9748070632798626,1.5601143836975098,0.10293955355882645,0.38124084,1.0051735062880234,2.0844836235046387,0.17752967774868011,0.2705875,0.9894880236543231,1.6930574178695679,0.11736204475164413,0.45039773,1.029274460860114,1.9985620975494385,0.2520374059677124,0.19460645,0.9844415247395155,2.0988190174102783,0.12566040456295013,0.25480723,0.9980011718701302,2.2524406909942627,0.21789303421974182,0.19934066,0.9826266610068813,1.946728229522705,0.19561101496219635,0.31229213,0.9931698524697271,1.8436791896820068,0.12045775353908539,0.39291584,1.0186228218137916,2.3267226219177246,0.23806461691856384,0.41372457,0.9418056045143222,2.1681361198425293,0.19192402064800262,0.4454256,0.928453096961485,2.0003230571746826,0.21764236688613892,0.35012805,0.9527923022315267,1.807353138923645,0.32318490743637085,0.48871428,0.8706706101546174,2.383493185043335,0.596653401851654,0.48853508,0.46960794710775833,1.9885286092758179,0.29345521330833435,0.2252711,0.3894960930924134,2.22929048538208,0.21261250972747803,0.20044105,0.6498986955004834,3.0690577030181885
1,0.033189136534929276,0.2855554,0.761186852053146,3.0175602436065674,0.029498063027858734,0.1298907,0.6024452053116913,2.2508180141448975,0.0004422442289069295,0.12227018,0.32024401866662616,1.1072955131530762,0.137409970164299,0.3372576,0.9679854034260552,1.1805009841918945,0.18685711920261383,0.26679844,0.949661509093221,1.4352877140045166,0.1152086853981018,0.35947526,0.9441403250118104,1.6128358840942383,0.2649939954280853,0.30421284,0.9567686069975514,1.806817650794983,0.12805165350437164,0.2969465,0.9505671111762388,1.4606033563613892,0.2870454788208008,0.19302444,0.9702833739700565,1.5123019218444824,0.08232664316892624,0.40886965,0.9969122386281616,1.671548843383789,0.18253086507320404,0.317261,0.9826104857406869,1.6248064041137695,0.10068469494581223,0.5122152,0.9978199547502039,1.9919346570968628,0.18038858473300934,0.22798046,0.9780485426886079,1.8983287811279297,0.11672090739011765,0.2850146,0.9978097623237211,1.9435663223266602,0.2292799949645996,0.25279865,0.9806802220118589,1.9492273330688477,0.24864278733730316,0.30297184,0.9759738473631396,1.9128583669662476,0.09503123164176941,0.4017579,1.0218312475798106,1.799437403678894,0.20888996124267578,0.45500132,0.9437304660810627,1.8909156322479248,0.19380775094032288,0.41340274,0.9251793429853269,1.7492554187774658,0.21717390418052673,0.31070253,0.9163498191795707,1.6480798721313477,0.26164987683296204,0.4724166,0.8464848079729745,2.3232388496398926,0.5921677947044373,0.4829411,0.4301216438254065,1.8368539810180664,0.24752596020698547,0.1822272,0.32681985872619634,2.0848355293273926,0.1502094715833664,0.15726507,0.5349984530772993,2.865920066833496
0,0.05685855448246002,0.22411458,0.740267675836961,3.2373151779174805,0.01817517913877964,0.17260714,0.5473407392949805,2.3656768798828125,0.0005022427067160606,0.13474356,0.31904327701868695,1.6042428016662598,0.10061965882778168,0.3690546,0.9645801304746571,1.6470060348510742,0.19333145022392273,0.29732135,0.9466193480040916,1.9892642498016357,0.08487316220998764,0.40411228,0.9488844952389998,1.7594082355499268,0.18462157249450684,0.30907243,0.9531234514441199,2.056962490081787,0.10846664756536484,0.28343996,0.953188130550389,2.1363131999969482,0.2843608260154724,0.1895294,0.9580436499959387,1.4389756917953491,0.043872762471437454,0.50240946,0.9800637087506838,2.171201467514038,0.15623685717582703,0.29005808,0.9691646441127043,1.7130887508392334,0.06435785442590714,0.5868853,0.9974442520482653,2.2380688190460205,0.1684328019618988,0.26727602,0.9678514083908438,1.9875510931015015,0.0599026158452034,0.37705812,0.9872322150269027,2.4084975719451904,0.14627030491828918,0.22913004,0.9708545272599468,2.21453857421875,0.12389733642339706,0.36043122,0.9800028484040878,2.325911521911621,0.04304688796401024,0.38837028,1.0090011760330495,2.4461607933044434,0.08341586589813232,0.47250468,0.960979091014669,1.9012902975082397,0.07741313427686691,0.507756,0.9502332103240649,1.9636883735656738,0.10105304419994354,0.3778445,0.9696961838545974,2.280238389968872,0.1243879422545433,0.5156535,0.9288935610520135,2.3342106342315674,0.45243629813194275,0.48009294,0.5127388974857604,2.429229736328125,0.18786247074604034,0.16383508,0.42754899758269604,2.4828226566314697,0.11522378027439117,0.14548449,0.6973316957013657,3.513152599334717
1,0.04691334441304207,0.28567544,0.7596363080407603,2.8358654975891113,0.020145120099186897,0.14724898,0.5788558902190702,1.9903972148895264,0.00036867510061711073,0.11809203,0.32281052923106274,1.1287816762924194,0.12732458114624023,0.35916132,0.9677311847891651,1.575556993484497,0.18495485186576843,0.28236678,0.9512969120651372,1.6171810626983643,0.11908023059368134,0.40607136,0.940638758534823,1.7293100357055664,0.28968876600265503,0.2634301,0.9558518005405234,1.524122953414917,0.11478706449270248,0.28869915,0.9400879068516348,1.5425910949707031,0.29397448897361755,0.17162043,0.9664053848895515,1.620222568511963,0.09633815288543701,0.3932046,0.9969726800866533,1.7953376770019531,0.20692862570285797,0.29645628,0.9838247506711544,1.460679292678833,0.10595417767763138,0.48190087,0.9982399803411696,1.576924443244934,0.23136134445667267,0.22864978,0.9796937103362007,1.7818493843078613,0.1315922886133194,0.27948138,0.9925978371521089,1.6608083248138428,0.22904743254184723,0.2640237,0.9777777965302173,1.8622708320617676,0.25190162658691406,0.299344,0.9704248717474395,2.032949209213257,0.1224803477525711,0.42023402,1.001272389988839,2.1187491416931152,0.2299465835094452,0.46413139,0.9126458212786626,1.8204814195632935,0.23998945951461792,0.41959697,0.8852387681954669,1.7600250244140625,0.2632014751434326,0.2959325,0.8905705605741285,1.6957472562789917,0.3018859028816223,0.42897934,0.833695729235425,2.205157518386841,0.5793876647949219,0.49759233,0.405158029434399,1.7605057954788208,0.20501317083835602,0.18632455,0.3157661984192877,1.9432547092437744,0.15774130821228027,0.14756814,0.545495178875959,2.8364083766937256
1,0.048007138073444366,0.2653946,0.7450976636222257,3.551278829574585,0.03396820276975632,0.21650422,0.5625332108851814,2.866670846939087,0.0007110498263500631,0.15519363,0.3148873068265321,1.8618239164352417,0.10064438730478287,0.4068329,0.9544373942343436,1.957772970199585,0.19843512773513794,0.34753254,0.9352796106418783,1.9035582542419434,0.08182517439126968,0.46720198,0.9451647943647272,2.2608673572540283,0.15840044617652893,0.38047045,0.9346617429821229,2.4986727237701416,0.09123560786247253,0.36612815,0.9484461502299543,1.9812049865722656,0.2298329472541809,0.24655308,0.9438413159853379,1.9294689893722534,0.060284946113824844,0.5307472,0.9664584600547083,1.928629994392395,0.11939874291419983,0.36661428,0.9542993289600756,1.980634093284607,0.05164041742682457,0.5990981,0.9708172307510394,2.169034242630005,0.12880569696426392,0.31919396,0.9502777793273474,2.184704303741455,0.10202451050281525,0.46667767,0.9633271848148508,2.420988082885742,0.10189551115036011,0.32343674,0.9528159774222318,2.480250835418701,0.12049143761396408,0.3291537,0.9547371416055183,2.2540283203125,0.028679169714450836,0.4019159,0.9897565682515974,1.8530248403549194,0.07454416155815125,0.51931703,0.9550154209691406,2.0907604694366455,0.06296183168888092,0.43720415,0.9466184501701983,1.9832533597946167,0.10803236067295074,0.3346498,0.9513701736282546,2.244227647781372,0.10932306945323944,0.5281052,0.9254206263055031,2.1614577770233154,0.4521006643772125,0.5310345,0.5004957940399614,2.462521553039551,0.177978053689003,0.14975698,0.39021909751851297,2.576206922531128,0.13770996034145355,0.11194579,0.6625683093432465,3.489529848098755
0,0.025874122977256775,0.26706985,0.7228340461428252,2.4733474254608154,0.011490847915410995,0.1496662,0.5214434219997164,1.6790982484817505,0.00022155168699100614,0.11700308,0.31488685458581894,1.306740164756775,0.128335103392601,0.35400605,0.9697088706949584,1.908746361732483,0.23167383670806885,0.2925879,0.9560601237199415,1.8735078573226929,0.13014937937259674,0.41722992,0.944811788220116,1.6477959156036377,0.2620149552822113,0.30812332,0.9683058781086216,1.8616294860839844,0.14489392936229706,0.22948864,0.9553331193199076,1.7599259614944458,0.2907991111278534,0.17713909,0.971272771043416,1.6531755924224854,0.09263470023870468,0.4436637,0.999588374976026,2.240408420562744,0.188701331615448,0.3081966,0.986617362143393,1.8860719203948975,0.11466759443283081,0.5234729,1.0276180418191154,2.1916863918304443,0.215112566947937,0.27534577,0.9862713369693311,2.192030668258667,0.11263347417116165,0.36328536,0.9967463852737399,2.200256824493408,0.21469995379447937,0.21337557,0.9815937807343091,2.119452714920044,0.22767631709575653,0.2701711,0.9938275795591319,1.9228746891021729,0.1736782044172287,0.390358,1.0257381295564219,2.5411620140075684,0.16715730726718903,0.46347427,0.9626054596405762,2.0249030590057373,0.16771958768367767,0.46696734,0.9601516529351299,1.9802333116531372,0.20398585498332977,0.3478793,0.9923194355828805,1.8359553813934326,0.2972164452075958,0.5003454,0.9175064506492948,2.3770203590393066,0.6306021809577942,0.4347074,0.4752152841482574,1.847856044769287,0.2827608585357666,0.23710573,0.40279147737264953,2.1750741004943848,0.19531679153442383,0.22534932,0.6866514523264724,3.3520331382751465
0,0.050648175179958344,0.24046637,0.7306323217763708,3.156827926635742,0.03263874724507332,0.16948284,0.5508732109987868,2.4188730716705322,0.00041869154665619135,0.14675741,0.31292538311652535,1.4385019540786743,0.11173578351736069,0.3863382,0.9654680564592656,1.8631055355072021,0.20020818710327148,0.29943395,0.9474007484256822,2.081265926361084,0.09723887592554092,0.41684616,0.9491727527723439,1.7178752422332764,0.21590949594974518,0.34128553,0.9562876179333252,2.083836555480957,0.11628946661949158,0.2621204,0.9539233043854604,1.9301320314407349,0.27983009815216064,0.20982035,0.9582574583692136,1.6148395538330078,0.06733161211013794,0.4941728,0.981761123673493,1.9809422492980957,0.16529902815818787,0.30228493,0.9709377259229472,1.6817843914031982,0.07117301225662231,0.54400265,0.9975174647516611,2.145753860473633,0.1780172884464264,0.28462029,0.9671081756222486,2.3329951763153076,0.09403007477521896,0.38713893,0.9836357574809808,2.412855625152588,0.1766783893108368,0.2687836,0.9675675157225617,2.352698564529419,0.16098730266094208,0.2978534,0.975768186675194,1.876848816871643,0.06264591217041016,0.3946154,1.0035091778914307,2.3151865005493164,0.10490182042121887,0.47233257,0.9608157179058093,1.8929722309112549,0.09214302152395248,0.48097605,0.9584633687286798,1.8163765668869019,0.13630641996860504,0.35302708,0.9749092196465456,1.754282832145691,0.14681565761566162,0.5060793,0.9289419297277804,2.6273438930511475,0.5011599659919739,0.48451307,0.4827558897415825,2.3103182315826416,0.22504675388336182,0.18819934,0.39515091658804313,2.3880746364593506,0.12923337519168854,0.1540699,0.6840726091168859,3.5158097743988037
0,0.03524840623140335,0.26228493,0.7301620863922637,3.0483434200286865,0.015067935921251774,0.17300291,0.543157329083144,2.26043963432312,0.00023623155720997602,0.1437215,0.3092079682958089,1.440890908241272,0.11397839337587357,0.35585904,0.9659022981690715,1.9020211696624756,0.20436762273311615,0.2906713,0.951640540676166,1.868561863899231,0.1034315973520279,0.39419678,0.9513101411320068,1.9730451107025146,0.21115007996559143,0.32396474,0.9571733054170358,2.0547218322753906,0.10923869907855988,0.27673355,0.9556200825232961,1.790343999862671,0.27685362100601196,0.19910756,0.9618824425626624,1.6656086444854736,0.06558408588171005,0.48241192,0.986224940411879,2.113774299621582,0.1637251079082489,0.31177244,0.9740441481582471,1.496253490447998,0.07584729045629501,0.5582527,1.000886388853842,1.9031181335449219,0.17794837057590485,0.27016464,0.9713550151052567,1.9072538614273071,0.07920078933238983,0.38494113,0.9845206737911879,2.3949522972106934,0.15242017805576324,0.28796157,0.9705143418548977,2.3423590660095215,0.15649473667144775,0.33856738,0.9819051045831736,2.123105525970459,0.07171274721622467,0.3944122,1.0202399821217816,1.811790108680725,0.0994391143321991,0.47304395,0.9666471535252579,2.2260966300964355,0.09320059418678284,0.41691995,0.9631917350028302,1.8773248195648193,0.14786137640476227,0.3452484,0.9850639028844177,1.8855552673339844,0.16095389425754547,0.50731474,0.9322243499047947,2.542279005050659,0.5409373641014099,0.47976014,0.4958948300490801,2.1860463619232178,0.22617633640766144,0.1935188,0.41188365461344534,2.4335925579071045,0.1272396296262741,0.16536412,0.6936299938495952,3.5112578868865967
1,0.04498410224914551,0.25344005,0.7477497859406643,3.1469433307647705,0.020081566646695137,0.18859085,0.5740277166887693,2.3719236850738525,0.0010825245408341289,0.15237777,0.3117965238229532,1.3887498378753662,0.12537436187267303,0.40538955,0.9658135718683686,1.4382100105285645,0.22884134948253632,0.34329417,0.9508014195950344,1.54083251953125,0.09382709115743637,0.46029913,0.950544776472774,1.8105305433273315,0.23969611525535583,0.3432494,0.9509410469110131,1.7886226177215576,0.1059914082288742,0.3228344,0.9507443633673027,1.3692001104354858,0.29340600967407227,0.21138029,0.9590110350961862,1.4751176834106445,0.07252348214387894,0.45354208,0.9867277525209259,1.7269192934036255,0.15544931590557098,0.35252702,0.9738065308864194,2.0326364040374756,0.07240879535675049,0.51469344,0.9863888159125775,2.0850577354431152,0.17751923203468323,0.31608286,0.9710782073845217,2.034715414047241,0.0789431780576706,0.34838912,0.9846948313508879,2.3299038410186768,0.1789451390504837,0.3228759,0.9681536416695969,2.021436929702759,0.19167007505893707,0.3218015,0.9623609313655767,2.075591564178467,0.08916585147380829,0.40827116,0.9932278855292229,2.0988924503326416,0.13388317823410034,0.49619848,0.9374493174810412,2.00254225730896,0.16155460476875305,0.47342813,0.9215325079388429,1.9428703784942627,0.20113420486450195,0.3309952,0.9147397323511719,1.7518670558929443,0.22124485671520233,0.50064987,0.8706075672875266,2.4262375831604004,0.604988157749176,0.49697548,0.3924946304493209,1.712780475616455,0.22258347272872925,0.1529964,0.2825953126414874,1.9823124408721924,0.1687939465045929,0.13048549,0.5204105772915328,2.8370425701141357
0,0.04230259731411934,0.2577225,0.7351348986978818,3.1211869716644287,0.022661810740828514,0.18318203,0.5409980034033987,2.2981626987457275,0.0005370418075472116,0.14662035,0.31456207173518247,1.6873416900634766,0.10564073920249939,0.36322853,0.9646729452268148,1.7933592796325684,0.17535482347011566,0.28453803,0.9488703001494759,2.015004873275757,0.1009284183382988,0.4032848,0.9479506988023516,1.9975565671920776,0.21692271530628204,0.33150822,0.959036000999524,2.116095542907715,0.09620271623134613,0.28394923,0.9557273080166937,2.0620765686035156,0.27674785256385803,0.20067018,0.9607150946324577,1.5048199892044067,0.05841146409511566,0.489277,0.9826186038059912,2.296435594558716,0.15367428958415985,0.30887356,0.9710934142226719,1.6727628707885742,0.07141771167516708,0.54538506,0.9959053340824857,2.249619722366333,0.2247961312532425,0.28366745,0.968015854089387,2.111264944076538,0.08235517144203186,0.39361212,0.979264508233443,2.2450666427612305,0.1492309272289276,0.29350883,0.9684494620403877,2.5814621448516846,0.1430230587720871,0.35965696,0.9760951839067459,2.1228537559509277,0.07415071874856949,0.39923906,1.0058599241055177,2.1656551361083984,0.12117764353752136,0.45861828,0.9600772025082056,2.4589486122131348,0.09970130026340485,0.5070235,0.9509742803489595,2.048426628112793,0.13576774299144745,0.34220457,0.9710171604582609,1.7826083898544312,0.1509552299976349,0.5148492,0.924910322837784,2.2690956592559814,0.516565203666687,0.48066697,0.5094167817499319,2.2484540939331055,0.22911177575588226,0.1770331,0.42486422019629894,2.4616613388061523,0.13902433216571808,0.16449204,0.6981195478555342,3.4926886558532715
0,0.03454982116818428,0.25353277,0.7471477428894745,3.0639166831970215,0.027892721816897392,0.13969418,0.5651780379724747,2.2169227600097656,0.00034362339647486806,0.14824425,0.31873619015812604,1.2129133939743042,0.11586692184209824,0.3465741,0.9681998627759616,1.8690530061721802,0.19488832354545593,0.2432465,0.9508528919788353,1.8789279460906982,0.11735913902521133,0.37617573,0.9446078586108935,1.6165199279785156,0.21923790872097015,0.28653923,0.9574793644497651,1.6837033033370972,0.12267164885997772,0.26670256,0.9489129850686582,1.5830188989639282,0.29013994336128235,0.1847296,0.9656512518161204,1.4825183153152466,0.06331688165664673,0.45517647,0.9917969191056248,1.8391896486282349,0.18277975916862488,0.2651222,0.9775550643145339,1.5506681203842163,0.08725357055664062,0.4914749,1.0083418019768282,2.088386297225952,0.18049021065235138,0.23882094,0.9766179948349529,2.072118043899536,0.08821340650320053,0.35765052,0.989410193621408,2.164916753768921,0.1679004728794098,0.248756,0.9721049291976848,2.1433186531066895,0.17232733964920044,0.28777826,0.9765242585203446,1.9440497159957886,0.08470891416072845,0.40912032,1.00787124933383,1.853322982788086,0.16085827350616455,0.46372178,0.9386186457709205,2.2632524967193604,0.11627627164125443,0.45605174,0.9270433466766026,2.2524335384368896,0.16701360046863556,0.3273552,0.9524390555032721,1.9439866542816162,0.2203497588634491,0.47595784,0.8994221498231671,2.583509922027588,0.5298637747764587,0.4880644,0.4830588314917567,2.196007013320923,0.25071150064468384,0.20007746,0.406961883014427,2.420142650604248,0.1336408108472824,0.17415914,0.6599856430233781,3.3226981163024902
1,0.0357058160007,0.2225386,0.7417195002755904,3.0977885723114014,0.025551944971084595,0.19704045,0.5700908383752294,2.4632997512817383,0.00037607591366395354,0.14690174,0.3125660767090906,1.6159968376159668,0.09713979810476303,0.420464,0.9645213543071229,1.7812646627426147,0.1609417051076889,0.3359876,0.9530452011046819,1.723595380783081,0.08699993789196014,0.43052492,0.9532549838081087,1.8002897500991821,0.22847290337085724,0.2972092,0.954029486590548,1.8868498802185059,0.09009002149105072,0.35211873,0.9512569148318074,1.4763060808181763,0.24845197796821594,0.22798736,0.9610489274034775,1.419485330581665,0.056909214705228806,0.47107077,0.9857376463868585,1.9009650945663452,0.16375571489334106,0.30112118,0.9723323505257032,1.7721296548843384,0.06670555472373962,0.48701164,0.9873842701439114,2.154208183288574,0.18234580755233765,0.27769643,0.9696609299102181,1.8178640604019165,0.09135674685239792,0.31158224,0.9811759614316153,1.8390601873397827,0.17125077545642853,0.25148746,0.9662777553642822,2.2481043338775635,0.1536627858877182,0.27445036,0.9626827389356443,2.3660707473754883,0.05805575102567673,0.40763873,0.9915610559381304,2.0385477542877197,0.12012303620576859,0.46979722,0.945895273311159,2.351734161376953,0.17301729321479797,0.44476554,0.9308315547020042,1.6955516338348389,0.17825336754322052,0.30841807,0.9275934457686376,1.8411343097686768,0.15881375968456268,0.45059508,0.8857668980851662,2.4745266437530518,0.5335661172866821,0.49133697,0.4471356759328944,2.0066847801208496,0.1996246874332428,0.14607371,0.3160114393244377,2.139091968536377,0.16116154193878174,0.121294096,0.5414694422284488,3.0325088500976562
0,0.03167492151260376,0.22515848,0.7305975693455705,2.382520914077759,0.012681479565799236,0.12729566,0.5289022962479771,1.630977749824524,0.00010960397776216269,0.10662684,0.314674284708844,1.3206340074539185,0.13096965849399567,0.3269286,0.9678211013466018,1.9791593551635742,0.19982516765594482,0.2646188,0.9563304109377755,1.9555524587631226,0.13449376821517944,0.37962648,0.9376574816873073,1.7522574663162231,0.2546807527542114,0.287483,0.9714463244209098,1.5918251276016235,0.1384764313697815,0.22658329,0.9511074366709779,1.639620065689087,0.30406370759010315,0.18341447,0.9779271251019521,1.5833700895309448,0.10617286711931229,0.39707547,1.0098830838584911,2.1613075733184814,0.2090679556131363,0.2967637,0.9920842616169882,1.7374157905578613,0.13812384009361267,0.4828937,1.038670501708609,1.9146746397018433,0.2419154942035675,0.23937541,0.99164155252578,2.050830364227295,0.1422361433506012,0.2731072,0.997352397782463,2.258157968521118,0.2440028190612793,0.20425199,0.9843861149058779,2.1764883995056152,0.2357179820537567,0.24152459,0.9930375755130326,1.940852165222168,0.20724180340766907,0.3906625,1.025241705805242,2.305279493331909,0.22265717387199402,0.44821802,0.9341605410614205,2.1799044609069824,0.2232430875301361,0.3799189,0.9172422359989827,2.147155284881592,0.2580759823322296,0.3072334,0.9589350794012433,1.8066602945327759,0.338916152715683,0.44378173,0.8864567780247358,2.42022705078125,0.6329904794692993,0.4191582,0.47179731254480856,1.7827106714248657,0.25285178422927856,0.23981674,0.38786930039095846,2.1366705894470215,0.187644362449646,0.22320403,0.6602436749807344,3.2471210956573486
0,0.036505747586488724,0.25023428,0.7362278566788772,3.0392026901245117,0.013611583970487118,0.15667759,0.5525627510802037,2.2554359436035156,0.00029310252284631133,0.14512002,0.31898023408603104,1.2802947759628296,0.10921142250299454,0.3500763,0.9661026817142438,1.892006516456604,0.1877472847700119,0.269262,0.9509990814538728,2.0690457820892334,0.10693974047899246,0.39983532,0.9512719783668641,1.9338423013687134,0.22272123396396637,0.31790224,0.959974111985503,1.9518353939056396,0.11305750161409378,0.27850878,0.9562426909871349,1.7411412000656128,0.29078781604766846,0.20126826,0.9635378675414007,1.5220316648483276,0.06063226982951164,0.47952682,0.9842277680213164,1.9522202014923096,0.16045403480529785,0.31361946,0.9739429546569888,1.766764760017395,0.07278083264827728,0.53952134,0.997987354664625,2.276451587677002,0.16831184923648834,0.25856644,0.9710235758366492,2.239593744277954,0.08070380240678787,0.40729368,0.9832982059723007,1.8322060108184814,0.1562420129776001,0.2888686,0.9694967570922257,2.088925361633301,0.15485316514968872,0.32173255,0.9773654602333437,2.2935197353363037,0.057816509157419205,0.3985104,1.007243091386367,2.3125052452087402,0.11239927262067795,0.46460426,0.9489901977750347,2.0955734252929688,0.09463013708591461,0.46003437,0.9405148277888293,1.8927032947540283,0.14132875204086304,0.3401677,0.9625567536329566,1.9323933124542236,0.1870109885931015,0.5094034,0.9136189517948189,2.3072423934936523,0.5407591462135315,0.49382406,0.4880689951292383,2.137683868408203,0.23636803030967712,0.1740106,0.3902855014742128,2.327073812484741,0.14276809990406036,0.15230925,0.6721721049294214,3.412627696990967
1,0.0266533475369215,0.20469826,0.7380927906986904,2.3618111610412598,0.023417068645358086,0.100528084,0.5413919572249799,1.6721954345703125,0.00030397638329304755,0.09892867,0.32387688190115077,1.2270294427871704,0.14170502126216888,0.30626994,0.9668371949336796,1.824486255645752,0.2050301730632782,0.23168972,0.9509198879738329,1.7039110660552979,0.13624106347560883,0.36107203,0.9281111274789507,1.8793833255767822,0.2626041769981384,0.2576977,0.9669447148383102,1.6306078433990479,0.15468661487102509,0.22717449,0.943678482297105,1.5094985961914062,0.3000916540622711,0.17242657,0.9724272061212168,1.5044573545455933,0.10575211048126221,0.41234088,1.0042133753987925,1.7861108779907227,0.1918906420469284,0.2710131,0.9938655208714117,1.682325839996338,0.13153290748596191,0.47342205,1.0381832936233424,1.8864548206329346,0.22309477627277374,0.21419476,0.9896023775531712,1.9992218017578125,0.16451217234134674,0.31067804,1.0063209234658044,2.229017496109009,0.25741979479789734,0.20647366,0.9837059125249119,1.832688570022583,0.236775740981102,0.2805192,0.9937144431692145,1.9766401052474976,0.19214504957199097,0.40378252,1.0337044991218676,2.075284242630005,0.2394518405199051,0.4442075,0.9339167616106518,2.177994728088379,0.23152491450309753,0.4452852,0.916975107157205,2.100175619125366,0.2519124448299408,0.32100475,0.9643031866776084,1.9833948612213135,0.34919655323028564,0.41987255,0.865832020913103,2.3002569675445557,0.5935891270637512,0.48688868,0.4718052670454302,1.976629376411438,0.24785636365413666,0.23940738,0.4011208060928171,2.1460843086242676,0.14614218473434448,0.22997825,0.657866117693421,3.2239017486572266
1,0.0349246971309185,0.25148878,0.7383264165127785,2.8076560497283936,0.01481902040541172,0.14916399,0.5543219028795776,1.9566059112548828,0.0003042724565602839,0.12921692,0.3237084350620457,0.9646549820899963,0.11097317188978195,0.3474962,0.9672321827527952,1.9225691556930542,0.20458930730819702,0.24815454,0.952968775189234,1.8312230110168457,0.1111748218536377,0.38211912,0.9405016033370873,1.6656486988067627,0.24752318859100342,0.280086,0.9621922223705817,1.6664249897003174,0.14760655164718628,0.24526674,0.9494540874998276,1.6096978187561035,0.31537890434265137,0.17861153,0.9685577807440502,1.5315282344818115,0.08637753129005432,0.44035438,0.995397223342362,2.266813278198242,0.18297265470027924,0.29514223,0.9832736080481682,1.6013327836990356,0.09550292789936066,0.51109844,1.010449660397672,2.0674052238464355,0.21876589953899384,0.24424574,0.9794956032244131,2.1668081283569336,0.11313092708587646,0.3839001,0.9928946361462883,2.3062875270843506,0.20840437710285187,0.29412043,0.9758527620061032,2.042762279510498,0.1979895383119583,0.29729515,0.9798818449785112,2.1004700660705566,0.13698536157608032,0.39264977,1.0095348249907798,1.9730550050735474,0.19548483192920685,0.47694016,0.9424353037674641,2.206987142562866,0.16108597815036774,0.47419098,0.9294790776743864,2.0524396896362305,0.19663012027740479,0.33396932,0.9521054476180631,1.8987617492675781,0.280147910118103,0.4989033,0.8819862641859036,2.4223477840423584,0.5822620391845703,0.4824984,0.4523756644408652,1.898383378982544,0.2494964748620987,0.2195396,0.3772158204971717,2.199991464614868,0.15052621066570282,0.2032631,0.6534084651811608,3.2791976928710938
0,0.03295646980404854,0.2694353,0.7272803524148616,2.7794885635375977,0.00716852443292737,0.15850088,0.5354981005682514,1.9304144382476807,0.00026325215003453195,0.13442004,0.3141236442031831,1.1201611757278442,0.11271831393241882,0.33049268,0.9685045178302955,1.6361534595489502,0.18089573085308075,0.26463386,0.95420800936134,2.0496983528137207,0.1082211434841156,0.4023493,0.9459375039161874,1.7274341583251953,0.25112468004226685,0.29038134,0.962303492800109,1.7265753746032715,0.14088505506515503,0.26911393,0.9540562565266766,1.7219371795654297,0.2981204092502594,0.18729575,0.9660770689255449,1.7042632102966309,0.09170626103878021,0.4519306,0.9942935804201404,1.898597002029419,0.1624453216791153,0.31746048,0.9811688725284524,1.6266441345214844,0.09053529798984528,0.52410233,1.013218566089642,2.095151424407959,0.21044178307056427,0.22991768,0.977924142630025,2.3470420837402344,0.1076994389295578,0.4031006,0.9908464318781446,2.2868402004241943,0.18948356807231903,0.27224687,0.9783092128758563,2.012392044067383,0.2038440704345703,0.3138017,0.9827744614851497,1.9097611904144287,0.10396639257669449,0.3845461,1.0200420755147483,2.195125102996826,0.15411277115345,0.47086707,0.960741437395645,2.083062171936035,0.13992373645305634,0.40984154,0.9492828052049807,1.851791501045227,0.16454844176769257,0.3193879,0.9626652328829141,1.6613047122955322,0.2554539144039154,0.4651082,0.9021190498167562,2.3218390941619873,0.5954982042312622,0.47851434,0.4575693228193151,1.9430460929870605,0.24962210655212402,0.20398805,0.37628091331524954,2.2267322540283203,0.15033763647079468,0.19829583,0.6524927756958507,3.306265354156494
0,0.03433690965175629,0.24129446,0.7384497963057003,2.7367825508117676,0.01801145076751709,0.14359693,0.5496941661429992,1.9671777486801147,0.000320364604704082,0.12241782,0.31732054362792445,0.9437636733055115,0.12040300667285919,0.3285021,0.9698433233039879,1.6683008670806885,0.20007508993148804,0.24629688,0.9572779628247542,1.7138745784759521,0.10753046721220016,0.36527705,0.9476330604169856,1.644622802734375,0.25748080015182495,0.26206878,0.9614909258876547,1.7373652458190918,0.1151512861251831,0.2448158,0.9501785729460214,1.5301029682159424,0.28720638155937195,0.18732496,0.9679166334678189,1.2528408765792847,0.08544475585222244,0.44695964,0.9914843557248451,1.813249945640564,0.18493802845478058,0.26934075,0.9805571525555111,1.7703222036361694,0.09160960465669632,0.49526668,1.009853850421915,2.150891065597534,0.19497202336788177,0.2259515,0.9795228077477236,2.227745771408081,0.1110449805855751,0.3261081,0.9921828880010714,2.330744504928589,0.20033405721187592,0.22611445,0.9768563209108256,2.2940001487731934,0.18868064880371094,0.27125698,0.9835007372319596,2.1679177284240723,0.09102118015289307,0.41911182,1.0235901127600817,2.1408884525299072,0.1488659381866455,0.429182,0.9576673066054966,1.9925453662872314,0.14561107754707336,0.4453794,0.9443432530592466,2.1666383743286133,0.17388159036636353,0.31269282,0.9713769536950816,1.8335391283035278,0.23298068344593048,0.44267836,0.9082943213623165,2.552149534225464,0.5176446437835693,0.48434108,0.4659495555216823,2.106527805328369,0.21079236268997192,0.2039663,0.38869436412941405,2.235895872116089,0.12855476140975952,0.21552093,0.6582988294795529,3.2584800720214844
1,0.024040689691901207,0.22105668,0.7317971840544512,2.466810464859009,0.007420405745506287,0.12290032,0.5323257504326282,1.7234625816345215,0.00020401066285558045,0.09507861,0.313744102999519,1.2064450979232788,0.14079482853412628,0.31839314,0.9670238201765885,1.6812512874603271,0.21368832886219025,0.24350034,0.954446606000735,1.6738618612289429,0.11484906077384949,0.3745365,0.9370613936748274,1.8978674411773682,0.2726997137069702,0.27301496,0.9657293297133613,1.5691838264465332,0.13600555062294006,0.2431682,0.9426704302428345,1.5492241382598877,0.2990018427371979,0.17282131,0.9721227904365581,1.6008293628692627,0.12859095633029938,0.42338547,1.006458189181355,2.0079095363616943,0.21426159143447876,0.26496813,0.9886991275283057,1.877058744430542,0.12610512971878052,0.47796726,1.024899759781228,2.1735787391662598,0.21238741278648376,0.2233414,0.9864259051256045,2.370265483856201,0.11959145218133926,0.28137282,0.9952339454507344,2.273897886276245,0.23807844519615173,0.22817047,0.9801282642300888,2.1064250469207764,0.2171803116798401,0.28587002,0.9912935081139008,2.1316442489624023,0.14865745604038239,0.36509123,1.0408890500295664,2.282316207885742,0.24343116581439972,0.43182015,0.9539815341572544,2.362248659133911,0.20079080760478973,0.40566003,0.9424154003397208,2.214672088623047,0.2279963195323944,0.30298415,0.9647228174910513,1.819582462310791,0.30418500304222107,0.44927683,0.8732154543486523,2.4234209060668945,0.5855164527893066,0.48355946,0.4464345026394446,1.9453990459442139,0.23926016688346863,0.22768316,0.3822945737865146,2.1035990715026855,0.13693226873874664,0.22024843,0.6568478994008327,3.2638237476348877
0,0.04043574258685112,0.23690212,0.7249434983382863,3.04205060005188,0.02025976963341236,0.1817355,0.5370313863078423,2.2750942707061768,0.00030670748674310744,0.13855313,0.31028733417033577,1.333773136138916,0.10979829728603363,0.37604716,0.9649775483409856,1.760704517364502,0.1978946030139923,0.29511455,0.949723305931002,1.9328466653823853,0.10941539704799652,0.40849328,0.9509671413730304,1.7909129858016968,0.19222469627857208,0.34553725,0.9558959282618632,1.958618402481079,0.10468252748250961,0.2788324,0.9555531157707515,1.840182900428772,0.2795643210411072,0.21956056,0.9600960940553166,1.5371922254562378,0.06217162311077118,0.47636306,0.9839291961982095,2.1843762397766113,0.15068256855010986,0.3288284,0.9717346341292435,1.9921762943267822,0.07676662504673004,0.56350577,0.9980611019303619,2.1934478282928467,0.19726580381393433,0.28522727,0.9685376881334916,2.237790107727051,0.0760217234492302,0.37318566,0.9810830179201347,2.234680652618408,0.14190900325775146,0.28011405,0.9694482933694847,2.3540472984313965,0.13068930804729462,0.34495986,0.97966109050658,1.8601226806640625,0.07731209695339203,0.40753528,1.0135839963461017,2.2512900829315186,0.09065327793359756,0.4755884,0.9669269958303878,2.1206281185150146,0.0791582316160202,0.52076894,0.9648868521410887,1.9718910455703735,0.14081980288028717,0.34482604,0.9858840634637684,1.9460339546203613,0.1341893970966339,0.5124269,0.9364282919699594,2.5303242206573486,0.5314658880233765,0.48287448,0.5088592164476284,2.2524759769439697,0.21600818634033203,0.17145681,0.41452341771973256,2.459608554840088,0.13128699362277985,0.15395568,0.6965574023372795,3.5194170475006104
0,0.0525381974875927,0.22034469,0.7348813939843043,3.1623575687408447,0.02217862755060196,0.15385456,0.5439954157538442,2.40494966506958,0.0006753808702342212,0.1497468,0.31698442218380013,1.144638180732727,0.10722125321626663,0.37458238,0.9635983687876511,2.038245677947998,0.1803150475025177,0.27545226,0.9468198534062425,2.055140495300293,0.1014660969376564,0.3996241,0.9514089155521558,2.0746078491210938,0.19797442853450775,0.32750064,0.9565612947543752,2.142526388168335,0.12347819656133652,0.2663087,0.9535935123317654,1.9799284934997559,0.2965894937515259,0.17549062,0.9564049266610614,1.4032272100448608,0.07440196722745895,0.4624588,0.9807635064741778,2.0917093753814697,0.16421209275722504,0.29115006,0.9704619326303088,1.7068862915039062,0.09744808077812195,0.48202577,0.9971395608876632,2.215329647064209,0.15924052894115448,0.23661742,0.96672088523982,1.9738231897354126,0.08620421588420868,0.34032527,0.981632874019131,2.257014513015747,0.1519872546195984,0.22262299,0.9669578817754737,2.5136919021606445,0.14198856055736542,0.2813785,0.9739988514036084,2.152613639831543,0.03491295874118805,0.38857016,0.9991016833749596,2.579078435897827,0.08753617107868195,0.4692133,0.9543622133700432,2.0931789875030518,0.0961228758096695,0.49022478,0.9443305658885149,1.8975160121917725,0.11592569202184677,0.3471839,0.9666766671681755,1.9711204767227173,0.13931435346603394,0.45909798,0.9211236581333592,2.469524383544922,0.48103421926498413,0.48677766,0.49770937138344273,2.37094783782959,0.22903940081596375,0.17535315,0.4216323529582271,2.561802387237549,0.12576931715011597,0.1467172,0.6842067524462244,3.4362435340881348
0,0.03437447547912598,0.26739004,0.7322302066466264,2.687052011489868,0.01182479690760374,0.16174887,0.5259206905463902,1.8335301876068115,0.000298179715173319,0.12924838,0.31573005106679863,0.9559905529022217,0.12779007852077484,0.36165452,0.9686675594454988,1.812071442604065,0.17711032927036285,0.28735828,0.9548172716283817,2.046980857849121,0.10183873772621155,0.400365,0.943066513921705,1.9000482559204102,0.2314145416021347,0.31904984,0.969014480715366,1.802402377128601,0.12262765318155289,0.25321996,0.9548694831089551,1.8698257207870483,0.2934594750404358,0.18913741,0.9719189537833333,1.626358985900879,0.122803695499897,0.43975013,0.9980244986441769,2.34243106842041,0.18184685707092285,0.31009203,0.9831840380448748,2.0427498817443848,0.1023193821310997,0.50619537,1.0164238741273108,2.175405502319336,0.1677657961845398,0.26845306,0.9824318626013819,2.51059627532959,0.10071218013763428,0.3653721,0.9868730261553063,2.3773090839385986,0.19442424178123474,0.27243322,0.9782032454421119,2.3628411293029785,0.19423356652259827,0.34857714,0.9886172064659106,2.0320353507995605,0.15803292393684387,0.37317765,1.0132106263818381,2.2858774662017822,0.21587030589580536,0.45382264,0.95162115939531,2.3416709899902344,0.161317378282547,0.5085149,0.9423342525937725,1.869877576828003,0.2026495635509491,0.3627096,0.9680412553210218,1.6584594249725342,0.25242120027542114,0.51412416,0.9073753592157333,2.435579776763916,0.6087186932563782,0.4621912,0.48633103370013986,1.89169180393219,0.2565787434577942,0.2154222,0.41199327057746926,2.214358329772949,0.16545705497264862,0.20105374,0.6819256695832515,3.3917131423950195
0,0.033989761024713516,0.27175182,0.7489233481689843,2.635552167892456,0.02070511505007744,0.16993916,0.5727187693880444,1.9330605268478394,0.00019813769904430956,0.12514295,0.31740654537197355,1.028109073638916,0.13511499762535095,0.3743648,0.9669858461724933,1.2295297384262085,0.18954554200172424,0.3034806,0.9563435825799617,1.5614252090454102,0.11831899732351303,0.44247612,0.9481799179133809,1.7838727235794067,0.28333085775375366,0.32892007,0.9561191660311623,1.5145721435546875,0.10504227876663208,0.35369503,0.9425559321073088,1.2152183055877686,0.2870883047580719,0.19679713,0.9674561587422481,1.4861469268798828,0.08798610419034958,0.46170396,0.9945648535750281,1.8038880825042725,0.20141348242759705,0.32464975,0.9784649472509471,1.699073314666748,0.09090717136859894,0.521716,0.9912191217369856,1.9033573865890503,0.19807255268096924,0.26876852,0.9783422105158662,2.1003026962280273,0.11856737732887268,0.3693351,0.9887614804901882,2.0618350505828857,0.24569931626319885,0.28767556,0.9797011096963377,2.2839577198028564,0.23699402809143066,0.3018654,0.9765120826155295,2.058265447616577,0.1016392633318901,0.4023917,1.04139305510588,2.141390323638916,0.2621249258518219,0.46203926,0.9554785566476035,2.045705795288086,0.23828791081905365,0.44816428,0.930182673885418,1.7382712364196777,0.28530964255332947,0.29683977,0.9163155180785343,1.71493399143219,0.3263719379901886,0.4810029,0.8524304134833025,2.179971933364868,0.6248515248298645,0.49147144,0.3906417032576715,1.646496057510376,0.213036447763443,0.20080689,0.2756310401541419,1.8548156023025513,0.17772695422172546,0.16951531,0.4554434360098268,2.443350315093994
0,0.03755012899637222,0.2535778,0.7245053895815191,2.52085280418396,0.00955628789961338,0.12924136,0.5280018539916863,1.7005202770233154,0.00021806808945257217,0.11723467,0.31954438610286334,1.387714147567749,0.1348782181739807,0.344476,0.9693202631062954,1.882483720779419,0.19815286993980408,0.26735136,0.9554495346400754,1.9351142644882202,0.1268567591905594,0.40253943,0.9400940395798004,1.5576037168502808,0.24523702263832092,0.2856436,0.9672097338532065,1.7549183368682861,0.17613525688648224,0.22988883,0.9521879675356176,1.7892974615097046,0.3287588953971863,0.18490833,0.9723364310063628,1.6472985744476318,0.08884679526090622,0.4261389,1.000670606079924,2.484901189804077,0.19022579491138458,0.31122085,0.9887186296237707,1.957601547241211,0.11289328336715698,0.5242612,1.0290722918463417,2.08366322517395,0.19708053767681122,0.24534215,0.9865472056988422,2.407698154449463,0.11727486550807953,0.33725637,0.9947408426471308,2.1998820304870605,0.2127487063407898,0.22701408,0.9811827723897768,2.132115602493286,0.21446895599365234,0.2760169,0.9919244814414959,1.9723906517028809,0.17677125334739685,0.38050127,1.0301607889001803,2.406050682067871,0.1901637613773346,0.45784643,0.9599101721455185,2.104034423828125,0.16843631863594055,0.39786613,0.9531963277069211,1.9793343544006348,0.22541821002960205,0.3137998,0.975030278646503,1.7607874870300293,0.31765174865722656,0.46882698,0.9008326685831669,2.3713693618774414,0.6350312829017639,0.44748232,0.4550883560457721,1.8027251958847046,0.23956680297851562,0.23777011,0.37879528790674066,2.099803924560547,0.17113155126571655,0.21881041,0.6522805229248403,3.282503604888916
0,0.03075760416686535,0.2704109,0.7366755517133408,2.678267240524292,0.010121215134859085,0.16677108,0.5410889185776027,1.867489218711853,0.0002661416365299374,0.1257522,0.3152640296020953,0.9476876258850098,0.11655501276254654,0.35400322,0.9691148273520978,1.934377908706665,0.1745975762605667,0.25114062,0.9563242872075555,1.8610267639160156,0.10142926871776581,0.38768676,0.9451065915926314,1.7750617265701294,0.24528926610946655,0.27542812,0.9639495860604462,1.7724945545196533,0.11991500109434128,0.24659984,0.950623283644351,1.9888043403625488,0.29492950439453125,0.18205608,0.9688137779135674,1.4322048425674438,0.08034782111644745,0.46243346,0.9959214400428266,1.8665950298309326,0.18544919788837433,0.29988825,0.9852942524667037,1.8239275217056274,0.10733787715435028,0.5000857,1.016401481196744,2.1673262119293213,0.20609015226364136,0.25383076,0.9877076941467108,2.165869951248169,0.10681615769863129,0.34290966,0.9963932177917877,2.4879519939422607,0.1921078860759735,0.26320094,0.9793403211666359,1.9468884468078613,0.20056293904781342,0.3063693,0.9890677979360204,2.0642483234405518,0.15007467567920685,0.40907967,1.0289618706199126,2.0044291019439697,0.16487939655780792,0.46440503,0.96601364858467,1.9700255393981934,0.1576429158449173,0.4500716,0.9546281465511909,2.0506296157836914,0.18092802166938782,0.3451802,0.9763273087970881,1.8956444263458252,0.2610759437084198,0.4607657,0.9088305833175276,2.459071159362793,0.554908812046051,0.5154255,0.46382737644960026,1.9400219917297363,0.23163793981075287,0.19597775,0.3936848639939705,2.225374221801758,0.13520023226737976,0.20932913,0.6662204370041394,3.26379656791687
1,0.03573186695575714,0.23443954,0.7333678268868691,3.176764965057373,0.020877044647932053,0.18602651,0.5466085826556002,2.437476634979248,0.0006739475065842271,0.15269697,0.3123068752028723,1.5736554861068726,0.10587407648563385,0.3783739,0.9643524265663306,1.7064225673675537,0.18387366831302643,0.26510885,0.9470207361351425,2.0138115882873535,0.11233920603990555,0.39191473,0.9487089606933664,1.8778679370880127,0.18992169201374054,0.29946208,0.9523796656776856,1.8712289333343506,0.12268204987049103,0.2727534,0.9518820943312518,2.032271385192871,0.2932887673377991,0.17135292,0.9551975083599348,1.5411789417266846,0.0633450299501419,0.4432259,0.9805228760116166,2.0809335708618164,0.16631901264190674,0.26744187,0.9705646275078184,1.809435248374939,0.07746589928865433,0.4539333,1.0003981352615625,1.923026204109192,0.19095143675804138,0.18393236,0.9665789204162096,1.9674732685089111,0.07176085561513901,0.31668475,0.9891451409732049,2.3063056468963623,0.16242682933807373,0.17145936,0.9679954422724241,2.4891955852508545,0.144832581281662,0.21830189,0.9741236257836066,2.195397138595581,0.04885612428188324,0.40334475,1.0086723917014426,2.127962112426758,0.09938611090183258,0.43056262,0.9613353773952944,2.0254762172698975,0.100753054022789,0.3143248,0.9538845580886651,1.8722909688949585,0.12180276215076447,0.27802667,0.9622748111845879,2.072895050048828,0.1380590796470642,0.41737852,0.9223727545991852,2.5489253997802734,0.5216441750526428,0.46608707,0.49379807638818746,2.2647705078125,0.22897887229919434,0.17600143,0.3877939626883759,2.3893380165100098,0.13447418808937073,0.14446741,0.6179813571612405,3.1470413208007812
1,0.0417342409491539,0.24880564,0.7504584965643495,3.1907830238342285,0.0350244976580143,0.18227667,0.5841294450825092,2.4454052448272705,0.001027180696837604,0.14165401,0.3099580708468955,1.3370250463485718,0.11725255101919174,0.41251177,0.9641469440997376,1.5307049751281738,0.22701618075370789,0.34273946,0.9485382943715607,1.576318621635437,0.09828609228134155,0.47041652,0.9488098553923914,1.9830626249313354,0.22833314538002014,0.33380213,0.9496605423307881,1.4991095066070557,0.08967528492212296,0.36663762,0.9494507558225981,1.3017628192901611,0.28229573369026184,0.22268747,0.9574213753508756,1.4738779067993164,0.06367206573486328,0.540012,0.9803814175400265,1.7673985958099365,0.14373023808002472,0.35076693,0.9686857712302044,2.057222843170166,0.09443856030702591,0.54195344,0.9846281730418467,2.0151798725128174,0.17250956594944,0.32595637,0.9676126734265935,1.830137848854065,0.10006514936685562,0.40691802,0.9839191848111564,2.334500312805176,0.18657240271568298,0.31778267,0.966948934567487,2.0619611740112305,0.19924822449684143,0.3405821,0.9636619652964646,1.7965121269226074,0.04186536744236946,0.40119952,0.9974811011813675,1.8485815525054932,0.1575438529253006,0.5035133,0.9371366204948619,1.9586460590362549,0.15025298297405243,0.44526082,0.9199723787773331,1.6167030334472656,0.21981869637966156,0.328104,0.9167570575681757,1.7164498567581177,0.20395280420780182,0.49445498,0.8726840871283452,2.329134702682495,0.6103129982948303,0.5030418,0.43047190616612935,1.755811333656311,0.22366270422935486,0.18044123,0.30374597200880393,2.1678998470306396,0.20106686651706696,0.13761808,0.544078469054399,2.9571118354797363
0,0.029545322060585022,0.2379497,0.7327354977664289,2.662297487258911,0.0033627371303737164,0.14461188,0.5507129735570102,1.9165605306625366,0.00024552966351620853,0.10843101,0.32544817399523673,1.1625034809112549,0.143067866563797,0.3084254,0.9676629064733748,1.7232649326324463,0.22267262637615204,0.24229503,0.949932811678622,1.6530903577804565,0.12672649323940277,0.36058086,0.9322689322267809,1.7948358058929443,0.2298589050769806,0.3049617,0.9616934711210138,1.930498480796814,0.14311641454696655,0.2300214,0.94540980716274,1.5276356935501099,0.3115561008453369,0.17197342,0.9676206238782222,1.6691679954528809,0.09822496026754379,0.41389742,0.9988616881299937,1.9864566326141357,0.18187011778354645,0.2974131,0.9869718268724996,1.9555516242980957,0.11486751586198807,0.46863157,1.0128971865492042,2.0976672172546387,0.19855563342571259,0.23190133,0.9775887825169681,2.1057686805725098,0.1214432641863823,0.28905907,0.9867094800195532,2.3602561950683594,0.20259520411491394,0.2843694,0.9773424288303749,2.0649540424346924,0.20345115661621094,0.33317697,0.9840232318941651,2.023909330368042,0.14609260857105255,0.34926245,1.0095232058664352,2.3503193855285645,0.1814064234495163,0.45469555,0.9357893858294374,2.0921456813812256,0.1736019402742386,0.46898305,0.930419674946839,2.1237528324127197,0.21801844239234924,0.32332253,0.9557533795104077,1.833536982536316,0.30440157651901245,0.48365635,0.8804092116598324,2.29799485206604,0.5848687291145325,0.48305178,0.4759979562545133,1.897129774093628,0.2593061029911041,0.22679238,0.38397323368344277,2.1632604598999023,0.15529701113700867,0.20094383,0.6477276140087568,3.1440320014953613
0,0.04000861942768097,0.25693965,0.7338274521469224,3.0201480388641357,0.016634751111268997,0.16311,0.5499226394079377,2.256286144256592,0.0003334536449983716,0.1460956,0.31507763497287866,1.2699486017227173,0.11154698580503464,0.36545134,0.9666960739284005,1.6967560052871704,0.1826852262020111,0.2850443,0.9503064592630425,1.8542416095733643,0.11287006735801697,0.38681105,0.9506044989881646,1.5215595960617065,0.2317325919866562,0.33304384,0.9581502733003054,1.8564765453338623,0.11831200867891312,0.28147805,0.9566750918919698,1.7771918773651123,0.2893510162830353,0.21251366,0.9631192769527799,1.4598671197891235,0.06711737811565399,0.48093244,0.9858841548384917,2.0203945636749268,0.16355770826339722,0.3198902,0.9744124772550364,1.9428038597106934,0.07073143869638443,0.5305042,0.9990456832766399,2.310286045074463,0.16227732598781586,0.28237858,0.9709217712407947,2.09355092048645,0.08538685739040375,0.4126781,0.981119677834678,2.1114308834075928,0.16485685110092163,0.29721266,0.9706016829181237,2.179504632949829,0.15825752913951874,0.33650127,0.9767654694098957,2.166532039642334,0.053305454552173615,0.40646923,1.005734900093729,2.0065557956695557,0.11128731817007065,0.47552952,0.955371036694101,1.9505963325500488,0.09926260262727737,0.47326732,0.9497961922123583,2.0332837104797363,0.1468016654253006,0.35380003,0.9721033099542243,1.738602638244629,0.17286476492881775,0.512771,0.9152648676375408,2.598405122756958,0.5424286127090454,0.47830608,0.4842771468795191,2.1301112174987793,0.22585515677928925,0.18716985,0.3862888366929943,2.3189477920532227,0.14584876596927643,0.16480577,0.6769390245457986,3.414334297180176
0,0.039674680680036545,0.26106298,0.7391881063732669,2.9266819953918457,0.01822529546916485,0.13891527,0.5438854598012476,2.085908889770508,0.0003650449507404119,0.14248374,0.32009453584368364,1.0129725933074951,0.11761153489351273,0.32860163,0.9673517396681165,1.6804193258285522,0.19603049755096436,0.2532109,0.9517415792454661,1.873834252357483,0.11260123550891876,0.38540557,0.9460847540658135,1.7090435028076172,0.2183283269405365,0.30431408,0.9609310191459545,1.8583825826644897,0.12823861837387085,0.2587483,0.9512557278261772,1.5495984554290771,0.2973378002643585,0.18063065,0.9656808826901211,1.6023834943771362,0.07832068204879761,0.45252705,0.9915264084330051,1.926081657409668,0.17881104350090027,0.29356727,0.9774904656051934,1.721669316291809,0.11022884398698807,0.5284068,1.0085300872249814,2.1434669494628906,0.20500756800174713,0.25197253,0.9770304870382581,2.192775011062622,0.08893421292304993,0.39011985,0.9919188032878633,2.286428928375244,0.17605099081993103,0.29141936,0.9761170680822953,2.19157075881958,0.1953049749135971,0.297604,0.978533752186699,2.163327217102051,0.09295684099197388,0.38756773,1.021555292074895,2.1950788497924805,0.1549196094274521,0.456426,0.9544267359283968,1.7865761518478394,0.1328754425048828,0.45506907,0.943258198812299,2.034339189529419,0.1631767451763153,0.3257215,0.9568536870398088,1.8670098781585693,0.22527964413166046,0.48835072,0.9004237338172921,2.583205223083496,0.558749258518219,0.4840312,0.4733696422273143,2.070822238922119,0.24896693229675293,0.18491536,0.3888688380397947,2.255735158920288,0.12926039099693298,0.18325698,0.656991024533442,3.251387596130371
0,0.055951736867427826,0.27302113,0.7382577164760084,2.9842703342437744,0.015229503624141216,0.13978514,0.555366284804977,2.187171220779419,0.00037585117388516665,0.14057682,0.31486291773405184,1.3282849788665771,0.1299820989370346,0.33991444,0.9674196420492005,1.799760103225708,0.19427047669887543,0.2508619,0.9503675766147325,1.8278931379318237,0.10442744940519333,0.38191202,0.9465898636560405,1.9087424278259277,0.23931969702243805,0.28647935,0.957339626016734,1.822769045829773,0.11691167950630188,0.25943765,0.9514188002819398,1.5781183242797852,0.29748690128326416,0.18951511,0.9639937943293586,1.4576644897460938,0.0690731555223465,0.4626117,0.9877313031378933,2.20290470123291,0.1751638948917389,0.2827751,0.9754048186057598,1.7498189210891724,0.08680249750614166,0.5393576,1.0042853469791688,2.4061505794525146,0.18104586005210876,0.25156456,0.9742521803603351,2.159019947052002,0.09457023441791534,0.38968575,0.9911714551833329,2.222097396850586,0.16256721317768097,0.2635959,0.9723703969225959,2.3727447986602783,0.18101629614830017,0.31137162,0.9817050285370694,1.9058277606964111,0.08083725720643997,0.3967882,1.0211045928715528,1.974433422088623,0.10545974969863892,0.47354618,0.9619764391045922,2.000884532928467,0.11426029354333878,0.46230233,0.9524449235972485,1.7765446901321411,0.15315096080303192,0.31748354,0.9750368433659612,1.8581551313400269,0.20273539423942566,0.49880892,0.9176794359015173,2.485189437866211,0.5390476584434509,0.49382734,0.4750296798906632,2.096532106399536,0.22535549104213715,0.1657055,0.4032911832747792,2.318204879760742,0.13456609845161438,0.15158722,0.6712104950307064,3.318706750869751
0,0.0358150415122509,0.2278114,0.7268478475061931,3.0529251098632812,0.018796510994434357,0.14426397,0.5365145847671879,2.275070905685425,0.0003223284147679806,0.13393985,0.3160129724957872,1.4978419542312622,0.1062551811337471,0.3517551,0.9651182340725724,1.8089585304260254,0.1917499601840973,0.27896586,0.9486504531869294,2.1565065383911133,0.10104285925626755,0.40144783,0.9464663064971557,1.9833837747573853,0.21549092233181,0.32057858,0.956730754136571,1.8953295946121216,0.1176220253109932,0.26313916,0.9520048791749616,1.8942393064498901,0.2816474139690399,0.20020112,0.9589231657103398,1.652001142501831,0.06168507784605026,0.47618625,0.9819071575384051,1.9883649349212646,0.1586708128452301,0.3123241,0.9715694150261504,1.5525306463241577,0.0718502402305603,0.5224355,0.9944946452476573,2.166321039199829,0.17240220308303833,0.27589592,0.968191240864625,2.1942696571350098,0.0762958750128746,0.37532178,0.9807028779526373,2.120203971862793,0.12786994874477386,0.26670942,0.9674570309718539,2.2555155754089355,0.11838798969984055,0.32165936,0.9748281978206854,2.2454655170440674,0.08407914638519287,0.40870827,0.9997930764154089,2.230100154876709,0.07098491489887238,0.48296556,0.9559997590025386,2.252831220626831,0.08979436010122299,0.5103842,0.9498341633296468,2.0138938426971436,0.12557657063007355,0.37089232,0.9731647047877735,1.910017728805542,0.14697684347629547,0.51010424,0.9303311246768234,2.512801170349121,0.486298531293869,0.48767778,0.500222433529829,2.2606194019317627,0.22146190702915192,0.18397756,0.4103886109923817,2.3905997276306152,0.12266360968351364,0.15874769,0.6964738385437006,3.544178009033203
1,0.025888215750455856,0.21743497,0.7412363377451017,2.6005871295928955,0.006458185613155365,0.1328544,0.5570716568224557,1.9292932748794556,0.0004121329984627664,0.10646019,0.3214663083900528,0.909635066986084,0.11761271208524704,0.33330446,0.9663783838448252,1.3996187448501587,0.17831844091415405,0.24540685,0.9520430541241922,1.737199068069458,0.1057780310511589,0.35941753,0.9387477260100703,1.9396644830703735,0.2506353557109833,0.25374553,0.9648246145997558,1.9192767143249512,0.12646892666816711,0.25453255,0.9488597593990505,1.7244880199432373,0.31007668375968933,0.17432065,0.9711369428910868,1.526160478591919,0.09675252437591553,0.42872107,0.9964447632584729,1.9813334941864014,0.19665268063545227,0.284642,0.9827825201232737,1.602187156677246,0.11278995126485825,0.49183857,1.0048346520225084,2.0623440742492676,0.23780681192874908,0.22775844,0.9764260846799833,2.051609992980957,0.10438574850559235,0.33331037,0.9847934263583489,2.190316677093506,0.21590058505535126,0.25458327,0.9746132475231973,2.029508352279663,0.21413856744766235,0.28334945,0.9775336287202423,1.9675228595733643,0.13639211654663086,0.39741784,0.987663662359961,1.9894540309906006,0.1929337978363037,0.42271736,0.9245319517383955,2.123063087463379,0.1786242574453354,0.4387212,0.9032712276513392,2.0164742469787598,0.20525382459163666,0.28338754,0.9475478376342584,1.9180185794830322,0.2866749167442322,0.47689185,0.882605757639577,2.4181902408599854,0.5775346755981445,0.52144206,0.4786476962559459,1.964550495147705,0.20966973900794983,0.22511671,0.3885745231194474,2.12504243850708,0.13750635087490082,0.19898206,0.6524195014785931,3.204876184463501
0,0.05309000611305237,0.23257351,0.7333412271404491,3.1761252880096436,0.031808894127607346,0.17993899,0.5513290094751468,2.377232313156128,0.00034651963505893946,0.14903168,0.31247754839266867,1.3807202577590942,0.10779169201850891,0.38130337,0.9660242806228332,1.6806448698043823,0.19754518568515778,0.2954744,0.9485171756877074,1.8919650316238403,0.09328596293926239,0.42008817,0.9497945362532283,1.7648472785949707,0.20846843719482422,0.34687954,0.9560160657881431,2.126826763153076,0.11880172044038773,0.27592558,0.9542545063358898,1.8424571752548218,0.29087507724761963,0.21105754,0.9589593453127405,1.7128582000732422,0.05893730744719505,0.48575288,0.9835438201738632,1.753983497619629,0.15988339483737946,0.33181545,0.9719570317041073,1.5691242218017578,0.06662719696760178,0.55590594,0.9988767334658256,2.238623857498169,0.14331035315990448,0.29957893,0.968492554480086,2.382075071334839,0.0994725301861763,0.4129761,0.9849022949111454,2.523094654083252,0.14394351840019226,0.30230466,0.9689285062538602,2.3752336502075195,0.15685148537158966,0.32339275,0.9761747780069515,2.1236989498138428,0.05700341612100601,0.3993547,1.0038121255920534,2.1881706714630127,0.09868276864290237,0.4720585,0.9610874796086697,1.5945965051651,0.10011546313762665,0.4963964,0.9572728135370683,1.7694134712219238,0.13830868899822235,0.35454902,0.9735322416154403,1.8353488445281982,0.1619802862405777,0.5221622,0.9269378169208135,2.5296895503997803,0.505906343460083,0.487753,0.4813333943324046,2.247401237487793,0.21561990678310394,0.17854461,0.39482851071913205,2.325066566467285,0.13188771903514862,0.16205183,0.6856377523518075,3.4809319972991943
0,0.027944911271333694,0.2712606,0.7247838007281389,2.6025335788726807,0.013316871598362923,0.13988183,0.5265756022180529,1.7501240968704224,0.00017803256923798472,0.12018336,0.31674882239033936,1.013336420059204,0.1283283829689026,0.3452878,0.9690337181109381,1.8210591077804565,0.21066221594810486,0.28907034,0.9547341611192898,1.9094197750091553,0.1271429806947708,0.40370005,0.9462222341504584,1.7605462074279785,0.24701054394245148,0.30521864,0.966825211299113,1.7911194562911987,0.14375855028629303,0.23633815,0.9557294418793003,1.9455492496490479,0.2946590483188629,0.18233389,0.9711889965858383,1.5759680271148682,0.09094966948032379,0.43801615,0.9975106746476884,1.9950380325317383,0.18887192010879517,0.2841145,0.9844446713189747,1.8909474611282349,0.1114063709974289,0.51893824,1.0222963095972137,1.9890143871307373,0.18689069151878357,0.2640844,0.9845803308087213,1.9054945707321167,0.10842738300561905,0.36429256,0.994548151829272,2.2347640991210938,0.1825445592403412,0.22731899,0.9791313412707928,2.1474790573120117,0.21040940284729004,0.28868556,0.9896291766617834,1.7487287521362305,0.11354753375053406,0.38762972,1.0220412009804738,2.289252519607544,0.16368429362773895,0.46548912,0.9580805243382995,1.9727199077606201,0.15256039798259735,0.45275062,0.9533013551901037,2.0910568237304688,0.18929538130760193,0.3441052,0.9833470217378075,1.735756754875183,0.2773444652557373,0.49099556,0.9134781065800474,2.4519476890563965,0.6121525764465332,0.42826384,0.47687705600870595,1.9253817796707153,0.25908163189888,0.22839108,0.40325889607940935,2.2539079189300537,0.17602728307247162,0.2080088,0.684139316182236,3.38800311088562
0,0.03689203038811684,0.27188525,0.7299901245063674,2.747828960418701,0.014203527010977268,0.14759819,0.53545719600873,1.954607367515564,0.00020512455375865102,0.123546466,0.3141178554872459,1.0874422788619995,0.12252647429704666,0.3391858,0.9692156253329947,1.8686577081680298,0.20640361309051514,0.26566795,0.9543848667031579,1.8803553581237793,0.11695919930934906,0.40126094,0.9442945105891242,1.6362841129302979,0.24670474231243134,0.30269265,0.9636578853065504,1.848585605621338,0.14040285348892212,0.24196084,0.9544790133818722,1.7295989990234375,0.2760782241821289,0.19219437,0.9699647386438378,1.5172444581985474,0.10101441293954849,0.45306748,0.9975181939427117,2.207336902618408,0.19120663404464722,0.295968,0.9832978316955017,1.9148316383361816,0.10554931312799454,0.54239345,1.0215376125811741,2.331594944000244,0.22120673954486847,0.25495386,0.9837493980525691,2.3118820190429688,0.12157672643661499,0.37572986,0.9945073919048822,1.7075080871582031,0.18439292907714844,0.24675342,0.9787179685266875,2.2262473106384277,0.20472827553749084,0.28576177,0.9893264389620838,2.0153005123138428,0.111843042075634,0.40081614,1.0185087170336389,2.0409607887268066,0.14710956811904907,0.47262314,0.9570403411473137,1.88443124294281,0.14449810981750488,0.47390473,0.9502227508675729,1.8344290256500244,0.18785229325294495,0.33210623,0.9697954257446256,1.7853968143463135,0.2601988911628723,0.46406716,0.9042168668260532,2.4047017097473145,0.5811927914619446,0.44820115,0.45686834240739504,1.960623860359192,0.259386271238327,0.21236938,0.3885516496262513,2.203655481338501,0.14938750863075256,0.20194793,0.6656962641829076,3.330838203430176
0,0.06215731054544449,0.24612138,0.736607558491976,3.1576292514801025,0.022251859307289124,0.16606227,0.5505090667054654,2.35573410987854,0.000561546825338155,0.14571774,0.31558151469195594,1.3209779262542725,0.10653451085090637,0.35611388,0.9647785455777707,1.652787446975708,0.20202015340328217,0.27212203,0.9470714892801082,1.961633324623108,0.11627628654241562,0.40133032,0.9491302191586586,1.9243558645248413,0.22563906013965607,0.32887027,0.9540010071511185,1.8727848529815674,0.12054862827062607,0.26358187,0.9535594082742478,1.9579557180404663,0.2849171757698059,0.19938537,0.9585843730020691,1.511673092842102,0.05152081698179245,0.4911279,0.9823709771646012,2.2764947414398193,0.1715751439332962,0.29104313,0.969858805928537,1.4440984725952148,0.06868104636669159,0.5559842,0.9974382953290147,2.290083885192871,0.17025278508663177,0.2743473,0.9689324350153279,1.9960083961486816,0.08165577799081802,0.40921742,0.9851141508847291,2.424470901489258,0.1453908234834671,0.27504474,0.9677107128492848,2.32417368888855,0.16551940143108368,0.3283664,0.9753731253882711,2.121520757675171,0.040987420827150345,0.40764883,1.008322420396287,1.9793460369110107,0.08939392864704132,0.4783296,0.9612963382798312,2.123415470123291,0.09975863993167877,0.4718655,0.9525117086239511,1.9272220134735107,0.1362304538488388,0.3428869,0.9738683667801571,1.8841421604156494,0.1541740894317627,0.52086705,0.9280866809972987,2.375915288925171,0.5061503052711487,0.5031688,0.48375920551977614,2.283367872238159,0.21635358035564423,0.17579642,0.40046339235165346,2.3885385990142822,0.12893003225326538,0.1375489,0.6814860411867945,3.436013698577881
0,0.05417221784591675,0.23613518,0.7313914841755697,3.1428420543670654,0.02317189797759056,0.18295461,0.5373985185691952,2.294344425201416,0.0003122211783193052,0.15115891,0.31295454747715756,1.5737996101379395,0.10206328332424164,0.3684351,0.9650477045881214,1.9317365884780884,0.1740470975637436,0.28704485,0.9485314233845447,2.244239091873169,0.09751611948013306,0.3935716,0.9489711703316055,1.944904088973999,0.18856871128082275,0.34824207,0.9579856392505381,2.0396411418914795,0.12278011441230774,0.27620652,0.9541361577353983,1.675487756729126,0.3025439381599426,0.19643408,0.9587276058646275,1.6463803052902222,0.05853790044784546,0.48502132,0.9807663931227661,2.3513689041137695,0.1664944589138031,0.31593034,0.9695051290140854,1.4571914672851562,0.07114049792289734,0.5483747,0.9951018527220382,2.0793988704681396,0.2112910896539688,0.27645567,0.9672521623336675,2.3337018489837646,0.0853104442358017,0.40006003,0.9785972734212973,2.2575573921203613,0.15823669731616974,0.29204598,0.9662571481288011,2.2169909477233887,0.16768878698349,0.33963943,0.9749051254207967,2.1458606719970703,0.07749976217746735,0.39194396,0.9972300886052858,2.364640474319458,0.10472269356250763,0.46545416,0.9508617307926791,2.12150239944458,0.09527368098497391,0.5067224,0.9456222346239583,1.971360683441162,0.13293208181858063,0.35050076,0.9682887111038805,1.9435575008392334,0.1732386201620102,0.531775,0.9207820657256515,2.559739112854004,0.5293626189231873,0.4781638,0.49304033842329476,2.1504411697387695,0.22712112963199615,0.17989555,0.39374153914841176,2.3591058254241943,0.15277214348316193,0.15578555,0.6867694170596159,3.4307265281677246
1,0.03754805400967598,0.24459334,0.7636033290783576,2.8959381580352783,0.024829288944602013,0.14037736,0.5938781761255232,2.0852205753326416,0.0005499003455042839,0.11974561,0.32777413463872246,0.9797709584236145,0.12067736685276031,0.38357672,0.9663076050601587,1.6155848503112793,0.19636133313179016,0.30396518,0.9501948380674617,1.5485610961914062,0.12004158645868301,0.45558226,0.9390373539455892,1.4071439504623413,0.25743716955184937,0.33203542,0.9542507362044964,1.665639877319336,0.10245718061923981,0.36303216,0.9418448993463576,1.3505239486694336,0.29191967844963074,0.19791856,0.9669109736913775,1.559370517730713,0.08726794272661209,0.5043932,0.989365962352923,1.3890889883041382,0.20867717266082764,0.34255022,0.9791019928170581,1.8570586442947388,0.1117229163646698,0.5562787,1.0026483721924404,1.9651985168457031,0.20195138454437256,0.28476432,0.9814623876187752,2.009716033935547,0.11346394568681717,0.4108522,1.0012303813326684,1.9183427095413208,0.23896092176437378,0.32722172,0.9809379836303588,1.8210480213165283,0.24872136116027832,0.35393658,0.9693740026632623,1.9207582473754883,0.09014066308736801,0.4323946,1.0238683289913346,1.9313817024230957,0.23628565669059753,0.5054202,0.9297685451200487,1.8636186122894287,0.22655527293682098,0.4233024,0.9013213081132397,1.8438284397125244,0.24715033173561096,0.3217691,0.8931598334715937,1.8343076705932617,0.30760449171066284,0.52049124,0.8257501283556521,2.196497917175293,0.6485933661460876,0.4896457,0.4191058808383469,1.6207077503204346,0.24991320073604584,0.1826149,0.28429790834742746,1.9477930068969727,0.19161437451839447,0.13548623,0.5118392525347845,2.7449657917022705
0,0.05343311280012131,0.25389922,0.729492623994786,2.466165542602539,0.010741675272583961,0.12582248,0.5323436024370142,1.6023664474487305,0.0001287716586375609,0.112362996,0.3151851544210188,1.2795524597167969,0.1334027498960495,0.33577576,0.9698605624097268,1.7042255401611328,0.22222505509853363,0.25793743,0.955216567072212,1.9226405620574951,0.12781685590744019,0.39724523,0.9402457723993544,1.7608282566070557,0.2776802182197571,0.2897074,0.9691972061442166,1.5011526346206665,0.15914013981819153,0.22407539,0.9489188564930796,1.8077365159988403,0.3077757954597473,0.17909904,0.9733556940981074,1.6727168560028076,0.11089073121547699,0.43390715,1.0039178897807957,1.889927625656128,0.19258534908294678,0.29676545,0.9889540138594713,1.7763172388076782,0.13617593050003052,0.4977386,1.030328240023256,1.9472472667694092,0.2425294667482376,0.23777302,0.9871730598673466,2.0678203105926514,0.12403269112110138,0.34019244,0.997927968401134,2.011131763458252,0.23014488816261292,0.20918398,0.9827426539468904,2.12888240814209,0.2249797284603119,0.2615142,0.9937263542510072,1.778469204902649,0.1812613308429718,0.3813639,1.0255907907580344,2.462369441986084,0.22154228389263153,0.4556468,0.9480687793002341,2.0349864959716797,0.19866763055324554,0.42978755,0.9437239119788648,2.147461175918579,0.22935539484024048,0.29804555,0.9736587052666549,1.6362764835357666,0.31240496039390564,0.43673897,0.8971433142827242,2.436372995376587,0.6285408139228821,0.4589047,0.46256732948067836,1.8545329570770264,0.2531074285507202,0.23154256,0.3897325846094152,2.110959529876709,0.17828817665576935,0.22927622,0.6723040448855754,3.3408772945404053
0,0.03256821632385254,0.2661509,0.7329979289649051,2.7833774089813232,0.014703800901770592,0.1545145,0.5334250513950775,1.9763858318328857,0.00023125443840399384,0.12800352,0.31263704532057685,1.206410527229309,0.11155262589454651,0.35893828,0.9694355494127584,1.9657362699508667,0.1909416764974594,0.29054743,0.9536630756632686,1.6880556344985962,0.1129353865981102,0.40136367,0.9460167340926533,1.6719176769256592,0.22422146797180176,0.32604584,0.9642625971584146,2.0767571926116943,0.14184923470020294,0.25693798,0.954093471524949,1.7735979557037354,0.29043859243392944,0.19518453,0.9696639886202524,1.5197277069091797,0.09982195496559143,0.44738403,0.9995919573197956,1.9681774377822876,0.18444499373435974,0.3155557,0.984960534600994,2.12239933013916,0.10366003960371017,0.5179222,1.0230315498168754,1.6628530025482178,0.19051794707775116,0.2521334,0.9831807479187268,2.176362991333008,0.0865551307797432,0.35797518,0.9939134457354808,2.14772367477417,0.16215956211090088,0.25052106,0.9785633842847531,2.188410758972168,0.1821437031030655,0.31432116,0.9905569944555027,1.789418339729309,0.14483781158924103,0.38668752,1.01229555288478,2.4655227661132812,0.20754779875278473,0.45642996,0.9509934119925185,2.406344413757324,0.13211534917354584,0.4621378,0.9445939575082547,1.7560348510742188,0.18017855286598206,0.339408,0.9693546715366608,1.8380171060562134,0.26487064361572266,0.47371718,0.9091681905510666,2.463611125946045,0.5951820611953735,0.44387916,0.4678445350205502,1.9778095483779907,0.2114345282316208,0.2101059,0.38924792293713234,2.199566602706909,0.1328980028629303,0.1867832,0.6758815659072133,3.3887057304382324
0,0.045341961085796356,0.27181667,0.7389861116367483,3.0555026531219482,0.01907019130885601,0.1560727,0.55814801890179,2.2732973098754883,0.0004013442376162857,0.1552182,0.31915657571973655,1.3041672706604004,0.11138082295656204,0.35909292,0.9667870887789951,1.6288387775421143,0.20114931464195251,0.2776821,0.9521848806063397,1.9283390045166016,0.11316690593957901,0.38804895,0.9510545005544302,1.7971683740615845,0.22201430797576904,0.3174433,0.9595355266847706,1.7799501419067383,0.10292929410934448,0.27838266,0.9565500593502478,1.8331470489501953,0.28499072790145874,0.20361693,0.9641537205644614,1.503280758857727,0.06452547758817673,0.4776115,0.9852125960457438,2.2068731784820557,0.17132721841335297,0.32439473,0.974358626038385,1.6755857467651367,0.08006995171308517,0.5390914,0.9988479585533613,2.275430679321289,0.1844203770160675,0.2644954,0.97151589527024,1.9877490997314453,0.08541454374790192,0.4107497,0.9834829881623396,2.143521308898926,0.15802469849586487,0.29424512,0.970509826639177,2.3676953315734863,0.15043245255947113,0.3244518,0.9773617764320788,2.2752723693847656,0.08220487833023071,0.40676454,1.008337676592096,1.9435330629348755,0.1152038425207138,0.4803755,0.952028707030201,1.9673471450805664,0.10434744507074356,0.470697,0.941520268596526,1.9324593544006348,0.13672511279582977,0.34936967,0.9625915131264569,2.1191036701202393,0.20513370633125305,0.51775855,0.9084609619678748,2.5035102367401123,0.5354369282722473,0.4764262,0.48750053897385687,2.111402988433838,0.22798915207386017,0.19359677,0.39233038247994645,2.242708921432495,0.14803734421730042,0.16128051,0.6737148366311765,3.40443754196167
0,0.04743751510977745,0.26842457,0.7365580448235031,3.0398738384246826,0.01766972430050373,0.15134855,0.5520760088500566,2.24640154838562,0.0003620660281740129,0.14560078,0.31957734002241206,0.9998406767845154,0.10552110522985458,0.35171878,0.9675447194532997,1.7875182628631592,0.1904032677412033,0.2695913,0.9514323719929084,1.8057167530059814,0.11989075690507889,0.372695,0.9502834010511283,1.734397053718567,0.22409747540950775,0.3183936,0.959219602937322,1.7592228651046753,0.13027654588222504,0.27819806,0.9574266496610686,1.8207781314849854,0.29874247312545776,0.19578457,0.9647691846300084,1.691108226776123,0.06854350119829178,0.47622752,0.9887518430617531,2.067319631576538,0.1765112280845642,0.30186358,0.9764458404869674,1.7282975912094116,0.08602076023817062,0.5284884,1.002636441381549,2.1669139862060547,0.1697787642478943,0.2537897,0.9733812810057385,2.094780445098877,0.08468447625637054,0.3922139,0.9839724450682196,1.9184175729751587,0.16669818758964539,0.2763233,0.9723731571038623,2.33864688873291,0.16089700162410736,0.30167368,0.977332586511869,2.2463197708129883,0.05284889414906502,0.40112042,1.0101654863350957,1.9776270389556885,0.13443534076213837,0.46938008,0.9539636921531282,2.066774845123291,0.1198321133852005,0.4688121,0.9442414955871608,1.9506111145019531,0.15368741750717163,0.35225222,0.9647900323966296,1.8348655700683594,0.2033376842737198,0.48430222,0.909878732539871,2.506035566329956,0.5444799065589905,0.46712473,0.48099372112948025,2.1375579833984375,0.22050771117210388,0.18265432,0.3820803944478369,2.3207828998565674,0.14397504925727844,0.16830358,0.6669077923347269,3.395080804824829
0,0.04177618399262428,0.26158148,0.7306855080122429,3.0823824405670166,0.011184059083461761,0.17467128,0.5415920378360766,2.277168035507202,0.0006508796941488981,0.15369874,0.31487741563986366,1.349919080734253,0.12624943256378174,0.36454344,0.965617447163359,1.8734300136566162,0.20181769132614136,0.28707156,0.9494267752226254,2.075120687484741,0.10227815061807632,0.4220782,0.9490003389879775,1.688524842262268,0.20634448528289795,0.32629564,0.957611335660676,1.7602834701538086,0.13008008897304535,0.2777037,0.9547830160967883,1.909580945968628,0.28372910618782043,0.21381916,0.9610371447400733,1.548619270324707,0.06765777617692947,0.46046305,0.9831551756743614,2.0643184185028076,0.18603196740150452,0.3493377,0.973328963214948,1.7347294092178345,0.08784612268209457,0.57837576,1.0024060046472423,2.2387897968292236,0.17972421646118164,0.28897646,0.970350425359005,2.272911310195923,0.09274701774120331,0.42476952,0.9845275849405228,2.218820571899414,0.1385767012834549,0.32958207,0.9698219943833107,2.4565799236297607,0.17123006284236908,0.3556467,0.9794805740541394,2.089952230453491,0.07671938836574554,0.39185008,1.0025997884197542,1.895581841468811,0.10530073195695877,0.47512668,0.9617315845257022,2.150210380554199,0.10889006406068802,0.4901897,0.9571950741055799,1.6362929344177246,0.13187776505947113,0.3548766,0.9764877036301043,2.0793747901916504,0.16265660524368286,0.5398957,0.9292842191210137,2.4950361251831055,0.544873058795929,0.47935858,0.4738827641979804,2.0936086177825928,0.24685445427894592,0.18562502,0.3951360556083959,2.336744546890259,0.14789876341819763,0.15169571,0.6834097602362633,3.4143853187561035
0,0.05657963082194328,0.2572182,0.7321397991208949,3.06901216506958,0.019930826500058174,0.15337169,0.536948412213132,2.274303436279297,0.0003533173003233969,0.13789594,0.31632377107398835,1.2165688276290894,0.11164648830890656,0.34306622,0.9653851203771936,1.804699420928955,0.16503296792507172,0.27640477,0.949974891845838,1.9288944005966187,0.10359521955251694,0.39166287,0.9491111391139327,1.7595630884170532,0.21686959266662598,0.32622743,0.9568623979662063,1.8022515773773193,0.10247275233268738,0.27134565,0.953546901572292,1.6810297966003418,0.28018903732299805,0.19490495,0.9606193728661775,1.564019799232483,0.06822668015956879,0.4660299,0.9834285395834511,1.708254337310791,0.15291664004325867,0.30760825,0.9722699188710493,1.6743152141571045,0.07806564122438431,0.5392513,0.9965810193968405,2.2051618099212646,0.18897931277751923,0.2626426,0.9702179205866386,2.0285298824310303,0.08457348495721817,0.36609682,0.9822737445521088,2.068722724914551,0.1339186578989029,0.27279353,0.9673982748192433,2.3329482078552246,0.14081110060214996,0.3121312,0.974943458617593,2.209690809249878,0.07575909048318863,0.41453302,1.0048218394964958,2.49438738822937,0.10206489264965057,0.4704856,0.9557585586610515,1.9379911422729492,0.0984157994389534,0.48606345,0.9466690755675604,1.9510834217071533,0.12903383374214172,0.34274688,0.9696842364563191,1.9389978647232056,0.17396491765975952,0.49561954,0.925854646573702,2.3715808391571045,0.5208147168159485,0.4751339,0.48164956341946524,2.168889045715332,0.2392486184835434,0.18674836,0.39250550649007715,2.3212459087371826,0.13037548959255219,0.15897505,0.6830754805223891,3.4707512855529785
0,0.038780681788921356,0.24613209,0.7360115767682831,3.0252134799957275,0.020278045907616615,0.14163147,0.5452627289731634,2.298422336578369,0.0005122340517118573,0.14790328,0.3183015882606803,1.3626667261123657,0.11592838168144226,0.33872515,0.9666500776427779,1.6023244857788086,0.18207716941833496,0.2566501,0.9495267366937923,2.0174174308776855,0.11421658843755722,0.3933434,0.949514002159083,1.759863018989563,0.1888311803340912,0.3023114,0.9572287004209191,2.1792001724243164,0.11909158527851105,0.26916745,0.954930787363653,1.9327871799468994,0.29613715410232544,0.19268218,0.9616711263671733,1.6547096967697144,0.05889945104718208,0.4825393,0.9864095768667365,1.906304955482483,0.16179773211479187,0.296991,0.97278292467857,1.866013526916504,0.06452087312936783,0.55489355,1.0018474805790303,2.2212164402008057,0.15656666457653046,0.2753481,0.9707794558953617,2.215688943862915,0.08460637181997299,0.4016035,0.9832777888630199,2.049712896347046,0.14844685792922974,0.27379936,0.9724653375620549,1.9622540473937988,0.14436325430870056,0.316415,0.9793205178869165,2.067554473876953,0.05003277212381363,0.39845788,1.0132784372698376,2.3757715225219727,0.09561944007873535,0.45783392,0.953965984133996,1.982738971710205,0.10685404390096664,0.47066945,0.9449434656070721,1.8326239585876465,0.12856729328632355,0.3462939,0.9654073492575325,2.0218753814697266,0.16151952743530273,0.49842155,0.9237783484673836,2.66269850730896,0.5307753682136536,0.4693858,0.4870267863987596,2.2454938888549805,0.25191861391067505,0.1850333,0.4021059538282101,2.42730712890625,0.13059081137180328,0.1545183,0.6773696228507406,3.4164083003997803
0,0.038323190063238144,0.26484853,0.733411108022707,2.9679675102233887,0.013456584885716438,0.15312876,0.5493978044980999,2.229055881500244,0.000494517560582608,0.13883424,0.3188191698742643,1.2453558444976807,0.11224470287561417,0.35677627,0.9666086050767684,1.5963218212127686,0.18798446655273438,0.27755585,0.9507290195339756,1.9589838981628418,0.11444185674190521,0.39597213,0.9465605818919459,1.4954804182052612,0.2213430255651474,0.32851937,0.9598780536831177,1.81639564037323,0.12569975852966309,0.2548377,0.9544685232116904,1.6240441799163818,0.2498060166835785,0.20285031,0.9649444470550173,1.3993711471557617,0.06216974928975105,0.46557212,0.9868014478679262,1.6071107387542725,0.1700383424758911,0.2959846,0.977303656935178,1.7242419719696045,0.08872176706790924,0.54041004,1.0063455964930923,2.1552886962890625,0.1720413714647293,0.25398237,0.97555210959203,2.2633628845214844,0.11345164477825165,0.36622983,0.9890582991753832,2.3782572746276855,0.15644380450248718,0.28862894,0.9746264173869236,2.380608558654785,0.1738387942314148,0.32143813,0.9822381769335363,1.794014811515808,0.06315985321998596,0.39769712,1.014623606809735,2.2481751441955566,0.12208066135644913,0.47780913,0.9596084699841015,1.9980590343475342,0.11288396269083023,0.4681473,0.9531942927328666,1.929309368133545,0.16244852542877197,0.32783243,0.9720220915068941,1.876204252243042,0.1846451461315155,0.50085,0.9235036341602508,2.6412999629974365,0.5498886704444885,0.47826397,0.4758929202289267,2.1044235229492188,0.2507317364215851,0.19173026,0.39179852110537156,2.221377372741699,0.14236681163311005,0.16153228,0.6800210809363362,3.3624918460845947
0,0.05387440696358681,0.25062516,0.7354340651401481,3.2591326236724854,0.026141319423913956,0.17572735,0.5497026591326604,2.4792773723602295,0.0004821118782274425,0.15043296,0.31337965458536055,1.6942411661148071,0.11027891933917999,0.37719977,0.9626949772071879,1.7654584646224976,0.2053527683019638,0.2915353,0.9450491858337228,1.998336672782898,0.10132481157779694,0.41134354,0.9490260400212956,1.9793369770050049,0.18802767992019653,0.35689896,0.9536366956895332,2.079180955886841,0.10635477304458618,0.27936795,0.9543554376857768,2.1802477836608887,0.27739083766937256,0.21455868,0.9575557322928747,1.3169788122177124,0.049256037920713425,0.5191704,0.9799781768662231,2.0791401863098145,0.16699181497097015,0.32752743,0.9691973099474149,1.850949764251709,0.06392104178667068,0.5464895,0.9926360008783477,2.272274971008301,0.15446187555789948,0.27635622,0.9665463592515599,2.1814746856689453,0.07525698095560074,0.41519055,0.9814905309771976,2.6325674057006836,0.11846164613962173,0.29017913,0.9666015601191609,2.3942556381225586,0.13272449374198914,0.3420013,0.9734247300324986,2.125274658203125,0.0722149908542633,0.39856908,1.0061630950218348,2.2253763675689697,0.1047901064157486,0.47682053,0.9605968943806673,2.3165040016174316,0.07634875923395157,0.48871773,0.9548611476556408,1.7532989978790283,0.11643151938915253,0.36325887,0.9697311783390137,1.9855880737304688,0.11720558255910873,0.5135773,0.9285958748279509,2.323840856552124,0.5071609020233154,0.47283635,0.48248175667238785,2.320636749267578,0.23430675268173218,0.16951697,0.3929112525038702,2.454049587249756,0.1407667100429535,0.14370441,0.6827343329832627,3.490945816040039
0,0.042290862649679184,0.27734077,0.7243195704047081,2.7916197776794434,0.013211808167397976,0.16639242,0.5260709707477607,1.9832971096038818,0.0005440691020339727,0.14001492,0.3127708286035742,1.1825262308120728,0.11598167568445206,0.36921614,0.9687295208495569,1.9016979932785034,0.18080660700798035,0.31398335,0.9528649116106714,2.058992385864258,0.11929205060005188,0.42351562,0.9466100018403372,1.765663743019104,0.238986998796463,0.3340551,0.962815912339761,1.8082917928695679,0.12267540395259857,0.2509851,0.9550029642177079,1.7968685626983643,0.28285226225852966,0.19941822,0.9684395862578707,1.5888237953186035,0.08511792123317719,0.45728284,0.995192289689588,1.8177794218063354,0.18192659318447113,0.3154979,0.9810849372719962,1.9056243896484375,0.09798876941204071,0.53382486,1.0176068400684848,2.1649932861328125,0.21827656030654907,0.28071082,0.9811716854147862,2.28230881690979,0.09159862995147705,0.3710221,0.9907930882313774,2.1606223583221436,0.19423054158687592,0.2357305,0.9762834297425648,2.0730397701263428,0.18651963770389557,0.282804,0.9870135158553383,2.159327983856201,0.1253347396850586,0.40242207,1.0121923766933094,2.262655735015869,0.13504387438297272,0.47154772,0.9543209053524264,2.0038304328918457,0.1299191266298294,0.45761925,0.9471274024355659,1.970944881439209,0.17187461256980896,0.34277737,0.9711942883119903,1.7684698104858398,0.2559245228767395,0.48251817,0.911749448385179,2.3863372802734375,0.6081366539001465,0.4405536,0.4699616532355744,1.9118337631225586,0.24734091758728027,0.19387141,0.385184030603317,2.1956498622894287,0.15373650193214417,0.17678651,0.6714879634255724,3.395332098007202
1,0.02784307487308979,0.26428443,0.7512479215981568,2.8860161304473877,0.023107241839170456,0.17556526,0.5767840949720301,2.1299428939819336,0.0006881801527924836,0.13164987,0.3156232768503729,1.2286827564239502,0.11578702181577682,0.3740845,0.9661759172059425,1.7772514820098877,0.20921552181243896,0.31415626,0.9554033394296061,1.2447668313980103,0.1042783334851265,0.43961757,0.9489283667496098,1.646562099456787,0.25403812527656555,0.33377463,0.9577929011323867,1.7040749788284302,0.11042501032352448,0.3181486,0.9432520125385001,1.3806512355804443,0.3045744001865387,0.1915961,0.9657858009003872,1.4326733350753784,0.09154969453811646,0.42736515,0.9880096220303923,1.4721033573150635,0.18719010055065155,0.356648,0.9786141307792738,2.014420509338379,0.09534726291894913,0.48978826,0.9955140462632777,1.9702807664871216,0.22226287424564362,0.26580727,0.9807763607766833,2.045508861541748,0.1172746941447258,0.32937104,0.9948189501047839,2.3182079792022705,0.2174045294523239,0.2718999,0.9782251745591075,1.8085072040557861,0.22782395780086517,0.2961769,0.9760976564701961,2.0407490730285645,0.10219322890043259,0.4086171,1.0088411489317453,2.085667848587036,0.18202275037765503,0.44986334,0.9366444974698537,2.1357500553131104,0.21624214947223663,0.42505097,0.9077385175091756,1.8004043102264404,0.26791712641716003,0.2842266,0.9082933370664198,1.6895205974578857,0.28690165281295776,0.48026925,0.8525644924798262,2.206747531890869,0.5719311833381653,0.5001852,0.40947895299656734,1.8050408363342285,0.2214893400669098,0.2044143,0.3064580045047777,2.0042247772216797,0.17310458421707153,0.1596732,0.5036721868400109,2.713111162185669
0,0.052517954260110855,0.2237544,0.7282205184872705,3.248387098312378,0.02193097583949566,0.1903136,0.5398541992456996,2.464446783065796,0.0004851046542171389,0.15145172,0.31282521176319544,1.6405348777770996,0.10940413922071457,0.3846947,0.9615677754932608,1.7659120559692383,0.1668161302804947,0.30287877,0.9441016544607349,1.8308444023132324,0.10187209397554398,0.42560917,0.9487853319322872,1.804368019104004,0.18934214115142822,0.35498658,0.9508175705710458,1.9881372451782227,0.10385765135288239,0.28893054,0.9538664237741288,2.034914970397949,0.2480425238609314,0.22061181,0.9548068614313022,1.6722497940063477,0.050731174647808075,0.5160414,0.9789374957950749,2.11148738861084,0.13961324095726013,0.3484266,0.9660229916290816,1.9296579360961914,0.05404413118958473,0.54969263,0.9904364472948459,2.489302158355713,0.1370120644569397,0.30229336,0.9616102532334477,2.039168119430542,0.0906352624297142,0.38715768,0.9782239189394344,2.204730272293091,0.14227762818336487,0.29271802,0.9644336405588351,2.355112314224243,0.1248050183057785,0.3845837,0.9721761616494663,2.135464668273926,0.04998694732785225,0.39715052,0.9993420856583055,1.6180694103240967,0.07375430315732956,0.46845865,0.9580315349575069,1.9258418083190918,0.06650318950414658,0.49342263,0.9562205864680733,1.9470869302749634,0.11885430663824081,0.30399457,0.9713361912428388,2.070140838623047,0.1251821219921112,0.53681684,0.9328591868401825,2.6714608669281006,0.47555962204933167,0.48443648,0.5036221204616543,2.398479461669922,0.2185288965702057,0.19162585,0.4125576391679401,2.6021759510040283,0.134921595454216,0.1491451,0.6794989415426269,3.4548215866088867
1,0.03253689035773277,0.24295393,0.7461045073403505,2.711944818496704,0.012748684734106064,0.14541724,0.5620720862768296,1.9925765991210938,0.00032085541170090437,0.11725509,0.32107714865892406,0.943383514881134,0.11760715395212173,0.33035,0.9658932636728311,1.703419804573059,0.18448254466056824,0.25598386,0.9518307304474908,1.7483887672424316,0.1028454452753067,0.36920318,0.9407045503347844,1.7297260761260986,0.2565140724182129,0.26849312,0.9636974803270693,1.7414507865905762,0.12510575354099274,0.2305872,0.9517631813160536,1.4279661178588867,0.30729639530181885,0.18208227,0.9724036796335986,1.5483298301696777,0.08883410692214966,0.43933427,1.0016991872396839,2.0514345169067383,0.18479417264461517,0.29888675,0.9853615798066843,1.7759674787521362,0.12836302816867828,0.5019835,1.0104001426821492,2.272672653198242,0.20276084542274475,0.2432177,0.9769241934674434,2.4129691123962402,0.10984841734170914,0.34611005,0.989617918017039,2.1919238567352295,0.20165379345417023,0.2627198,0.9757863964929228,2.291808843612671,0.21431051194667816,0.31816298,0.9830065354495742,2.0064191818237305,0.13759224116802216,0.39504257,1.0052168202249339,2.494905471801758,0.21896861493587494,0.42577702,0.9305182135066893,2.2412173748016357,0.1690443605184555,0.4438159,0.9140003539350029,2.0417897701263428,0.2054775506258011,0.3170954,0.9487585704950515,1.894632339477539,0.2532975971698761,0.4598259,0.8811335562639594,2.522068977355957,0.5623831748962402,0.51655143,0.4859575609769858,1.9774593114852905,0.21540643274784088,0.215334,0.38748604387676533,2.152308702468872,0.12399864196777344,0.20055029,0.6394575750675402,3.1253790855407715
0,0.06292380392551422,0.20844492,0.7387741136757746,3.2414987087249756,0.03982670232653618,0.17626771,0.5624950845978348,2.47403621673584,0.000706694379914552,0.14298624,0.31643730418708504,1.2672127485275269,0.10579346865415573,0.38282883,0.9649692096149847,1.7582989931106567,0.20286135375499725,0.29787827,0.9467056570863713,1.8001956939697266,0.10164226591587067,0.4137251,0.9496301752471722,1.7457319498062134,0.22688870131969452,0.33804876,0.9534626673154727,1.8723417520523071,0.10970769822597504,0.28656977,0.9530161424091433,1.8580535650253296,0.2794555127620697,0.20052433,0.9573217273408765,1.4296228885650635,0.05531970039010048,0.47636655,0.9813819035889892,2.1726675033569336,0.1657738983631134,0.32165417,0.9699810264566388,1.7475502490997314,0.06466023623943329,0.4490495,0.993281386891566,2.130450487136841,0.1624913513660431,0.2753404,0.9660470998235288,1.8938652276992798,0.07592273503541946,0.36422673,0.9802651647930372,2.4453601837158203,0.13483871519565582,0.27874967,0.9664739545153122,2.2597928047180176,0.17362985014915466,0.28726736,0.9709626790433216,1.9727003574371338,0.07550614327192307,0.40341058,1.0005284290259895,2.6724722385406494,0.11001361161470413,0.47373658,0.9569978660043368,1.872146487236023,0.08825558423995972,0.48207495,0.9498434108662838,2.0569257736206055,0.13162122666835785,0.3640803,0.9658049979927367,1.9058853387832642,0.15644392371177673,0.49744833,0.9220410413008736,2.354672431945801,0.4999607503414154,0.49638838,0.4759697258690328,2.2804412841796875,0.2073204070329666,0.1775586,0.39541095652343644,2.457723617553711,0.12418396770954132,0.13987696,0.6767348833866443,3.4805381298065186
0,0.029907558113336563,0.25342265,0.7266583994094084,2.967771530151367,0.015688322484493256,0.16042896,0.5311875463176343,2.147407293319702,0.0001898718619486317,0.1441187,0.31545250849637696,1.2803417444229126,0.11217573285102844,0.36801893,0.9673248586620655,1.8365291357040405,0.22515052556991577,0.28985474,0.9516308817371958,2.0054829120635986,0.10979540646076202,0.40462893,0.9502160613377947,1.832726240158081,0.22976824641227722,0.34882313,0.9614685348342136,1.816602349281311,0.13011501729488373,0.2820724,0.9561976942620178,1.713700771331787,0.30833935737609863,0.20080443,0.9620747955690786,1.7193055152893066,0.06704964488744736,0.45813277,0.9854064614575646,1.9013117551803589,0.16850979626178741,0.32233307,0.9761298188702772,1.466026782989502,0.08333881199359894,0.53090286,1.0044775530035488,2.0644192695617676,0.20994319021701813,0.27402616,0.9719294170829988,2.3854544162750244,0.10049466788768768,0.36429206,0.9846605239408236,2.1102147102355957,0.14173538982868195,0.29322392,0.9722621606859971,2.3367748260498047,0.1655491441488266,0.3120785,0.9802827371154009,2.13974928855896,0.07245895266532898,0.38487512,1.0090540217801336,2.280942678451538,0.1220552995800972,0.48752666,0.9610518390976867,2.0548601150512695,0.1094917356967926,0.47904968,0.9559226980480922,1.927523136138916,0.14579971134662628,0.3373827,0.984084166963184,1.8664915561676025,0.19639499485492706,0.52119535,0.9300537195030999,2.499290704727173,0.537132203578949,0.46000326,0.5013577432300649,2.150679588317871,0.2293841540813446,0.19244127,0.4229984672317753,2.372713804244995,0.15891039371490479,0.1784292,0.6959399036831263,3.5140745639801025
0,0.04482758417725563,0.24276881,0.736606067275253,3.108701705932617,0.02088158205151558,0.16321908,0.545712862708618,2.2630746364593506,0.0005244468338787556,0.14874327,0.31286816877921336,1.34286630153656,0.09383421391248703,0.35429338,0.9652852494990234,1.9900721311569214,0.1876794546842575,0.28267002,0.9484238699396839,1.797850251197815,0.1063070222735405,0.39816532,0.9478594912663574,1.819475769996643,0.18464399874210358,0.31394064,0.9558670997989761,1.9610569477081299,0.10935268551111221,0.2701362,0.9525218401181106,1.6960136890411377,0.2814997434616089,0.18741918,0.9588013559067244,1.6075390577316284,0.062307242304086685,0.48273838,0.9820640197114232,2.200493574142456,0.16638188064098358,0.31102782,0.972290511335906,1.6874274015426636,0.09118741005659103,0.54513913,0.998650046126485,2.351087808609009,0.17920653522014618,0.26400214,0.9694933241567341,2.2598989009857178,0.08237847685813904,0.40295267,0.9839078113752754,2.4722228050231934,0.1246943324804306,0.29689375,0.9707410373532391,2.4762380123138428,0.16107222437858582,0.3084093,0.9753401148619172,1.9666470289230347,0.06072436645627022,0.39177448,1.0016364998877734,2.316004753112793,0.09199704229831696,0.4706141,0.9541873954211435,2.5311572551727295,0.10051632672548294,0.47337443,0.9479959227937101,2.0331573486328125,0.12664121389389038,0.3434126,0.967251364060523,1.909635066986084,0.16017508506774902,0.50618255,0.9194009555362603,2.39726185798645,0.5054882764816284,0.47702363,0.47939332276047125,2.242048501968384,0.2298450767993927,0.19379167,0.39666089843329333,2.4368393421173096,0.15088173747062683,0.15890357,0.6740241642682864,3.4149177074432373
1,0.03653905913233757,0.24594335,0.7516151022773391,3.0737316608428955,0.02824566327035427,0.21016279,0.573351361871541,2.2947940826416016,0.000604613043833524,0.14350648,0.3117440795522391,1.141079306602478,0.12934014201164246,0.41556308,0.9664657739081731,1.4018932580947876,0.20622868835926056,0.34775817,0.952574226561011,1.7018344402313232,0.10188513994216919,0.44481257,0.952270300906519,1.8048936128616333,0.2321750372648239,0.33346918,0.9526118524946341,1.7909475564956665,0.10187198966741562,0.357948,0.9528791908957291,1.4094117879867554,0.2783313989639282,0.20590527,0.9618309117152019,1.3794586658477783,0.07837089151144028,0.47464842,0.9831983616474719,1.7587032318115234,0.17664393782615662,0.3524654,0.9723114509095127,1.6947487592697144,0.09950679540634155,0.4820703,0.9829796356511019,2.3010172843933105,0.18752190470695496,0.30591288,0.9688484118611717,1.7581661939620972,0.08850974589586258,0.31001264,0.9805413768217466,2.138774871826172,0.18322788178920746,0.27415952,0.9675639839436778,1.9695786237716675,0.22761991620063782,0.27273962,0.9637724158610905,1.9908026456832886,0.06021086499094963,0.41242814,1.0030618812349745,2.106839895248413,0.16255266964435577,0.5013737,0.9448915842466498,1.7557752132415771,0.19089482724666595,0.43433022,0.9265713353571801,1.4661765098571777,0.24031038582324982,0.3057374,0.9184629466069529,1.6660069227218628,0.21979156136512756,0.48467904,0.868889311008676,2.4073615074157715,0.6170887351036072,0.50971645,0.4100551594237667,1.6813976764678955,0.20762977004051208,0.16140032,0.2877699665682927,2.0675249099731445,0.15749575197696686,0.14747116,0.528772751148903,2.857332229614258
0,0.04623178765177727,0.24775846,0.7525449699473123,3.1446797847747803,0.03184415027499199,0.13817203,0.5718136701526594,2.3786919116973877,0.000954283750616014,0.14805867,0.3237268754961686,1.0872629880905151,0.09336569905281067,0.36234728,0.9671729452529184,1.9970591068267822,0.1533985137939453,0.2553769,0.9447730096940543,1.8869991302490234,0.09893748909235,0.37039822,0.9423904824618423,1.7685644626617432,0.17771758139133453,0.28249308,0.9569492504237348,1.8333829641342163,0.09685976058244705,0.26498812,0.9468045648091676,1.6060664653778076,0.29831746220588684,0.18448405,0.9630938770595512,1.4485270977020264,0.04599541053175926,0.4811838,0.9890826770756507,2.3301990032196045,0.1637522280216217,0.2736307,0.9782753624351948,1.8044544458389282,0.06555979698896408,0.4990058,1.0097058422636584,2.2085726261138916,0.16179214417934418,0.22936855,0.973341064552464,2.003086566925049,0.08912046998739243,0.3719117,0.9912495887884293,2.37575626373291,0.16046079993247986,0.21829428,0.97316375530516,2.085650682449341,0.16693368554115295,0.30445156,0.9755758721378331,1.9056109189987183,0.049132734537124634,0.4182616,1.0031126703697788,1.504197120666504,0.12328911572694778,0.4548177,0.9413952812056314,2.2068305015563965,0.11486490815877914,0.45918006,0.9253148913429919,2.1330676078796387,0.1596093326807022,0.33905452,0.9476234441154016,1.8922176361083984,0.18660412728786469,0.45279202,0.891205214101863,2.4904377460479736,0.46936169266700745,0.4888827,0.531225757121653,2.42179799079895,0.22619862854480743,0.1809542,0.43727584153256777,2.5074963569641113,0.12907274067401886,0.15601467,0.666660098441527,3.330138921737671
1,0.04816528782248497,0.23667856,0.7447989298991667,3.3982620239257812,0.03368453308939934,0.2259233,0.5624457202194278,2.6737060546875,0.0006050803931429982,0.15246905,0.30600537241696435,1.627131462097168,0.09146709740161896,0.42343545,0.9602775683403951,1.7424674034118652,0.18463340401649475,0.354642,0.943894137638985,1.9149882793426514,0.11096625030040741,0.451802,0.9491312426464026,1.633668065071106,0.217025026679039,0.36128035,0.9435685920833313,2.0457234382629395,0.10125253349542618,0.34001455,0.9494182132216689,1.6237156391143799,0.2844742238521576,0.21332732,0.9472722372637291,1.8184316158294678,0.06477948278188705,0.46334514,0.971315816090086,1.971360683441162,0.1398943066596985,0.35924807,0.9605149272261504,2.1458075046539307,0.07033847272396088,0.471444,0.9748460049613492,1.4281926155090332,0.15090911090373993,0.30309787,0.9586906058358253,2.164123058319092,0.07964672148227692,0.32050517,0.9694441404796178,2.1296427249908447,0.14478187263011932,0.3062654,0.9571118626543147,1.9873695373535156,0.11779900640249252,0.32410377,0.9543649305044833,2.3196771144866943,0.04473761096596718,0.40421313,0.9780498325029465,2.1779561042785645,0.09863249957561493,0.5154596,0.9413422303585068,1.857921838760376,0.12628838419914246,0.43209437,0.9306146316437357,1.8027596473693848,0.18156585097312927,0.3323148,0.9258627208481226,1.8590657711029053,0.13598217070102692,0.50390583,0.8972727309111721,2.487075090408325,0.5632316470146179,0.4861424,0.4364380346912978,1.881397008895874,0.1821587085723877,0.15036869,0.2928620066004961,2.200838088989258,0.13604623079299927,0.11917716,0.5665114373894247,3.153736114501953
0,0.027768030762672424,0.25599605,0.7334688435854251,2.7646491527557373,0.010133729316294193,0.13499759,0.535056180016203,1.8391895294189453,0.0002045801084022969,0.12362147,0.31342089992914957,1.037820816040039,0.11339595913887024,0.34554642,0.9692316229135328,1.778202772140503,0.2127026915550232,0.2806187,0.9542255817672428,1.932707667350769,0.11983642727136612,0.40142384,0.9452202412569951,1.7131026983261108,0.24946582317352295,0.3081728,0.9635570117891951,1.7687439918518066,0.14188425242900848,0.24298891,0.9535447724242645,1.7822785377502441,0.2861483097076416,0.19075507,0.970179313114564,1.6140294075012207,0.1091313511133194,0.45284343,0.9966661088517444,2.109557867050171,0.2037472277879715,0.29600087,0.981625720727923,1.8088266849517822,0.09891221672296524,0.5187735,1.0172825826015148,2.0090713500976562,0.2055504024028778,0.24953042,0.9835379936626371,2.330915689468384,0.10370136052370071,0.36559492,0.9949046271671711,2.520547389984131,0.20380951464176178,0.21652494,0.9782071555567147,2.088789224624634,0.20688144862651825,0.26848426,0.987859678532992,1.9511184692382812,0.1330924928188324,0.4132288,1.0175093987171198,2.2941582202911377,0.2066255807876587,0.46599534,0.952876882568832,1.9716559648513794,0.15153621137142181,0.4110017,0.9434938799884929,1.8663663864135742,0.18916746973991394,0.33438224,0.9663385659394531,1.6426303386688232,0.2642907500267029,0.45722616,0.9015897784129189,2.467517852783203,0.6076801419258118,0.44757932,0.45913947869438987,1.89860200881958,0.25703123211860657,0.20899513,0.3800982456573199,2.1626391410827637,0.14970625936985016,0.20291719,0.661854959692554,3.3386662006378174
1,0.01956428401172161,0.2335586,0.7292602852217065,2.392113208770752,0.004641241859644651,0.12932031,0.5307272154828064,1.777605414390564,0.0003061553288716823,0.10245603,0.3171067852835565,1.201150894165039,0.12336994707584381,0.3248931,0.9676854183297989,1.8555644750595093,0.19002896547317505,0.23532043,0.9515589487551089,1.6621432304382324,0.1135135367512703,0.35031924,0.9363165225890048,1.62982177734375,0.25970378518104553,0.25525033,0.9660871122935124,1.616876482963562,0.13162004947662354,0.23478608,0.9462113497511262,1.7805705070495605,0.3129443824291229,0.16757415,0.9687538580444623,1.6640971899032593,0.0992666482925415,0.37982365,1.0071880449910815,2.070366144180298,0.18141944706439972,0.27037174,0.9827089865837111,1.7794733047485352,0.11698233336210251,0.45635247,1.014100241249384,2.116757392883301,0.22800098359584808,0.2264202,0.9786970595892485,2.137402296066284,0.12616591155529022,0.24608375,0.9895159820843044,2.3806424140930176,0.2358693778514862,0.23500742,0.978326001047696,2.23565673828125,0.19652768969535828,0.26556396,0.9839796623116411,2.1849920749664307,0.20108817517757416,0.34100693,1.0149002872918462,2.3895044326782227,0.2074650526046753,0.42600024,0.9523739234107688,2.441195011138916,0.17921167612075806,0.45931843,0.9414932427001904,2.105696201324463,0.21008284389972687,0.3051501,0.9620811980859192,1.948016881942749,0.2709835171699524,0.46467268,0.8903819168664275,2.4392380714416504,0.5785971283912659,0.5091328,0.46699979770916733,1.9529041051864624,0.21853938698768616,0.23084408,0.3911849169931818,2.173401355743408,0.13142146170139313,0.22698049,0.653718264973813,3.178460121154785
0,0.042684294283390045,0.2730169,0.7249294320858121,2.568122386932373,0.011408653110265732,0.1598544,0.5251719874726806,1.7450190782546997,0.0001149792005890049,0.13179177,0.3211093999083334,1.293381690979004,0.12758855521678925,0.34187597,0.9700238356054375,1.6326653957366943,0.1993328332901001,0.29723257,0.9560799231649856,1.8768473863601685,0.12005016207695007,0.40810406,0.9444720027617945,1.6641700267791748,0.22547928988933563,0.31197003,0.9669918491807514,1.9185426235198975,0.16506065428256989,0.24622509,0.9569610753939959,2.0328593254089355,0.2916620671749115,0.19997337,0.9715659101991402,1.5115774869918823,0.09935015439987183,0.40814808,0.9997728377042439,1.9720556735992432,0.19431573152542114,0.30730942,0.9863270399350196,1.959398627281189,0.11431454122066498,0.4953473,1.0230887661755088,2.191593647003174,0.21096377074718475,0.26450995,0.9817545937057068,2.278895854949951,0.10600169748067856,0.3339642,0.9916120998995708,2.267932653427124,0.20066754519939423,0.25579053,0.980103628604356,2.296001434326172,0.23262068629264832,0.29990306,0.9912407703274835,1.9404207468032837,0.13560806214809418,0.37509212,1.0202834699324261,2.4753618240356445,0.194014772772789,0.46174583,0.9516299841155157,2.0616912841796875,0.15737389028072357,0.4322608,0.9488309842651466,1.8617316484451294,0.195323646068573,0.32755795,0.9727070896734572,1.6031246185302734,0.29188272356987,0.48602325,0.9059628341932068,2.3843746185302734,0.6188973784446716,0.46468553,0.4624847430782987,1.882479190826416,0.2511540949344635,0.21375242,0.38600005422668204,2.1659064292907715,0.14955642819404602,0.20780268,0.6706606612621476,3.3582091331481934
0,0.04402484744787216,0.23920625,0.7256687172049114,3.0925204753875732,0.021624978631734848,0.16197376,0.5375729499159403,2.3617167472839355,0.0005003003752790391,0.14522412,0.31633333480263015,1.2435683012008667,0.11227376013994217,0.36041808,0.9655616851846351,1.987398386001587,0.1929013431072235,0.28571737,0.9485163286424393,1.934450387954712,0.11473032087087631,0.4022453,0.9497253811600401,1.5816149711608887,0.21771922707557678,0.3061794,0.9552080060479782,2.016568899154663,0.12926654517650604,0.27827004,0.9546746933743893,1.9527587890625,0.29425039887428284,0.19439113,0.9580342466542537,1.802728533744812,0.07180463522672653,0.48307455,0.9818551392137256,2.0045950412750244,0.16536884009838104,0.31819046,0.9717177511812763,1.5907994508743286,0.07427472621202469,0.576777,0.9985441347012574,2.258723735809326,0.1751185953617096,0.2648201,0.9667657012139846,1.784583568572998,0.08583222329616547,0.41515496,0.9817089994256193,2.327958106994629,0.14688152074813843,0.3130457,0.967348796282207,2.4362409114837646,0.1415826976299286,0.32557818,0.9738822291306858,2.204366683959961,0.06787119060754776,0.40447575,1.0024278123695676,2.271742343902588,0.09567323327064514,0.48002145,0.9552241834321973,2.0704243183135986,0.08940479159355164,0.47359708,0.9491775011358364,1.6972730159759521,0.13229386508464813,0.33916333,0.9643138342284664,1.819919466972351,0.17010165750980377,0.5242774,0.9195543567300735,2.6690220832824707,0.5279185175895691,0.49473166,0.477199545751109,2.2027323246002197,0.2152431160211563,0.18948671,0.388292839403475,2.4048383235931396,0.14466239511966705,0.16047561,0.6516318852997672,3.336989641189575
1,0.03781634941697121,0.27904764,0.754077490335063,2.937671184539795,0.02298969402909279,0.20176646,0.581050064393835,2.209998846054077,0.0004652796487789601,0.15168637,0.32117360176497395,1.4833190441131592,0.11384744942188263,0.4060479,0.9673686936145057,1.5981066226959229,0.2033001333475113,0.33262,0.9541578251443141,1.682107925415039,0.12917228043079376,0.42924616,0.9501569938643771,1.897073745727539,0.24794848263263702,0.33068898,0.9533252142666102,1.8275612592697144,0.11411380767822266,0.343415,0.949772142632224,1.2475335597991943,0.31060245633125305,0.20063122,0.9642966935700085,1.3428270816802979,0.08941731601953506,0.45623088,0.9911987803608788,1.7824207544326782,0.19586054980754852,0.3316613,0.9755876578350979,1.8129318952560425,0.08315809071063995,0.51152456,0.9931399782204985,2.041917562484741,0.2079954594373703,0.27546987,0.9754343125753032,2.033186912536621,0.09805368632078171,0.34022516,0.9896136786997404,2.25429105758667,0.22781461477279663,0.2813085,0.9715194461183029,2.1962809562683105,0.20452816784381866,0.3091153,0.9676558630216465,2.1685869693756104,0.10425924509763718,0.4120421,0.9974550827313361,1.8193169832229614,0.19376152753829956,0.44940534,0.9379981705699215,2.1171696186065674,0.21309873461723328,0.4189292,0.9146092635634706,1.9141770601272583,0.2473151683807373,0.31262273,0.9095804334650104,1.73585844039917,0.2648133635520935,0.48688176,0.8492864889985545,2.244114398956299,0.6096563935279846,0.49429205,0.39545917306592676,1.6838582754135132,0.21516574919223785,0.16659123,0.2890893288866744,2.0570483207702637,0.17879673838615417,0.14041582,0.49907299474693434,2.728861093521118
0,0.02651718631386757,0.27694896,0.7258923155904238,2.6495933532714844,0.011670476756989956,0.14058824,0.5272609953205106,1.7430906295776367,0.0002587661729194224,0.12686908,0.3187337103887189,1.3075954914093018,0.1288863867521286,0.32466942,0.9699591783567183,2.06518816947937,0.18526214361190796,0.25215402,0.9553092102864629,2.080275058746338,0.12304030358791351,0.38428617,0.9429550349602603,1.8841599225997925,0.25838661193847656,0.2644416,0.965104561257241,1.7958521842956543,0.15473908185958862,0.23242359,0.9523366960468855,1.6422383785247803,0.29477882385253906,0.18912467,0.9708036720072222,1.7037456035614014,0.10515063256025314,0.40828806,0.9977719217068439,2.257136344909668,0.19087854027748108,0.26374903,0.9856084470442302,1.8153722286224365,0.11499633640050888,0.45837566,1.0273618795578459,2.019606351852417,0.21022459864616394,0.24655561,0.983811229961218,2.1580111980438232,0.10700318217277527,0.30359405,0.9948979698266568,2.4014978408813477,0.20979686081409454,0.22635429,0.9809628121314723,2.1167006492614746,0.21039363741874695,0.24454962,0.9943782797422615,2.015507459640503,0.15497060120105743,0.3872948,1.0262048991215966,2.56227970123291,0.17435695230960846,0.46039695,0.9587754308129336,1.8015031814575195,0.1649121642112732,0.42514282,0.9540985725229255,1.9598149061203003,0.20315712690353394,0.2967058,0.9743031784258657,1.69757080078125,0.2829911410808563,0.43298557,0.9019688807284225,2.4469151496887207,0.624280571937561,0.4481451,0.46088554696594863,1.8808026313781738,0.24999117851257324,0.22588174,0.38013706796851343,2.1704349517822266,0.14728887379169464,0.20142141,0.6555141227312313,3.299032211303711
0,0.03261234611272812,0.27609935,0.7323600046558879,2.9127206802368164,0.012093656696379185,0.15454416,0.5427651644309489,2.065659999847412,0.000283134839264676,0.14047562,0.32439071977688483,1.2209601402282715,0.11885251104831696,0.34660682,0.9675397971776504,1.6843358278274536,0.1926470845937729,0.28473887,0.9511655231918534,1.9269094467163086,0.1011989638209343,0.40363222,0.945548509175445,1.55789315700531,0.22467388212680817,0.3229857,0.961106853784398,1.9429227113723755,0.14215534925460815,0.27094495,0.9521280076915083,1.5616672039031982,0.3053857684135437,0.19655433,0.9635563601921673,1.6018404960632324,0.07599582523107529,0.45162573,0.9870689914142579,1.7460981607437134,0.1758795529603958,0.3188171,0.9769187859657665,1.539772629737854,0.08720281720161438,0.53407043,1.009762372285445,2.277539014816284,0.18990081548690796,0.26295725,0.9750510734053159,2.309037208557129,0.09120982885360718,0.39396453,0.98738394669014,2.489119291305542,0.1658753752708435,0.31851333,0.9734497971679111,2.483912944793701,0.16858069598674774,0.34976044,0.984927493469237,2.0136547088623047,0.09704730659723282,0.37708822,1.0140275401862697,2.445422410964966,0.11178479343652725,0.49319708,0.9616745051609165,2.19834041595459,0.12920615077018738,0.46445462,0.9544647976907472,1.878843069076538,0.16125211119651794,0.34278864,0.9756464613766648,2.031010150909424,0.22136007249355316,0.5305808,0.9196064873106365,2.44366717338562,0.5625694990158081,0.47374678,0.4755521860730018,2.0478246212005615,0.2481141984462738,0.20166083,0.39764198220021096,2.253406524658203,0.15799959003925323,0.18349794,0.6802642729028673,3.3663554191589355
0,0.035983070731163025,0.26210624,0.7337265794128579,2.8607544898986816,0.008188346400856972,0.17167935,0.5424189078710175,2.0135715007781982,0.0003407085605431348,0.12886286,0.3211976168895915,0.9885962009429932,0.11792092770338058,0.34870452,0.9680336744461223,1.7039474248886108,0.19796974956989288,0.26523712,0.9522706584566859,2.020859956741333,0.12403708696365356,0.37502515,0.9454858638843564,1.6628971099853516,0.2293996810913086,0.28569996,0.9621140027265741,1.8907666206359863,0.1367231160402298,0.2513401,0.954274843155485,1.9629279375076294,0.2886594533920288,0.17502671,0.9656065363789009,1.6400904655456543,0.0847984030842781,0.42672646,0.992942100712698,2.027775526046753,0.17878630757331848,0.30616173,0.9821298675823772,1.591369867324829,0.08925776183605194,0.46015972,1.009379112464314,1.843961238861084,0.19941291213035583,0.22599688,0.9734474047937031,2.3089661598205566,0.10399496555328369,0.3173939,0.9866317797490822,2.1562185287475586,0.18216975033283234,0.25341412,0.9749058431077154,2.336355209350586,0.1895735263824463,0.2573558,0.9809835560044098,1.9699645042419434,0.11468920856714249,0.3826775,1.0070444113470476,2.2924890518188477,0.15100760757923126,0.4567726,0.9511747704734665,1.861340880393982,0.13584162294864655,0.41096714,0.9446665071976608,1.9508572816848755,0.18125410377979279,0.3182688,0.9656002665647713,1.8095698356628418,0.23948949575424194,0.4524861,0.9075954294506186,2.4803359508514404,0.5608577728271484,0.48163334,0.47043906192460455,2.092388391494751,0.2277185320854187,0.20995905,0.3893652919893638,2.2422022819519043,0.13812866806983948,0.18694434,0.6459471446368649,3.2337942123413086
0,0.038727518171072006,0.25678536,0.7385475308507552,2.7717232704162598,0.0177351962774992,0.10945678,0.539952087042621,1.9799818992614746,0.0003453797835391015,0.11872687,0.3135917490744154,0.9824094176292419,0.12171951681375504,0.32716033,0.9690666501981622,1.8455638885498047,0.19630618393421173,0.25766262,0.9537674061009851,2.037431478500366,0.12067293375730515,0.38803917,0.9421266219291168,1.628068208694458,0.24626396596431732,0.28235602,0.9629479220557288,1.7947044372558594,0.15547411143779755,0.24949875,0.9511989835390735,1.4919804334640503,0.29234638810157776,0.18994391,0.9696863450642462,1.5799810886383057,0.1023905873298645,0.44254616,0.9949197501246189,1.8966865539550781,0.18985134363174438,0.2746261,0.9817790368395071,1.6522786617279053,0.09230215847492218,0.5102216,1.0171445020310446,1.7810931205749512,0.21361210942268372,0.23349598,0.9844431854662107,2.2721047401428223,0.10212507098913193,0.329802,0.9939801478736807,2.05831241607666,0.1989075392484665,0.21067847,0.9748811945265916,2.1776161193847656,0.19282197952270508,0.25930512,0.9874242273230487,1.9807435274124146,0.10026416927576065,0.3915109,1.0144701477612945,2.178105354309082,0.15537330508232117,0.46363863,0.944933695928594,1.9155327081680298,0.1561717987060547,0.42797285,0.9341622465513856,1.9675414562225342,0.18387217819690704,0.3075647,0.9610851706983479,1.8108278512954712,0.2942069470882416,0.45541388,0.8943770868360605,2.3016533851623535,0.6104137301445007,0.45380825,0.47074579335402433,1.9419386386871338,0.26719930768013,0.22250895,0.386395431834404,2.201058864593506,0.14431744813919067,0.19020039,0.657030887066673,3.2616817951202393
0,0.02348168194293976,0.24520473,0.742992426517846,2.7200114727020264,0.010665098205208778,0.14977746,0.5640004403342224,1.8992865085601807,0.00036538377753458917,0.11201676,0.32696007900666824,0.9783067107200623,0.11646909266710281,0.33498773,0.9662499846037562,1.840024471282959,0.18276207149028778,0.24683535,0.9513416083222979,1.8468921184539795,0.10842138528823853,0.3500324,0.9385077503767306,1.6559832096099854,0.25546911358833313,0.25962293,0.9643677325587057,1.7693030834197998,0.12248215824365616,0.25544566,0.9508298721174048,1.6141774654388428,0.300933837890625,0.1770085,0.9721077541128008,1.5014694929122925,0.08443264663219452,0.43605942,0.9996345177696453,1.9467066526412964,0.18928411602973938,0.29138532,0.9845984131173182,1.7360765933990479,0.10389530658721924,0.4939957,1.0082030949157605,1.9396333694458008,0.2184849977493286,0.2316215,0.9763973886052171,2.17254900932312,0.11271484196186066,0.34845442,0.987282151459667,2.4652748107910156,0.20603403449058533,0.2672549,0.9774748521323868,2.3303422927856445,0.2126210331916809,0.30885744,0.9823736781154043,1.994465708732605,0.14316172897815704,0.38136372,0.9976249790026877,2.2031009197235107,0.20133283734321594,0.4121061,0.9268406550271405,2.2231907844543457,0.17643281817436218,0.45143476,0.9055163350156791,2.1239287853240967,0.202042356133461,0.30437773,0.9477205244949444,1.920676350593567,0.28722092509269714,0.4903511,0.8881244696595512,2.4830267429351807,0.5699151158332825,0.5246302,0.4906917539495453,1.9510157108306885,0.22568382322788239,0.20737842,0.3906602680782387,2.1475720405578613,0.13712194561958313,0.1987786,0.634735711250753,3.1358368396759033
0,0.042652104049921036,0.2656588,0.7331746423406422,2.8966116905212402,0.013991601765155792,0.15692802,0.5513336411309144,2.081946849822998,0.0002915168006438762,0.13328347,0.3225597908014661,1.0810881853103638,0.12647806107997894,0.33444166,0.9682794309812067,1.8399152755737305,0.20378932356834412,0.25137746,0.9522877294347308,1.764853835105896,0.1237107589840889,0.37615526,0.9412625984109529,1.8623720407485962,0.23578931391239166,0.29183146,0.959859656627633,1.8813813924789429,0.1490435153245926,0.25290757,0.9514070273000823,1.571276068687439,0.3165433406829834,0.18418522,0.9653760105065319,1.6476107835769653,0.09391958266496658,0.43345436,0.9935712568625945,1.879351019859314,0.16108612716197968,0.31589544,0.9820706535373662,1.6791478395462036,0.09947268664836884,0.4740727,1.0059917839755186,1.7836834192276,0.18941611051559448,0.22400856,0.9729707403576981,2.3419387340545654,0.1038077101111412,0.3210191,0.9873225080148162,1.8886733055114746,0.16139738261699677,0.27310842,0.9755552598866523,2.381920576095581,0.18916451930999756,0.27484432,0.9810924672101832,2.02763032913208,0.14055240154266357,0.3858807,0.9993015986214442,2.140263557434082,0.14791934192180634,0.4236574,0.9446425024659065,1.8781239986419678,0.12123219668865204,0.41522038,0.9377175201002814,2.2132108211517334,0.18176762759685516,0.3046933,0.966120353472865,1.7199410200119019,0.22895579040050507,0.48567265,0.903619257767215,2.6180553436279297,0.5690863132476807,0.48780087,0.47147099094266076,1.995640754699707,0.2367997020483017,0.20311558,0.38222066864601334,2.20615291595459,0.1517696976661682,0.18664533,0.6521453887749573,3.227883815765381
0,0.039137180894613266,0.2391943,0.7209053234397369,3.108717918395996,0.01274100411683321,0.20980465,0.5329063622552697,2.356003999710083,0.0005479655810631812,0.12166323,0.307968956577702,1.5465357303619385,0.10413483530282974,0.3904106,0.9617868266620052,1.9198946952819824,0.18505342304706573,0.28400403,0.9457354440209191,1.8857470750808716,0.10886786133050919,0.39823592,0.9485354058213519,2.045726776123047,0.19687773287296295,0.33067518,0.9517630365628837,1.911035418510437,0.09847235679626465,0.28138244,0.9506928058743944,1.8335036039352417,0.24295130372047424,0.19584556,0.9535649660034275,1.5376825332641602,0.06546047329902649,0.44251287,0.9792255198484153,1.8720357418060303,0.15466445684432983,0.2954131,0.9677823853220789,1.8468323945999146,0.05678737908601761,0.5045758,0.9859271319479394,2.3886559009552,0.15348263084888458,0.28087616,0.9633455071334126,1.9112967252731323,0.08903888612985611,0.3170361,0.9751884808227742,2.045477867126465,0.15820170938968658,0.25881216,0.9671133071337732,2.2865993976593018,0.14990927278995514,0.30570117,0.9734495953788674,2.133389711380005,0.06017640605568886,0.35629177,1.0068708099742258,2.17089581489563,0.10738341510295868,0.44121212,0.9708693097216478,2.244001865386963,0.07675791531801224,0.45234305,0.965194249277067,2.1335439682006836,0.13369795680046082,0.31123888,0.9735445479359149,1.9370396137237549,0.1375308334827423,0.48261386,0.9289861308833331,2.4483368396759033,0.49078312516212463,0.48834082,0.4757328557465441,2.3646695613861084,0.20250554382801056,0.19024444,0.38477916067539947,2.3823158740997314,0.14881104230880737,0.16412817,0.6609052846801171,3.379783868789673
0,0.03483761474490166,0.25619346,0.7295100545663094,2.6241469383239746,0.010794086381793022,0.14396036,0.533297523084392,1.7321339845657349,0.00021062932501081377,0.1039724,0.3178082718965916,1.011083960533142,0.13350166380405426,0.3146419,0.9704499487820274,1.9356307983398438,0.20492978394031525,0.24304903,0.9581536558083186,1.9246782064437866,0.11956366151571274,0.36018276,0.9446924548512946,1.6033838987350464,0.23772704601287842,0.24855185,0.9671253671773568,1.7487609386444092,0.13223005831241608,0.25706124,0.9507233467954243,1.6858315467834473,0.29662200808525085,0.17963679,0.9691994173331047,1.6151028871536255,0.09776126593351364,0.41230562,0.9962653527175503,1.9704488515853882,0.18358416855335236,0.276564,0.984568087753796,1.813968539237976,0.11287157237529755,0.4765962,1.0221025089265374,2.2561140060424805,0.19415868818759918,0.23067072,0.9838216636056865,2.182579755783081,0.11809244751930237,0.30199677,0.9958506995842596,2.371609926223755,0.20325084030628204,0.22315966,0.9812973856668897,2.1695356369018555,0.2073889672756195,0.27148286,0.9899048054269389,1.9767789840698242,0.14023801684379578,0.3944633,1.023959356316924,2.343376874923706,0.17558935284614563,0.4265815,0.9592328074034602,2.0083165168762207,0.16644008457660675,0.42284945,0.946534712682321,2.140002727508545,0.19891028106212616,0.29937837,0.9739483004265305,1.8869168758392334,0.2654305398464203,0.41042668,0.9101584595649572,2.5232391357421875,0.5715677738189697,0.49241397,0.47083176497951124,1.9841039180755615,0.2333829551935196,0.23720309,0.399131027185868,2.1873373985290527,0.15679970383644104,0.2403155,0.6599896642039399,3.237973690032959
0,0.039905671030282974,0.25936124,0.7299809975808906,2.4939138889312744,0.0035200004931539297,0.14322416,0.5339737051494973,1.567265272140503,0.00011420717055443674,0.11047987,0.31017086766332885,1.145300030708313,0.13074983656406403,0.3368146,0.9687470654748046,1.8740227222442627,0.22481632232666016,0.26504135,0.9546456665612316,1.7644801139831543,0.12988291680812836,0.39300525,0.9364318977232062,1.6908971071243286,0.27018970251083374,0.28826937,0.9678126096645877,1.5048599243164062,0.16480404138565063,0.22301762,0.9488086635263162,1.7872675657272339,0.2994665801525116,0.17498066,0.9729296396858835,1.445749044418335,0.12043888866901398,0.44362926,1.0040452420552042,1.8553434610366821,0.20539215207099915,0.2980065,0.9875642121933862,1.8492151498794556,0.1228911504149437,0.49170312,1.0304898299024783,2.031381130218506,0.21140755712985992,0.23606546,0.9851977591658123,2.241028308868408,0.12171563506126404,0.32317737,0.9936218358362214,2.3279190063476562,0.2252306342124939,0.23423253,0.9817275753856073,2.068145751953125,0.21672405302524567,0.28661513,0.9915437869371594,2.057746171951294,0.3190244436264038,0.37482387,1.0156967906751448,2.9143388271331787,0.2220459282398224,0.453171,0.9383366056306843,2.118776321411133,0.21335528790950775,0.43579268,0.9329712905734702,2.163731336593628,0.23304374516010284,0.30993325,0.9614244027521985,1.8245017528533936,0.3328780233860016,0.47938415,0.8816259629691663,2.372342586517334,0.6271657347679138,0.45434582,0.4528711646965929,1.7882909774780273,0.24799177050590515,0.25067967,0.38634554294891676,2.2153029441833496,0.1589856594800949,0.23107912,0.6576907328610974,3.201965093612671
0,0.03636392578482628,0.25396153,0.7582365328174409,3.0047597885131836,0.012346570380032063,0.1545406,0.5734960675726621,2.176270008087158,0.0005423839902505279,0.14511657,0.3249181442212431,1.0878264904022217,0.11492870002985,0.35165706,0.9671897920140775,1.8262598514556885,0.19617360830307007,0.25071353,0.9481358879280994,1.6421841382980347,0.10939700901508331,0.34785625,0.938877497816559,2.014521360397339,0.2120913863182068,0.27172676,0.9534164082432257,1.786037802696228,0.1005944162607193,0.26276177,0.9381663575036506,1.7548233270645142,0.29394835233688354,0.19038093,0.9647342044075391,1.3465960025787354,0.06898903846740723,0.43647233,0.991545203706508,2.094437599182129,0.1915121227502823,0.257432,0.9790734290817448,1.6880760192871094,0.10604830086231232,0.4939504,1.0062070509490515,2.1834304332733154,0.1769438534975052,0.22319508,0.9721631520999099,2.2458677291870117,0.08975133299827576,0.32753342,0.9878790140988936,2.1441407203674316,0.14800527691841125,0.22498952,0.9768573690184483,2.2793972492218018,0.1755845546722412,0.3015495,0.9776538715705916,1.886179804801941,0.05510399863123894,0.40888187,1.0077625785222628,2.4986066818237305,0.1227182075381279,0.45160356,0.9413506227179327,2.2192652225494385,0.11764552444219589,0.49066478,0.9250965252092398,2.308220386505127,0.15421369671821594,0.33706623,0.9416550214937026,2.105797529220581,0.20501868426799774,0.41436458,0.8789748430849845,2.594956398010254,0.5101926922798157,0.49857038,0.5019563640381179,2.1530840396881104,0.23060764372348785,0.1940827,0.4012716413021053,2.31676983833313,0.14104194939136505,0.15748376,0.6440545514775814,3.225905179977417
0,0.040398940443992615,0.26407775,0.7336407707567273,3.0060627460479736,0.017014462500810623,0.18115357,0.5440028851835084,2.2016279697418213,0.00032296593417413533,0.15637359,0.3181457459288383,1.4474347829818726,0.11662056297063828,0.35723773,0.9661338600583638,1.7946116924285889,0.18715660274028778,0.29458994,0.9499486991107334,2.0392825603485107,0.10083264857530594,0.40113497,0.9487495385968633,1.5314815044403076,0.2006208598613739,0.3317767,0.9586907431855075,1.7811155319213867,0.11382046341896057,0.27572364,0.9549717170325914,1.817295789718628,0.2960367202758789,0.20923918,0.9615068014910209,1.5058164596557617,0.06966354697942734,0.4544267,0.9831427336309292,1.9614111185073853,0.1671665459871292,0.3286322,0.9717959010144889,1.5885350704193115,0.07680997252464294,0.54903996,1.001429330767167,2.0383198261260986,0.18583770096302032,0.27007374,0.96956430064908,2.1173572540283203,0.10278213769197464,0.4132065,0.9843180987408194,2.3449959754943848,0.16753143072128296,0.3214453,0.9699628592321003,2.2776787281036377,0.15604035556316376,0.3532108,0.9793070029399644,2.2229180335998535,0.05732057988643646,0.38729075,1.0070357588241463,2.082369327545166,0.12542594969272614,0.48780212,0.960232281122432,1.9906623363494873,0.10456695407629013,0.49746588,0.9544364817285438,1.8170311450958252,0.13780468702316284,0.3691309,0.9762607503248003,1.9115874767303467,0.18652227520942688,0.54182714,0.9254055107181149,2.515967845916748,0.5364922285079956,0.4870263,0.4861386773386106,2.1670081615448,0.22446738183498383,0.18459944,0.40018150640839095,2.3832814693450928,0.14621619880199432,0.15481481,0.6888550688452273,3.42337965965271
